parity 952;
0 0 0 12,909 "Odd-12-A-4";
1 0 0 3,915 "Odd-12-A-1";
2 0 0 3,914 "Odd-12-B-1";
3 0 1 4,5 "Odd-12-S-2";
4 0 0 6,913 "Odd-12-A-2";
5 0 0 6,912 "Odd-12-B-2";
6 0 1 7,8 "Odd-12-S-3";
7 0 0 9,911 "Odd-12-A-3";
8 0 0 9,910 "Odd-12-B-3";
9 0 1 0,11 "Odd-12-S-4";
10 0 1 1,2 "Odd-12-S-1";
11 0 0 12,908 "Odd-12-B-4";
12 0 1 13,14 "Odd-12-S-5";
13 0 0 15,907 "Odd-12-A-5";
14 0 0 15,906 "Odd-12-B-5";
15 0 1 16,17 "Odd-12-S-6";
16 0 0 18,905 "Odd-12-A-6";
17 0 0 18,904 "Odd-12-B-6";
18 0 1 19,30 "Odd-12-S-7";
19 0 0 59,903 "Odd-12-A-7";
20 0 0 32,899 "Odd-11-A-9";
21 0 0 23,905 "Odd-11-A-6";
22 0 0 23,904 "Odd-11-B-6";
23 0 1 24,25 "Odd-11-S-7";
24 0 0 26,903 "Odd-11-A-7";
25 0 0 26,902 "Odd-11-B-7";
26 0 1 27,28 "Odd-11-S-8";
27 0 0 29,901 "Odd-11-A-8";
28 0 0 29,900 "Odd-11-B-8";
29 0 1 20,31 "Odd-11-S-9";
30 0 0 59,902 "Odd-12-B-7";
31 0 0 32,898 "Odd-11-B-9";
32 0 1 33,34 "Odd-11-S-10";
33 0 0 35,897 "Odd-11-A-10";
34 0 0 35,896 "Odd-11-B-10";
35 0 1 695,894,892,890,888,886,884 "Odd-11-Z";
36 0 1 37,38 "Odd-12-S-0";
37 0 0 10,917 "Odd-12-A-0";
38 0 0 10,916 "Odd-12-B-0";
39 0 1 50,51 "Odd-13-S-5";
40 0 1 41,42 "Odd-13-S-2";
41 0 0 43,913 "Odd-13-A-2";
42 0 0 43,912 "Odd-13-B-2";
43 0 1 44,45 "Odd-13-S-3";
44 0 0 46,911 "Odd-13-A-3";
45 0 0 46,910 "Odd-13-B-3";
46 0 1 47,48 "Odd-13-S-4";
47 0 0 39,909 "Odd-13-A-4";
48 0 0 39,908 "Odd-13-B-4";
49 0 0 40,914 "Odd-13-B-1";
50 0 0 52,907 "Odd-13-A-5";
51 0 0 52,906 "Odd-13-B-5";
52 0 1 53,54 "Odd-13-S-6";
53 0 0 55,905 "Odd-13-A-6";
54 0 0 55,904 "Odd-13-B-6";
55 0 1 56,57 "Odd-13-S-7";
56 0 0 145,903 "Odd-13-A-7";
57 0 0 145,902 "Odd-13-B-7";
58 0 1 69,70 "Odd-12-S-11";
59 0 1 60,61 "Odd-12-S-8";
60 0 0 62,901 "Odd-12-A-8";
61 0 0 62,900 "Odd-12-B-8";
62 0 1 63,64 "Odd-12-S-9";
63 0 0 65,899 "Odd-12-A-9";
64 0 0 65,898 "Odd-12-B-9";
65 0 1 66,67 "Odd-12-S-10";
66 0 0 58,897 "Odd-12-A-10";
67 0 0 58,896 "Odd-12-B-10";
68 0 0 299,906 "Odd-11-B-5";
69 0 0 71,895 "Odd-12-A-11";
70 0 0 71,894 "Odd-12-B-11";
71 0 1 848,892,890,888,886,884 "Odd-12-Z";
72 0 1 73,74 "Odd-13-S-0";
73 0 0 75,917 "Odd-13-A-0";
74 0 0 75,916 "Odd-13-B-0";
75 0 1 76,49 "Odd-13-S-1";
76 0 0 40,915 "Odd-13-A-1";
77 0 1 88,89 "Odd-10-S-0";
78 0 0 80,905 "Odd-9-A-6";
79 0 0 80,904 "Odd-9-B-6";
80 0 1 81,82 "Odd-9-S-7";
81 0 0 83,903 "Odd-9-A-7";
82 0 0 83,902 "Odd-9-B-7";
83 0 1 84,85 "Odd-9-S-8";
84 0 0 86,901 "Odd-9-A-8";
85 0 0 86,900 "Odd-9-B-8";
86 0 1 726,898,896,894,892,890,888,886,884 "Odd-9-Z";
87 0 1 78,79 "Odd-9-S-6";
88 0 0 90,917 "Odd-10-A-0";
89 0 0 90,916 "Odd-10-B-0";
90 0 1 91,92 "Odd-10-S-1";
91 0 0 93,915 "Odd-10-A-1";
92 0 0 93,914 "Odd-10-B-1";
93 0 1 94,95 "Odd-10-S-2";
94 0 0 96,913 "Odd-10-A-2";
95 0 0 96,912 "Odd-10-B-2";
96 0 1 107,136 "Odd-10-S-3";
97 0 1 108,109 "Odd-9-S-3";
98 0 1 99,100 "Odd-9-S-0";
99 0 0 101,917 "Odd-9-A-0";
100 0 0 101,916 "Odd-9-B-0";
101 0 1 102,103 "Odd-9-S-1";
102 0 0 104,915 "Odd-9-A-1";
103 0 0 104,914 "Odd-9-B-1";
104 0 1 105,106 "Odd-9-S-2";
105 0 0 97,913 "Odd-9-A-2";
106 0 0 97,912 "Odd-9-B-2";
107 0 0 137,911 "Odd-10-A-3";
108 0 0 110,911 "Odd-9-A-3";
109 0 0 110,910 "Odd-9-B-3";
110 0 1 111,112 "Odd-9-S-4";
111 0 0 113,909 "Odd-9-A-4";
112 0 0 113,908 "Odd-9-B-4";
113 0 1 114,115 "Odd-9-S-5";
114 0 0 87,907 "Odd-9-A-5";
115 0 0 87,906 "Odd-9-B-5";
116 0 0 127,912 "Odd-11-B-2";
117 0 1 741,896,894,892,890,888,886,884 "Odd-10-Z";
118 0 1 119,120 "Odd-11-S-0";
119 0 0 121,917 "Odd-11-A-0";
120 0 0 121,916 "Odd-11-B-0";
121 0 1 122,123 "Odd-11-S-1";
122 0 0 124,915 "Odd-11-A-1";
123 0 0 124,914 "Odd-11-B-1";
124 0 1 125,116 "Odd-11-S-2";
125 0 0 127,913 "Odd-11-A-2";
126 0 0 117,898 "Odd-10-B-9";
127 0 1 128,129 "Odd-11-S-3";
128 0 0 130,911 "Odd-11-A-3";
129 0 0 130,910 "Odd-11-B-3";
130 0 1 131,132 "Odd-11-S-4";
131 0 0 133,909 "Odd-11-A-4";
132 0 0 133,908 "Odd-11-B-4";
133 0 1 134,68 "Odd-11-S-5";
134 0 0 299,907 "Odd-11-A-5";
135 0 0 146,904 "Odd-10-B-6";
136 0 0 137,910 "Odd-10-B-3";
137 0 1 138,139 "Odd-10-S-4";
138 0 0 140,909 "Odd-10-A-4";
139 0 0 140,908 "Odd-10-B-4";
140 0 1 141,142 "Odd-10-S-5";
141 0 0 143,907 "Odd-10-A-5";
142 0 0 143,906 "Odd-10-B-5";
143 0 1 144,135 "Odd-10-S-6";
144 0 0 146,905 "Odd-10-A-6";
145 0 1 252,253 "Odd-13-S-8";
146 0 1 147,148 "Odd-10-S-7";
147 0 0 149,903 "Odd-10-A-7";
148 0 0 149,902 "Odd-10-B-7";
149 0 1 150,151 "Odd-10-S-8";
150 0 0 152,901 "Odd-10-A-8";
151 0 0 152,900 "Odd-10-B-8";
152 0 1 153,126 "Odd-10-S-9";
153 0 0 117,899 "Odd-10-A-9";
154 0 0 166,917 "Odd-16-A-0";
155 0 0 156,892 "Odd-15-B-12";
156 0 1 157,158 "Odd-15-S-13";
157 0 0 159,891 "Odd-15-A-13";
158 0 0 159,890 "Odd-15-B-13";
159 0 1 160,161 "Odd-15-S-14";
160 0 0 162,889 "Odd-15-A-14";
161 0 0 162,888 "Odd-15-B-14";
162 0 1 634,886,884 "Odd-15-Z";
163 0 1 154,165 "Odd-16-S-0";
164 0 0 156,893 "Odd-15-A-12";
165 0 0 166,916 "Odd-16-B-0";
166 0 1 167,168 "Odd-16-S-1";
167 0 0 169,915 "Odd-16-A-1";
168 0 0 169,914 "Odd-16-B-1";
169 0 1 170,171 "Odd-16-S-2";
170 0 0 172,913 "Odd-16-A-2";
171 0 0 172,912 "Odd-16-B-2";
172 0 1 173,184 "Odd-16-S-3";
173 0 0 213,911 "Odd-16-A-3";
174 0 0 186,899 "Odd-15-A-9";
175 0 0 177,905 "Odd-15-A-6";
176 0 0 177,904 "Odd-15-B-6";
177 0 1 178,179 "Odd-15-S-7";
178 0 0 180,903 "Odd-15-A-7";
179 0 0 180,902 "Odd-15-B-7";
180 0 1 181,182 "Odd-15-S-8";
181 0 0 183,901 "Odd-15-A-8";
182 0 0 183,900 "Odd-15-B-8";
183 0 1 174,185 "Odd-15-S-9";
184 0 0 213,910 "Odd-16-B-3";
185 0 0 186,898 "Odd-15-B-9";
186 0 1 187,188 "Odd-15-S-10";
187 0 0 189,897 "Odd-15-A-10";
188 0 0 189,896 "Odd-15-B-10";
189 0 1 190,191 "Odd-15-S-11";
190 0 0 192,895 "Odd-15-A-11";
191 0 0 192,894 "Odd-15-B-11";
192 0 1 164,155 "Odd-15-S-12";
193 0 0 205,891 "Odd-16-A-13";
194 0 0 196,897 "Odd-16-A-10";
195 0 0 196,896 "Odd-16-B-10";
196 0 1 197,198 "Odd-16-S-11";
197 0 0 199,895 "Odd-16-A-11";
198 0 0 199,894 "Odd-16-B-11";
199 0 1 200,201 "Odd-16-S-12";
200 0 0 202,893 "Odd-16-A-12";
201 0 0 202,892 "Odd-16-B-12";
202 0 1 193,204 "Odd-16-S-13";
203 0 1 194,195 "Odd-16-S-10";
204 0 0 205,890 "Odd-16-B-13";
205 0 1 206,207 "Odd-16-S-14";
206 0 0 208,889 "Odd-16-A-14";
207 0 0 208,888 "Odd-16-B-14";
208 0 1 209,210 "Odd-16-S-15";
209 0 0 211,887 "Odd-16-A-15";
210 0 0 211,886 "Odd-16-B-15";
211 0 1 564,884 "Odd-16-Z";
212 0 1 223,224 "Odd-16-S-7";
213 0 1 214,215 "Odd-16-S-4";
214 0 0 216,909 "Odd-16-A-4";
215 0 0 216,908 "Odd-16-B-4";
216 0 1 217,218 "Odd-16-S-5";
217 0 0 219,907 "Odd-16-A-5";
218 0 0 219,906 "Odd-16-B-5";
219 0 1 220,221 "Odd-16-S-6";
220 0 0 212,905 "Odd-16-A-6";
221 0 0 212,904 "Odd-16-B-6";
222 0 1 175,176 "Odd-15-S-6";
223 0 0 225,903 "Odd-16-A-7";
224 0 0 225,902 "Odd-16-B-7";
225 0 1 226,227 "Odd-16-S-8";
226 0 0 228,901 "Odd-16-A-8";
227 0 0 228,900 "Odd-16-B-8";
228 0 1 229,230 "Odd-16-S-9";
229 0 0 203,899 "Odd-16-A-9";
230 0 0 203,898 "Odd-16-B-9";
231 0 0 243,909 "Odd-14-A-4";
232 0 0 234,915 "Odd-14-A-1";
233 0 0 234,914 "Odd-14-B-1";
234 0 1 235,236 "Odd-14-S-2";
235 0 0 237,913 "Odd-14-A-2";
236 0 0 237,912 "Odd-14-B-2";
237 0 1 238,239 "Odd-14-S-3";
238 0 0 240,911 "Odd-14-A-3";
239 0 0 240,910 "Odd-14-B-3";
240 0 1 231,242 "Odd-14-S-4";
241 0 1 232,233 "Odd-14-S-1";
242 0 0 243,908 "Odd-14-B-4";
243 0 1 244,245 "Odd-14-S-5";
244 0 0 246,907 "Odd-14-A-5";
245 0 0 246,906 "Odd-14-B-5";
246 0 1 247,248 "Odd-14-S-6";
247 0 0 249,905 "Odd-14-A-6";
248 0 0 249,904 "Odd-14-B-6";
249 0 1 250,261 "Odd-14-S-7";
250 0 0 290,903 "Odd-14-A-7";
251 0 0 263,895 "Odd-13-A-11";
252 0 0 254,901 "Odd-13-A-8";
253 0 0 254,900 "Odd-13-B-8";
254 0 1 255,256 "Odd-13-S-9";
255 0 0 257,899 "Odd-13-A-9";
256 0 0 257,898 "Odd-13-B-9";
257 0 1 258,259 "Odd-13-S-10";
258 0 0 260,897 "Odd-13-A-10";
259 0 0 260,896 "Odd-13-B-10";
260 0 1 251,262 "Odd-13-S-11";
261 0 0 290,902 "Odd-14-B-7";
262 0 0 263,894 "Odd-13-B-11";
263 0 1 264,265 "Odd-13-S-12";
264 0 0 266,893 "Odd-13-A-12";
265 0 0 266,892 "Odd-13-B-12";
266 0 1 836,890,888,886,884 "Odd-13-Z";
267 0 1 268,269 "Odd-14-S-0";
268 0 0 241,917 "Odd-14-A-0";
269 0 0 241,916 "Odd-14-B-0";
270 0 1 281,282 "Odd-15-S-3";
271 0 1 272,273 "Odd-15-S-0";
272 0 0 274,917 "Odd-15-A-0";
273 0 0 274,916 "Odd-15-B-0";
274 0 1 275,276 "Odd-15-S-1";
275 0 0 277,915 "Odd-15-A-1";
276 0 0 277,914 "Odd-15-B-1";
277 0 1 278,279 "Odd-15-S-2";
278 0 0 270,913 "Odd-15-A-2";
279 0 0 270,912 "Odd-15-B-2";
280 0 1 495,888,886,884 "Odd-14-Z";
281 0 0 283,911 "Odd-15-A-3";
282 0 0 283,910 "Odd-15-B-3";
283 0 1 284,285 "Odd-15-S-4";
284 0 0 286,909 "Odd-15-A-4";
285 0 0 286,908 "Odd-15-B-4";
286 0 1 287,288 "Odd-15-S-5";
287 0 0 222,907 "Odd-15-A-5";
288 0 0 222,906 "Odd-15-B-5";
289 0 1 300,301 "Odd-14-S-11";
290 0 1 291,292 "Odd-14-S-8";
291 0 0 293,901 "Odd-14-A-8";
292 0 0 293,900 "Odd-14-B-8";
293 0 1 294,295 "Odd-14-S-9";
294 0 0 296,899 "Odd-14-A-9";
295 0 0 296,898 "Odd-14-B-9";
296 0 1 297,298 "Odd-14-S-10";
297 0 0 289,897 "Odd-14-A-10";
298 0 0 289,896 "Odd-14-B-10";
299 0 1 21,22 "Odd-11-S-6";
300 0 0 302,895 "Odd-14-A-11";
301 0 0 302,894 "Odd-14-B-11";
302 0 1 303,304 "Odd-14-S-12";
303 0 0 305,893 "Odd-14-A-12";
304 0 0 305,892 "Odd-14-B-12";
305 0 1 306,307 "Odd-14-S-13";
306 0 0 280,891 "Odd-14-A-13";
307 0 0 280,890 "Odd-14-B-13";
308 0 0 316,916 "Odd-7-B-0";
309 0 1 317,326 "Odd-8-S-2";
310 0 0 309,914 "Odd-8-B-1";
311 0 0 309,915 "Odd-8-A-1";
312 0 1 311,310 "Odd-8-S-1";
313 0 0 312,916 "Odd-8-B-0";
314 0 0 312,917 "Odd-8-A-0";
315 0 1 314,313 "Odd-8-S-0";
316 0 1 335,336 "Odd-7-S-1";
317 0 0 327,913 "Odd-8-A-2";
318 0 0 316,917 "Odd-7-A-0";
319 0 1 318,308 "Odd-7-S-0";
320 0 1 321,325 "Odd-5-S-0";
321 0 0 373,917 "Odd-5-A-0";
322 0 0 324,907 "Odd-6-A-5";
323 0 0 324,906 "Odd-6-B-5";
324 0 1 837,904,902,900,898,896,894,892,890,888,886,884 "Odd-6-Z";
325 0 0 373,916 "Odd-5-B-0";
326 0 0 327,912 "Odd-8-B-2";
327 0 1 328,329 "Odd-8-S-3";
328 0 0 330,911 "Odd-8-A-3";
329 0 0 330,910 "Odd-8-B-3";
330 0 1 331,332 "Odd-8-S-4";
331 0 0 333,909 "Odd-8-A-4";
332 0 0 333,908 "Odd-8-B-4";
333 0 1 334,421 "Odd-8-S-5";
334 0 0 422,907 "Odd-8-A-5";
335 0 0 408,915 "Odd-7-A-1";
336 0 0 408,914 "Odd-7-B-1";
337 0 0 358,904 "Odd-7-B-6";
338 0 0 358,905 "Odd-7-A-6";
339 0 1 338,337 "Odd-7-S-6";
340 0 0 339,906 "Odd-7-B-5";
341 0 0 349,912 "Odd-5-B-2";
342 0 0 359,915 "Odd-4-A-1";
343 0 1 446,906,904,902,900,898,896,894,892,890,888,886,884 "Odd-5-Z";
344 0 0 343,908 "Odd-5-B-4";
345 0 0 343,909 "Odd-5-A-4";
346 0 1 345,344 "Odd-5-S-4";
347 0 0 346,910 "Odd-5-B-3";
348 0 0 346,911 "Odd-5-A-3";
349 0 1 348,347 "Odd-5-S-3";
350 0 0 359,914 "Odd-4-B-1";
351 0 0 349,913 "Odd-5-A-2";
352 0 1 351,341 "Odd-5-S-2";
353 0 0 352,914 "Odd-5-B-1";
354 0 1 355,356 "Odd-4-S-0";
355 0 0 357,917 "Odd-4-A-0";
356 0 0 357,916 "Odd-4-B-0";
357 0 1 342,350 "Odd-4-S-1";
358 0 1 808,902,900,898,896,894,892,890,888,886,884 "Odd-7-Z";
359 0 1 370,371 "Odd-4-S-2";
360 0 1 619,910,908,906,904,902,900,898,896,894,892,890,888,886,884 "Odd-3-Z";
361 0 0 360,912 "Odd-3-B-2";
362 0 0 360,913 "Odd-3-A-2";
363 0 1 362,361 "Odd-3-S-2";
364 0 0 363,914 "Odd-3-B-1";
365 0 0 363,915 "Odd-3-A-1";
366 0 1 365,364 "Odd-3-S-1";
367 0 0 366,916 "Odd-3-B-0";
368 0 0 366,917 "Odd-3-A-0";
369 0 1 368,367 "Odd-3-S-0";
370 0 0 418,913 "Odd-4-A-2";
371 0 0 418,912 "Odd-4-B-2";
372 0 0 352,915 "Odd-5-A-1";
373 0 1 372,353 "Odd-5-S-1";
374 0 1 384,385 "Odd-6-S-4";
375 0 0 376,916 "Odd-2-B-0";
376 0 1 377,378 "Odd-2-S-1";
377 0 0 379,915 "Odd-2-A-1";
378 0 0 379,914 "Odd-2-B-1";
379 0 1 558,912,910,908,906,904,902,900,898,896,894,892,890,888,886,884 "Odd-2-Z";
380 0 1 381,382 "Odd-6-S-3";
381 0 0 374,911 "Odd-6-A-3";
382 0 0 374,910 "Odd-6-B-3";
383 0 0 376,917 "Odd-2-A-0";
384 0 0 420,909 "Odd-6-A-4";
385 0 0 420,908 "Odd-6-B-4";
386 0 1 740,900,898,896,894,892,890,888,886,884 "Odd-8-Z";
387 0 0 386,902 "Odd-8-B-7";
388 0 0 386,903 "Odd-8-A-7";
389 0 1 388,387 "Odd-8-S-7";
390 0 0 389,904 "Odd-8-B-6";
391 0 1 423,340 "Odd-7-S-5";
392 0 1 383,375 "Odd-2-S-0";
393 0 0 380,912 "Odd-6-B-2";
394 0 0 380,913 "Odd-6-A-2";
395 0 1 394,393 "Odd-6-S-2";
396 0 0 395,914 "Odd-6-B-1";
397 0 0 395,915 "Odd-6-A-1";
398 0 1 397,396 "Odd-6-S-1";
399 0 0 398,916 "Odd-6-B-0";
400 0 0 398,917 "Odd-6-A-0";
401 0 1 550,914,912,910,908,906,904,902,900,898,896,894,892,890,888,886,884 "Odd-1-Z";
402 0 0 401,916 "Odd-1-B-0";
403 0 0 401,917 "Odd-1-A-0";
404 0 1 403,402 "Odd-1-S-0";
405 0 1 400,399 "Odd-6-S-0";
406 0 1 545,916,914,912,910,908,906,904,902,900,898,896,894,892,890,888,886,884 "Odd-0-Z";
407 0 0 416,911 "Odd-4-A-3";
408 0 1 409,410 "Odd-7-S-2";
409 0 0 411,913 "Odd-7-A-2";
410 0 0 411,912 "Odd-7-B-2";
411 0 1 414,415 "Odd-7-S-3";
412 0 0 391,909 "Odd-7-A-4";
413 0 0 391,908 "Odd-7-B-4";
414 0 0 419,911 "Odd-7-A-3";
415 0 0 419,910 "Odd-7-B-3";
416 0 1 633,908,906,904,902,900,898,896,894,892,890,888,886,884 "Odd-4-Z";
417 0 0 416,910 "Odd-4-B-3";
418 0 1 407,417 "Odd-4-S-3";
419 0 1 412,413 "Odd-7-S-4";
420 0 1 322,323 "Odd-6-S-5";
421 0 0 422,906 "Odd-8-B-5";
422 0 1 424,390 "Odd-8-S-6";
423 0 0 339,907 "Odd-7-A-5";
424 0 0 389,905 "Odd-8-A-6";
425 1 1 437,910 "Even-5-A-3";
426 1 0 425,436 "Even-5-S-3";
427 1 0 624,607 "Even-15-S-2";
428 1 1 426,913 "Even-5-B-2";
429 1 1 490,896 "Even-14-A-10";
430 1 1 426,912 "Even-5-A-2";
431 1 1 433,916 "Even-15-A-0";
432 1 1 433,917 "Even-15-B-0";
433 1 0 434,435 "Even-15-S-1";
434 1 1 427,914 "Even-15-A-1";
435 1 1 427,915 "Even-15-B-1";
436 1 1 437,911 "Even-5-B-3";
437 1 0 449,448 "Even-5-S-4";
438 1 0 430,428 "Even-5-S-2";
439 1 1 438,915 "Even-5-B-1";
440 1 1 438,914 "Even-5-A-1";
441 1 0 440,439 "Even-5-S-1";
442 1 1 441,917 "Even-5-B-0";
443 1 1 441,916 "Even-5-A-0";
444 1 0 443,442 "Even-5-S-0";
445 1 0 431,432 "Even-15-S-0";
446 1 0 941,320 "Odd-5-T";
447 1 0 879,905,903,901,899,897,895,893,891,889,887,885 "Even-5-Z";
448 1 1 447,909 "Even-5-B-4";
449 1 1 447,908 "Even-5-A-4";
450 1 1 467,916 "Even-6-A-0";
451 1 0 465,509 "Even-14-S-4";
452 1 1 451,911 "Even-14-B-3";
453 1 1 451,910 "Even-14-A-3";
454 1 0 453,452 "Even-14-S-3";
455 1 1 454,913 "Even-14-B-2";
456 1 1 454,912 "Even-14-A-2";
457 1 0 456,455 "Even-14-S-2";
458 1 1 457,915 "Even-14-B-1";
459 1 1 457,914 "Even-14-A-1";
460 1 0 459,458 "Even-14-S-1";
461 1 1 460,917 "Even-14-B-0";
462 1 1 460,916 "Even-14-A-0";
463 1 0 462,461 "Even-14-S-0";
464 1 0 450,466 "Even-6-S-0";
465 1 1 508,908 "Even-14-A-4";
466 1 1 467,917 "Even-6-B-0";
467 1 0 468,469 "Even-6-S-1";
468 1 1 470,914 "Even-6-A-1";
469 1 1 470,915 "Even-6-B-1";
470 1 0 471,472 "Even-6-S-2";
471 1 1 473,912 "Even-6-A-2";
472 1 1 473,913 "Even-6-B-2";
473 1 0 474,475 "Even-6-S-3";
474 1 1 476,910 "Even-6-A-3";
475 1 1 476,911 "Even-6-B-3";
476 1 0 477,478 "Even-6-S-4";
477 1 1 479,908 "Even-6-A-4";
478 1 1 479,909 "Even-6-B-4";
479 1 0 839,753 "Even-6-S-5";
480 1 1 493,898 "Even-14-A-9";
481 1 0 867,887,885 "Even-14-Z";
482 1 1 481,891 "Even-14-B-13";
483 1 1 481,890 "Even-14-A-13";
484 1 0 483,482 "Even-14-S-13";
485 1 1 484,893 "Even-14-B-12";
486 1 1 484,892 "Even-14-A-12";
487 1 0 486,485 "Even-14-S-12";
488 1 1 487,895 "Even-14-B-11";
489 1 1 487,894 "Even-14-A-11";
490 1 0 489,488 "Even-14-S-11";
491 1 1 490,897 "Even-14-B-10";
492 1 0 580,581 "Even-15-S-9";
493 1 0 429,491 "Even-14-S-10";
494 1 1 493,899 "Even-14-B-9";
495 1 0 923,267 "Odd-14-T";
496 1 0 480,494 "Even-14-S-9";
497 1 1 496,901 "Even-14-B-8";
498 1 1 496,900 "Even-14-A-8";
499 1 0 498,497 "Even-14-S-8";
500 1 1 499,903 "Even-14-B-7";
501 1 1 499,902 "Even-14-A-7";
502 1 0 501,500 "Even-14-S-7";
503 1 1 502,905 "Even-14-B-6";
504 1 1 502,904 "Even-14-A-6";
505 1 0 504,503 "Even-14-S-6";
506 1 1 505,907 "Even-14-B-5";
507 1 1 505,906 "Even-14-A-5";
508 1 0 507,506 "Even-14-S-5";
509 1 1 508,909 "Even-14-B-4";
510 1 0 520,521 "Even-16-S-10";
511 1 1 513,902 "Even-16-A-7";
512 1 1 513,903 "Even-16-B-7";
513 1 0 514,515 "Even-16-S-8";
514 1 1 516,900 "Even-16-A-8";
515 1 1 516,901 "Even-16-B-8";
516 1 0 517,518 "Even-16-S-9";
517 1 1 510,898 "Even-16-A-9";
518 1 1 510,899 "Even-16-B-9";
519 1 0 511,512 "Even-16-S-7";
520 1 1 522,896 "Even-16-A-10";
521 1 1 522,897 "Even-16-B-10";
522 1 0 523,524 "Even-16-S-11";
523 1 1 525,894 "Even-16-A-11";
524 1 1 525,895 "Even-16-B-11";
525 1 0 526,527 "Even-16-S-12";
526 1 1 574,892 "Even-16-A-12";
527 1 1 574,893 "Even-16-B-12";
528 1 1 519,905 "Even-16-B-6";
529 1 1 519,904 "Even-16-A-6";
530 1 0 529,528 "Even-16-S-6";
531 1 1 530,907 "Even-16-B-5";
532 1 1 530,906 "Even-16-A-5";
533 1 0 532,531 "Even-16-S-5";
534 1 1 533,909 "Even-16-B-4";
535 1 1 533,908 "Even-16-A-4";
536 1 0 535,534 "Even-16-S-4";
537 1 1 536,911 "Even-16-B-3";
538 1 1 536,910 "Even-16-A-3";
539 1 0 538,537 "Even-16-S-3";
540 1 1 539,913 "Even-16-B-2";
541 1 1 539,912 "Even-16-A-2";
542 1 0 541,540 "Even-16-S-2";
543 1 0 560,561 "Even-3-S-0";
544 1 0 873,915,913,911,909,907,905,903,901,899,897,895,893,891,889,887,885 "Even-0-Z";
545 1 0 951,406 "Odd-0-T";
546 1 0 547,548 "Even-1-S-0";
547 1 1 549,916 "Even-1-A-0";
548 1 1 549,917 "Even-1-B-0";
549 1 0 869,913,911,909,907,905,903,901,899,897,895,893,891,889,887,885 "Even-1-Z";
550 1 0 949,404 "Odd-1-T";
551 1 0 552,553 "Even-2-S-0";
552 1 1 554,916 "Even-2-A-0";
553 1 1 554,917 "Even-2-B-0";
554 1 0 555,556 "Even-2-S-1";
555 1 1 557,914 "Even-2-A-1";
556 1 1 557,915 "Even-2-B-1";
557 1 0 872,911,909,907,905,903,901,899,897,895,893,891,889,887,885 "Even-2-Z";
558 1 0 947,392 "Odd-2-T";
559 1 1 542,915 "Even-16-B-1";
560 1 1 562,916 "Even-3-A-0";
561 1 1 562,917 "Even-3-B-0";
562 1 0 563,614 "Even-3-S-1";
563 1 1 615,914 "Even-3-A-1";
564 1 0 919,163 "Odd-16-T";
565 1 0 878 "Even-16-Z";
566 1 1 565,887 "Even-16-B-15";
567 1 1 565,886 "Even-16-A-15";
568 1 0 567,566 "Even-16-S-15";
569 1 1 568,889 "Even-16-B-14";
570 1 1 568,888 "Even-16-A-14";
571 1 0 570,569 "Even-16-S-14";
572 1 1 571,891 "Even-16-B-13";
573 1 1 571,890 "Even-16-A-13";
574 1 0 573,572 "Even-16-S-13";
575 1 1 585,897 "Even-15-B-10";
576 1 0 577,578 "Even-15-S-8";
577 1 1 492,900 "Even-15-A-8";
578 1 1 492,901 "Even-15-B-8";
579 1 0 735,734 "Even-9-S-6";
580 1 1 582,898 "Even-15-A-9";
581 1 1 582,899 "Even-15-B-9";
582 1 0 583,575 "Even-15-S-10";
583 1 1 585,896 "Even-15-A-10";
584 1 1 576,903 "Even-15-B-7";
585 1 0 586,587 "Even-15-S-11";
586 1 1 588,894 "Even-15-A-11";
587 1 1 588,895 "Even-15-B-11";
588 1 0 589,590 "Even-15-S-12";
589 1 1 591,892 "Even-15-A-12";
590 1 1 591,893 "Even-15-B-12";
591 1 0 592,639 "Even-15-S-13";
592 1 1 638,890 "Even-15-A-13";
593 1 1 576,902 "Even-15-A-7";
594 1 0 593,584 "Even-15-S-7";
595 1 1 594,905 "Even-15-B-6";
596 1 1 594,904 "Even-15-A-6";
597 1 0 596,595 "Even-15-S-6";
598 1 1 597,907 "Even-15-B-5";
599 1 1 597,906 "Even-15-A-5";
600 1 0 599,598 "Even-15-S-5";
601 1 1 600,909 "Even-15-B-4";
602 1 1 600,908 "Even-15-A-4";
603 1 0 602,601 "Even-15-S-4";
604 1 1 603,911 "Even-15-B-3";
605 1 1 603,910 "Even-15-A-3";
606 1 0 605,604 "Even-15-S-3";
607 1 1 606,913 "Even-15-B-2";
608 1 1 626,914 "Even-4-A-1";
609 1 1 542,914 "Even-16-A-1";
610 1 0 609,559 "Even-16-S-1";
611 1 1 610,917 "Even-16-B-0";
612 1 1 610,916 "Even-16-A-0";
613 1 0 612,611 "Even-16-S-0";
614 1 1 615,915 "Even-3-B-1";
615 1 0 616,617 "Even-3-S-2";
616 1 1 618,912 "Even-3-A-2";
617 1 1 618,913 "Even-3-B-2";
618 1 0 874,909,907,905,903,901,899,897,895,893,891,889,887,885 "Even-3-Z";
619 1 0 945,369 "Odd-3-T";
620 1 0 621,622 "Even-4-S-0";
621 1 1 623,916 "Even-4-A-0";
622 1 1 623,917 "Even-4-B-0";
623 1 0 608,625 "Even-4-S-1";
624 1 1 606,912 "Even-15-A-2";
625 1 1 626,915 "Even-4-B-1";
626 1 0 627,628 "Even-4-S-2";
627 1 1 629,912 "Even-4-A-2";
628 1 1 629,913 "Even-4-B-2";
629 1 0 630,631 "Even-4-S-3";
630 1 1 632,910 "Even-4-A-3";
631 1 1 632,911 "Even-4-B-3";
632 1 0 877,907,905,903,901,899,897,895,893,891,889,887,885 "Even-4-Z";
633 1 0 943,354 "Odd-4-T";
634 1 0 921,271 "Odd-15-T";
635 1 0 880,885 "Even-15-Z";
636 1 1 635,889 "Even-15-B-14";
637 1 1 635,888 "Even-15-A-14";
638 1 0 637,636 "Even-15-S-14";
639 1 1 638,891 "Even-15-B-13";
640 1 1 651,906 "Even-11-A-5";
641 1 1 642,913 "Even-11-B-2";
642 1 0 643,644 "Even-11-S-3";
643 1 1 645,910 "Even-11-A-3";
644 1 1 645,911 "Even-11-B-3";
645 1 0 646,647 "Even-11-S-4";
646 1 1 648,908 "Even-11-A-4";
647 1 1 648,909 "Even-11-B-4";
648 1 0 640,650 "Even-11-S-5";
649 1 1 642,912 "Even-11-A-2";
650 1 1 651,907 "Even-11-B-5";
651 1 0 652,653 "Even-11-S-6";
652 1 1 654,904 "Even-11-A-6";
653 1 1 654,905 "Even-11-B-6";
654 1 0 655,656 "Even-11-S-7";
655 1 1 657,902 "Even-11-A-7";
656 1 1 657,903 "Even-11-B-7";
657 1 0 704,703 "Even-11-S-8";
658 1 0 649,641 "Even-11-S-2";
659 1 1 658,915 "Even-11-B-1";
660 1 1 658,914 "Even-11-A-1";
661 1 0 660,659 "Even-11-S-1";
662 1 1 661,917 "Even-11-B-0";
663 1 1 661,916 "Even-11-A-0";
664 1 0 663,662 "Even-11-S-0";
665 1 1 666,909 "Even-8-B-4";
666 1 0 667,668 "Even-8-S-5";
667 1 1 669,906 "Even-8-A-5";
668 1 1 669,907 "Even-8-B-5";
669 1 0 670,671 "Even-8-S-6";
670 1 1 672,904 "Even-8-A-6";
671 1 1 672,905 "Even-8-B-6";
672 1 0 689,738 "Even-8-S-7";
673 1 1 690,913 "Even-8-B-2";
674 1 0 840,846 "Even-12-S-2";
675 1 1 674,915 "Even-12-B-1";
676 1 1 674,914 "Even-12-A-1";
677 1 0 676,675 "Even-12-S-1";
678 1 1 677,917 "Even-12-B-0";
679 1 1 677,916 "Even-12-A-0";
680 1 0 679,678 "Even-12-S-0";
681 1 0 682,683 "Even-8-S-0";
682 1 1 684,916 "Even-8-A-0";
683 1 1 684,917 "Even-8-B-0";
684 1 0 685,686 "Even-8-S-1";
685 1 1 687,914 "Even-8-A-1";
686 1 1 687,915 "Even-8-B-1";
687 1 0 688,673 "Even-8-S-2";
688 1 1 690,912 "Even-8-A-2";
689 1 1 739,902 "Even-8-A-7";
690 1 0 691,692 "Even-8-S-3";
691 1 1 693,910 "Even-8-A-3";
692 1 1 693,911 "Even-8-B-3";
693 1 0 694,665 "Even-8-S-4";
694 1 1 666,908 "Even-8-A-4";
695 1 0 929,118 "Odd-11-T";
696 1 0 876,893,891,889,887,885 "Even-11-Z";
697 1 1 696,897 "Even-11-B-10";
698 1 1 696,896 "Even-11-A-10";
699 1 0 698,697 "Even-11-S-10";
700 1 1 699,899 "Even-11-B-9";
701 1 1 699,898 "Even-11-A-9";
702 1 0 701,700 "Even-11-S-9";
703 1 1 702,901 "Even-11-B-8";
704 1 1 702,900 "Even-11-A-8";
705 1 0 722,723 "Even-9-S-4";
706 1 1 721,917 "Even-10-B-0";
707 1 1 721,916 "Even-10-A-0";
708 1 0 707,706 "Even-10-S-0";
709 1 0 710,711 "Even-9-S-0";
710 1 1 712,916 "Even-9-A-0";
711 1 1 712,917 "Even-9-B-0";
712 1 0 713,714 "Even-9-S-1";
713 1 1 715,914 "Even-9-A-1";
714 1 1 715,915 "Even-9-B-1";
715 1 0 716,717 "Even-9-S-2";
716 1 1 718,912 "Even-9-A-2";
717 1 1 718,913 "Even-9-B-2";
718 1 0 719,720 "Even-9-S-3";
719 1 1 705,910 "Even-9-A-3";
720 1 1 705,911 "Even-9-B-3";
721 1 0 768,767 "Even-10-S-1";
722 1 1 724,908 "Even-9-A-4";
723 1 1 724,909 "Even-9-B-4";
724 1 0 725,736 "Even-9-S-5";
725 1 1 579,906 "Even-9-A-5";
726 1 0 933,98 "Odd-9-T";
727 1 0 871,897,895,893,891,889,887,885 "Even-9-Z";
728 1 1 727,901 "Even-9-B-8";
729 1 1 727,900 "Even-9-A-8";
730 1 0 729,728 "Even-9-S-8";
731 1 1 730,903 "Even-9-B-7";
732 1 1 730,902 "Even-9-A-7";
733 1 0 732,731 "Even-9-S-7";
734 1 1 733,905 "Even-9-B-6";
735 1 1 733,904 "Even-9-A-6";
736 1 1 579,907 "Even-9-B-5";
737 1 1 751,904 "Even-10-A-6";
738 1 1 739,903 "Even-8-B-7";
739 1 0 881,899,897,895,893,891,889,887,885 "Even-8-Z";
740 1 0 935,315 "Odd-8-T";
741 1 0 931,77 "Odd-10-T";
742 1 0 870,895,893,891,889,887,885 "Even-10-Z";
743 1 1 742,899 "Even-10-B-9";
744 1 1 742,898 "Even-10-A-9";
745 1 0 744,743 "Even-10-S-9";
746 1 1 745,901 "Even-10-B-8";
747 1 1 745,900 "Even-10-A-8";
748 1 0 747,746 "Even-10-S-8";
749 1 1 748,903 "Even-10-B-7";
750 1 1 748,902 "Even-10-A-7";
751 1 0 750,749 "Even-10-S-7";
752 1 1 751,905 "Even-10-B-6";
753 1 1 838,907 "Even-6-B-5";
754 1 0 737,752 "Even-10-S-6";
755 1 1 754,907 "Even-10-B-5";
756 1 1 754,906 "Even-10-A-5";
757 1 0 756,755 "Even-10-S-5";
758 1 1 757,909 "Even-10-B-4";
759 1 1 757,908 "Even-10-A-4";
760 1 0 759,758 "Even-10-S-4";
761 1 1 760,911 "Even-10-B-3";
762 1 1 760,910 "Even-10-A-3";
763 1 0 762,761 "Even-10-S-3";
764 1 1 763,913 "Even-10-B-2";
765 1 1 763,912 "Even-10-A-2";
766 1 0 765,764 "Even-10-S-2";
767 1 1 766,915 "Even-10-B-1";
768 1 1 766,914 "Even-10-A-1";
769 1 1 784,908 "Even-7-A-4";
770 1 1 771,907 "Even-13-B-5";
771 1 0 774,775 "Even-13-S-6";
772 1 1 773,913 "Even-7-B-2";
773 1 0 778,780 "Even-7-S-3";
774 1 1 776,904 "Even-13-A-6";
775 1 1 776,905 "Even-13-B-6";
776 1 0 777,779 "Even-13-S-7";
777 1 1 790,902 "Even-13-A-7";
778 1 1 781,910 "Even-7-A-3";
779 1 1 790,903 "Even-13-B-7";
780 1 1 781,911 "Even-7-B-3";
781 1 0 769,783 "Even-7-S-4";
782 1 1 771,906 "Even-13-A-5";
783 1 1 784,909 "Even-7-B-4";
784 1 0 785,786 "Even-7-S-5";
785 1 1 787,906 "Even-7-A-5";
786 1 1 787,907 "Even-7-B-5";
787 1 0 788,789 "Even-7-S-6";
788 1 1 792,904 "Even-7-A-6";
789 1 1 792,905 "Even-7-B-6";
790 1 0 791,793 "Even-13-S-8";
791 1 1 794,900 "Even-13-A-8";
792 1 0 882,901,899,897,895,893,891,889,887,885 "Even-7-Z";
793 1 1 794,901 "Even-13-B-8";
794 1 0 821,849 "Even-13-S-9";
795 1 1 810,911 "Even-13-B-3";
796 1 1 799,917 "Even-13-B-0";
797 1 1 799,916 "Even-13-A-0";
798 1 0 797,796 "Even-13-S-0";
799 1 0 800,801 "Even-13-S-1";
800 1 1 802,914 "Even-13-A-1";
801 1 1 802,915 "Even-13-B-1";
802 1 0 803,804 "Even-13-S-2";
803 1 1 805,912 "Even-13-A-2";
804 1 1 805,913 "Even-13-B-2";
805 1 0 807,795 "Even-13-S-3";
806 1 0 809,811 "Even-7-S-0";
807 1 1 810,910 "Even-13-A-3";
808 1 0 937,319 "Odd-7-T";
809 1 1 812,916 "Even-7-A-0";
810 1 0 813,815 "Even-13-S-4";
811 1 1 812,917 "Even-7-B-0";
812 1 0 814,817 "Even-7-S-1";
813 1 1 816,908 "Even-13-A-4";
814 1 1 818,914 "Even-7-A-1";
815 1 1 816,909 "Even-13-B-4";
816 1 0 782,770 "Even-13-S-5";
817 1 1 818,915 "Even-7-B-1";
818 1 0 819,772 "Even-7-S-2";
819 1 1 773,912 "Even-7-A-2";
820 1 1 833,909 "Even-12-B-4";
821 1 1 854,898 "Even-13-A-9";
822 1 0 866,863 "Even-12-S-8";
823 1 1 822,903 "Even-12-B-7";
824 1 1 835,892 "Even-13-A-12";
825 1 1 835,893 "Even-13-B-12";
826 1 1 822,902 "Even-12-A-7";
827 1 0 826,823 "Even-12-S-7";
828 1 1 827,905 "Even-12-B-6";
829 1 1 827,904 "Even-12-A-6";
830 1 0 829,828 "Even-12-S-6";
831 1 1 830,907 "Even-12-B-5";
832 1 1 830,906 "Even-12-A-5";
833 1 0 832,831 "Even-12-S-5";
834 1 0 824,825 "Even-13-S-12";
835 1 0 875,889,887,885 "Even-13-Z";
836 1 0 925,72 "Odd-13-T";
837 1 0 939,405 "Odd-6-T";
838 1 0 868,903,901,899,897,895,893,891,889,887,885 "Even-6-Z";
839 1 1 838,906 "Even-6-A-5";
840 1 1 845,912 "Even-12-A-2";
841 1 1 833,908 "Even-12-A-4";
842 1 0 841,820 "Even-12-S-4";
843 1 1 842,911 "Even-12-B-3";
844 1 1 842,910 "Even-12-A-3";
845 1 0 844,843 "Even-12-S-3";
846 1 1 845,913 "Even-12-B-2";
847 1 1 834,895 "Even-13-B-11";
848 1 0 927,36 "Odd-12-T";
849 1 1 854,899 "Even-13-B-9";
850 1 0 883,891,889,887,885 "Even-12-Z";
851 1 1 850,895 "Even-12-B-11";
852 1 1 850,894 "Even-12-A-11";
853 1 0 852,851 "Even-12-S-11";
854 1 0 856,862 "Even-13-S-10";
855 1 1 853,897 "Even-12-B-10";
856 1 1 864,896 "Even-13-A-10";
857 1 1 853,896 "Even-12-A-10";
858 1 0 857,855 "Even-12-S-10";
859 1 1 858,899 "Even-12-B-9";
860 1 1 858,898 "Even-12-A-9";
861 1 0 860,859 "Even-12-S-9";
862 1 1 864,897 "Even-13-B-10";
863 1 1 861,901 "Even-12-B-8";
864 1 0 865,847 "Even-13-S-11";
865 1 1 834,894 "Even-13-A-11";
866 1 1 861,900 "Even-12-A-8";
867 2 1 922,463 "Even-14-T";
868 2 1 938,464 "Even-6-T";
869 2 1 948,546 "Even-1-T";
870 2 1 930,708 "Even-10-T";
871 2 1 932,709 "Even-9-T";
872 2 1 946,551 "Even-2-T";
873 2 1 950,544 "Even-0-T";
874 2 1 944,543 "Even-3-T";
875 2 1 924,798 "Even-13-T";
876 2 1 928,664 "Even-11-T";
877 2 1 942,620 "Even-4-T";
878 2 1 918,613 "Even-16-T";
879 2 1 940,444 "Even-5-T";
880 2 1 920,445 "Even-15-T";
881 2 1 934,681 "Even-8-T";
882 2 1 936,806 "Even-7-T";
883 2 1 926,680 "Even-12-T";
884 3 1 878 "Even-16-L";
885 4 0 564 "Odd-16-L";
886 5 1 880 "Even-15-L";
887 6 0 634 "Odd-15-L";
888 7 1 867 "Even-14-L";
889 8 0 495 "Odd-14-L";
890 9 1 875 "Even-13-L";
891 10 0 836 "Odd-13-L";
892 11 1 883 "Even-12-L";
893 12 0 848 "Odd-12-L";
894 13 1 876 "Even-11-L";
895 14 0 695 "Odd-11-L";
896 15 1 870 "Even-10-L";
897 16 0 741 "Odd-10-L";
898 17 1 871 "Even-9-L";
899 18 0 726 "Odd-9-L";
900 19 1 881 "Even-8-L";
901 20 0 740 "Odd-8-L";
902 21 1 882 "Even-7-L";
903 22 0 808 "Odd-7-L";
904 23 1 868 "Even-6-L";
905 24 0 837 "Odd-6-L";
906 25 1 879 "Even-5-L";
907 26 0 446 "Odd-5-L";
908 27 1 877 "Even-4-L";
909 28 0 633 "Odd-4-L";
910 29 1 874 "Even-3-L";
911 30 0 619 "Odd-3-L";
912 31 1 872 "Even-2-L";
913 32 0 558 "Odd-2-L";
914 33 1 869 "Even-1-L";
915 34 0 550 "Odd-1-L";
916 35 1 873 "Even-0-L";
917 36 0 545 "Odd-0-L";
918 38 0 886 "Even-16-H";
919 39 1 887 "Odd-16-H";
920 40 0 888 "Even-15-H";
921 41 1 889 "Odd-15-H";
922 42 0 890 "Even-14-H";
923 43 1 891 "Odd-14-H";
924 44 0 892 "Even-13-H";
925 45 1 893 "Odd-13-H";
926 46 0 894 "Even-12-H";
927 47 1 895 "Odd-12-H";
928 48 0 896 "Even-11-H";
929 49 1 897 "Odd-11-H";
930 50 0 898 "Even-10-H";
931 51 1 899 "Odd-10-H";
932 52 0 900 "Even-9-H";
933 53 1 901 "Odd-9-H";
934 54 0 902 "Even-8-H";
935 55 1 903 "Odd-8-H";
936 56 0 904 "Even-7-H";
937 57 1 905 "Odd-7-H";
938 58 0 906 "Even-6-H";
939 59 1 907 "Odd-6-H";
940 60 0 908 "Even-5-H";
941 61 1 909 "Odd-5-H";
942 62 0 910 "Even-4-H";
943 63 1 911 "Odd-4-H";
944 64 0 912 "Even-3-H";
945 65 1 913 "Odd-3-H";
946 66 0 914 "Even-2-H";
947 67 1 915 "Odd-2-H";
948 68 0 916 "Even-1-H";
949 69 1 917 "Odd-1-H";
950 70 0 884 "Even-0-H";
951 71 1 885 "Odd-0-H";
