parity 572;
0 0 0 10,541 "Odd-9-A-2";
1 0 1 12,44 "Odd-9-S-6";
2 0 0 1,534 "Odd-9-B-5";
3 0 0 1,535 "Odd-9-A-5";
4 0 1 3,2 "Odd-9-S-5";
5 0 0 4,536 "Odd-9-B-4";
6 0 0 4,537 "Odd-9-A-4";
7 0 1 6,5 "Odd-9-S-4";
8 0 0 7,538 "Odd-9-B-3";
9 0 0 7,539 "Odd-9-A-3";
10 0 1 9,8 "Odd-9-S-3";
11 0 0 10,540 "Odd-9-B-2";
12 0 0 43,533 "Odd-9-A-6";
13 0 1 0,11 "Odd-9-S-2";
14 0 0 13,542 "Odd-9-B-1";
15 0 0 13,543 "Odd-9-A-1";
16 0 1 15,14 "Odd-9-S-1";
17 0 0 16,544 "Odd-9-B-0";
18 0 0 16,545 "Odd-9-A-0";
19 0 1 18,17 "Odd-9-S-0";
20 0 1 431,528,526,524,522,520 "Odd-8-Z";
21 0 0 20,531 "Odd-8-A-7";
22 0 1 21,168 "Odd-8-S-7";
23 0 0 33,544 "Odd-10-B-0";
24 0 1 79,156 "Odd-10-S-4";
25 0 0 24,538 "Odd-10-B-3";
26 0 0 24,539 "Odd-10-A-3";
27 0 1 26,25 "Odd-10-S-3";
28 0 0 27,540 "Odd-10-B-2";
29 0 0 27,541 "Odd-10-A-2";
30 0 1 29,28 "Odd-10-S-2";
31 0 0 30,542 "Odd-10-B-1";
32 0 0 30,543 "Odd-10-A-1";
33 0 1 32,31 "Odd-10-S-1";
34 0 0 22,532 "Odd-8-B-6";
35 0 0 33,545 "Odd-10-A-0";
36 0 1 35,23 "Odd-10-S-0";
37 0 1 476,526,524,522,520 "Odd-9-Z";
38 0 0 37,528 "Odd-9-B-8";
39 0 0 37,529 "Odd-9-A-8";
40 0 1 39,38 "Odd-9-S-8";
41 0 0 40,530 "Odd-9-B-7";
42 0 0 40,531 "Odd-9-A-7";
43 0 1 42,41 "Odd-9-S-7";
44 0 0 43,532 "Odd-9-B-6";
45 0 0 56,540 "Odd-7-B-2";
46 0 0 89,533 "Odd-7-A-6";
47 0 1 46,57 "Odd-7-S-6";
48 0 0 47,534 "Odd-7-B-5";
49 0 0 47,535 "Odd-7-A-5";
50 0 1 49,48 "Odd-7-S-5";
51 0 0 50,536 "Odd-7-B-4";
52 0 0 50,537 "Odd-7-A-4";
53 0 1 52,51 "Odd-7-S-4";
54 0 0 53,538 "Odd-7-B-3";
55 0 0 53,539 "Odd-7-A-3";
56 0 1 55,54 "Odd-7-S-3";
57 0 0 89,532 "Odd-7-B-6";
58 0 0 56,541 "Odd-7-A-2";
59 0 1 58,45 "Odd-7-S-2";
60 0 0 59,542 "Odd-7-B-1";
61 0 0 59,543 "Odd-7-A-1";
62 0 1 61,60 "Odd-7-S-1";
63 0 0 62,544 "Odd-7-B-0";
64 0 0 62,545 "Odd-7-A-0";
65 0 1 64,63 "Odd-7-S-0";
66 0 1 378,532,530,528,526,524,522,520 "Odd-6-Z";
67 0 0 66,534 "Odd-6-B-5";
68 0 1 78,77 "Odd-8-S-3";
69 0 0 22,533 "Odd-8-A-6";
70 0 1 69,34 "Odd-8-S-6";
71 0 0 70,534 "Odd-8-B-5";
72 0 0 70,535 "Odd-8-A-5";
73 0 1 72,71 "Odd-8-S-5";
74 0 0 73,536 "Odd-8-B-4";
75 0 0 73,537 "Odd-8-A-4";
76 0 1 75,74 "Odd-8-S-4";
77 0 0 76,538 "Odd-8-B-3";
78 0 0 76,539 "Odd-8-A-3";
79 0 0 155,537 "Odd-10-A-4";
80 0 0 68,540 "Odd-8-B-2";
81 0 0 68,541 "Odd-8-A-2";
82 0 1 81,80 "Odd-8-S-2";
83 0 0 82,542 "Odd-8-B-1";
84 0 0 82,543 "Odd-8-A-1";
85 0 1 84,83 "Odd-8-S-1";
86 0 0 85,544 "Odd-8-B-0";
87 0 0 85,545 "Odd-8-A-0";
88 0 1 87,86 "Odd-8-S-0";
89 0 1 377,530,528,526,524,522,520 "Odd-7-Z";
90 0 1 101,100 "Odd-12-S-1";
91 0 0 102,536 "Odd-12-B-4";
92 0 0 102,537 "Odd-12-A-4";
93 0 1 92,91 "Odd-12-S-4";
94 0 0 93,538 "Odd-12-B-3";
95 0 0 93,539 "Odd-12-A-3";
96 0 1 95,94 "Odd-12-S-3";
97 0 0 96,540 "Odd-12-B-2";
98 0 0 96,541 "Odd-12-A-2";
99 0 1 98,97 "Odd-12-S-2";
100 0 0 99,542 "Odd-12-B-1";
101 0 0 99,543 "Odd-12-A-1";
102 0 1 134,133 "Odd-12-S-5";
103 0 0 90,544 "Odd-12-B-0";
104 0 0 90,545 "Odd-12-A-0";
105 0 1 104,103 "Odd-12-S-0";
106 0 1 340,522,520 "Odd-11-Z";
107 0 0 106,524 "Odd-11-B-10";
108 0 0 106,525 "Odd-11-A-10";
109 0 1 108,107 "Odd-11-S-10";
110 0 0 109,526 "Odd-11-B-9";
111 0 0 109,527 "Odd-11-A-9";
112 0 1 111,110 "Odd-11-S-9";
113 0 0 123,528 "Odd-12-B-8";
114 0 1 357,520 "Odd-12-Z";
115 0 0 114,522 "Odd-12-B-11";
116 0 0 114,523 "Odd-12-A-11";
117 0 1 116,115 "Odd-12-S-11";
118 0 0 117,524 "Odd-12-B-10";
119 0 0 117,525 "Odd-12-A-10";
120 0 1 119,118 "Odd-12-S-10";
121 0 0 120,526 "Odd-12-B-9";
122 0 0 120,527 "Odd-12-A-9";
123 0 1 122,121 "Odd-12-S-9";
124 0 0 112,528 "Odd-11-B-8";
125 0 0 123,529 "Odd-12-A-8";
126 0 1 125,113 "Odd-12-S-8";
127 0 0 126,530 "Odd-12-B-7";
128 0 0 126,531 "Odd-12-A-7";
129 0 1 128,127 "Odd-12-S-7";
130 0 0 129,532 "Odd-12-B-6";
131 0 0 129,533 "Odd-12-A-6";
132 0 1 131,130 "Odd-12-S-6";
133 0 0 132,534 "Odd-12-B-5";
134 0 0 132,535 "Odd-12-A-5";
135 0 1 145,144 "Odd-10-S-8";
136 0 1 146,178 "Odd-11-S-1";
137 0 0 136,544 "Odd-11-B-0";
138 0 0 136,545 "Odd-11-A-0";
139 0 1 138,137 "Odd-11-S-0";
140 0 1 276,524,522,520 "Odd-10-Z";
141 0 0 140,526 "Odd-10-B-9";
142 0 0 140,527 "Odd-10-A-9";
143 0 1 142,141 "Odd-10-S-9";
144 0 0 143,528 "Odd-10-B-8";
145 0 0 143,529 "Odd-10-A-8";
146 0 0 177,543 "Odd-11-A-1";
147 0 0 135,530 "Odd-10-B-7";
148 0 0 135,531 "Odd-10-A-7";
149 0 1 148,147 "Odd-10-S-7";
150 0 0 149,532 "Odd-10-B-6";
151 0 0 149,533 "Odd-10-A-6";
152 0 1 151,150 "Odd-10-S-6";
153 0 0 152,534 "Odd-10-B-5";
154 0 0 152,535 "Odd-10-A-5";
155 0 1 154,153 "Odd-10-S-5";
156 0 0 155,536 "Odd-10-B-4";
157 0 1 167,166 "Odd-11-S-5";
158 0 0 112,529 "Odd-11-A-8";
159 0 1 158,124 "Odd-11-S-8";
160 0 0 159,530 "Odd-11-B-7";
161 0 0 159,531 "Odd-11-A-7";
162 0 1 161,160 "Odd-11-S-7";
163 0 0 162,532 "Odd-11-B-6";
164 0 0 162,533 "Odd-11-A-6";
165 0 1 164,163 "Odd-11-S-6";
166 0 0 165,534 "Odd-11-B-5";
167 0 0 165,535 "Odd-11-A-5";
168 0 0 20,530 "Odd-8-B-7";
169 0 0 157,536 "Odd-11-B-4";
170 0 0 157,537 "Odd-11-A-4";
171 0 1 170,169 "Odd-11-S-4";
172 0 0 171,538 "Odd-11-B-3";
173 0 0 171,539 "Odd-11-A-3";
174 0 1 173,172 "Odd-11-S-3";
175 0 0 174,540 "Odd-11-B-2";
176 0 0 174,541 "Odd-11-A-2";
177 0 1 176,175 "Odd-11-S-2";
178 0 0 177,542 "Odd-11-B-1";
179 0 1 190,183 "Odd-3-S-2";
180 0 0 182,540 "Odd-5-B-2";
181 0 1 362,538,536,534,532,530,528,526,524,522,520 "Odd-3-Z";
182 0 1 184,185 "Odd-5-S-3";
183 0 0 181,540 "Odd-3-B-2";
184 0 0 186,539 "Odd-5-A-3";
185 0 0 186,538 "Odd-5-B-3";
186 0 1 187,188 "Odd-5-S-4";
187 0 0 189,537 "Odd-5-A-4";
188 0 0 189,536 "Odd-5-B-4";
189 0 1 505,534,532,530,528,526,524,522,520 "Odd-5-Z";
190 0 0 181,541 "Odd-3-A-2";
191 0 0 182,541 "Odd-5-A-2";
192 0 0 179,542 "Odd-3-B-1";
193 0 0 179,543 "Odd-3-A-1";
194 0 1 193,192 "Odd-3-S-1";
195 0 0 194,544 "Odd-3-B-0";
196 0 0 194,545 "Odd-3-A-0";
197 0 1 196,195 "Odd-3-S-0";
198 0 1 268,540,538,536,534,532,530,528,526,524,522,520 "Odd-2-Z";
199 0 0 198,542 "Odd-2-B-1";
200 0 0 198,543 "Odd-2-A-1";
201 0 1 200,199 "Odd-2-S-1";
202 0 1 212,211 "Odd-4-S-1";
203 0 0 66,535 "Odd-6-A-5";
204 0 1 304,536,534,532,530,528,526,524,522,520 "Odd-4-Z";
205 0 0 204,538 "Odd-4-B-3";
206 0 0 204,539 "Odd-4-A-3";
207 0 1 206,205 "Odd-4-S-3";
208 0 0 207,540 "Odd-4-B-2";
209 0 0 207,541 "Odd-4-A-2";
210 0 1 209,208 "Odd-4-S-2";
211 0 0 210,542 "Odd-4-B-1";
212 0 0 210,543 "Odd-4-A-1";
213 0 1 203,67 "Odd-6-S-5";
214 0 0 202,544 "Odd-4-B-0";
215 0 0 202,545 "Odd-4-A-0";
216 0 1 215,214 "Odd-4-S-0";
217 0 1 218,219 "Odd-5-S-0";
218 0 0 220,545 "Odd-5-A-0";
219 0 0 220,544 "Odd-5-B-0";
220 0 1 221,222 "Odd-5-S-1";
221 0 0 223,543 "Odd-5-A-1";
222 0 0 223,542 "Odd-5-B-1";
223 0 1 191,180 "Odd-5-S-2";
224 0 0 213,536 "Odd-6-B-4";
225 0 1 305,542,540,538,536,534,532,530,528,526,524,522,520 "Odd-1-Z";
226 0 0 225,544 "Odd-1-B-0";
227 0 0 225,545 "Odd-1-A-0";
228 0 1 227,226 "Odd-1-S-0";
229 0 0 201,544 "Odd-2-B-0";
230 0 0 201,545 "Odd-2-A-0";
231 0 1 230,229 "Odd-2-S-0";
232 0 0 213,537 "Odd-6-A-4";
233 0 1 274,544,542,540,538,536,534,532,530,528,526,524,522,520 "Odd-0-Z";
234 0 1 232,224 "Odd-6-S-4";
235 0 1 236,237 "Odd-6-S-0";
236 0 0 238,545 "Odd-6-A-0";
237 0 0 238,544 "Odd-6-B-0";
238 0 1 246,245 "Odd-6-S-1";
239 0 0 234,538 "Odd-6-B-3";
240 0 0 234,539 "Odd-6-A-3";
241 0 1 240,239 "Odd-6-S-3";
242 0 0 241,540 "Odd-6-B-2";
243 0 0 241,541 "Odd-6-A-2";
244 0 1 243,242 "Odd-6-S-2";
245 0 0 244,542 "Odd-6-B-1";
246 0 0 244,543 "Odd-6-A-1";
247 1 1 269,542 "Even-2-A-1";
248 1 0 247,261 "Even-2-S-1";
249 1 1 248,544 "Even-2-A-0";
250 1 1 248,545 "Even-2-B-0";
251 1 1 294,545 "Even-4-B-0";
252 1 0 260,259 "Even-11-S-3";
253 1 1 356,535 "Even-11-B-5";
254 1 1 356,534 "Even-11-A-5";
255 1 0 254,253 "Even-11-S-5";
256 1 1 255,537 "Even-11-B-4";
257 1 1 255,536 "Even-11-A-4";
258 1 0 257,256 "Even-11-S-4";
259 1 1 258,539 "Even-11-B-3";
260 1 1 258,538 "Even-11-A-3";
261 1 1 269,543 "Even-2-B-1";
262 1 1 252,541 "Even-11-B-2";
263 1 1 252,540 "Even-11-A-2";
264 1 0 263,262 "Even-11-S-2";
265 1 1 264,543 "Even-11-B-1";
266 1 1 264,542 "Even-11-A-1";
267 1 0 266,265 "Even-11-S-1";
268 1 0 567,231 "Odd-2-T";
269 1 0 510,539,537,535,533,531,529,527,525,523,521 "Even-2-Z";
270 1 1 277,526 "Even-10-A-9";
271 1 1 279,545 "Even-1-B-0";
272 1 1 279,544 "Even-1-A-0";
273 1 0 272,271 "Even-1-S-0";
274 1 0 571,233 "Odd-0-T";
275 1 0 511,543,541,539,537,535,533,531,529,527,525,523,521 "Even-0-Z";
276 1 0 551,36 "Odd-10-T";
277 1 0 514,523,521 "Even-10-Z";
278 1 1 277,527 "Even-10-B-9";
279 1 0 509,541,539,537,535,533,531,529,527,525,523,521 "Even-1-Z";
280 1 0 270,278 "Even-10-S-9";
281 1 1 280,529 "Even-10-B-8";
282 1 1 280,528 "Even-10-A-8";
283 1 0 282,281 "Even-10-S-8";
284 1 1 283,531 "Even-10-B-7";
285 1 1 283,530 "Even-10-A-7";
286 1 0 285,284 "Even-10-S-7";
287 1 1 286,533 "Even-10-B-6";
288 1 0 298,299 "Even-4-S-2";
289 1 1 267,545 "Even-11-B-0";
290 1 1 267,544 "Even-11-A-0";
291 1 0 290,289 "Even-11-S-0";
292 1 1 294,544 "Even-4-A-0";
293 1 1 347,529 "Even-11-B-8";
294 1 0 295,296 "Even-4-S-1";
295 1 1 288,542 "Even-4-A-1";
296 1 1 288,543 "Even-4-B-1";
297 1 0 249,250 "Even-2-S-0";
298 1 1 300,540 "Even-4-A-2";
299 1 1 300,541 "Even-4-B-2";
300 1 0 301,302 "Even-4-S-3";
301 1 1 303,538 "Even-4-A-3";
302 1 1 303,539 "Even-4-B-3";
303 1 0 518,535,533,531,529,527,525,523,521 "Even-4-Z";
304 1 0 563,216 "Odd-4-T";
305 1 0 569,228 "Odd-1-T";
306 1 1 313,540 "Even-12-A-2";
307 1 0 315,324 "Even-12-S-5";
308 1 1 307,537 "Even-12-B-4";
309 1 1 307,536 "Even-12-A-4";
310 1 0 309,308 "Even-12-S-4";
311 1 1 310,539 "Even-12-B-3";
312 1 1 310,538 "Even-12-A-3";
313 1 0 312,311 "Even-12-S-3";
314 1 1 313,541 "Even-12-B-2";
315 1 1 325,534 "Even-12-A-5";
316 1 0 306,314 "Even-12-S-2";
317 1 1 316,543 "Even-12-B-1";
318 1 1 316,542 "Even-12-A-1";
319 1 0 318,317 "Even-12-S-1";
320 1 1 319,545 "Even-12-B-0";
321 1 1 319,544 "Even-12-A-0";
322 1 0 321,320 "Even-12-S-0";
323 1 0 371,370 "Even-3-S-0";
324 1 1 325,535 "Even-12-B-5";
325 1 0 326,327 "Even-12-S-6";
326 1 1 328,532 "Even-12-A-6";
327 1 1 328,533 "Even-12-B-6";
328 1 0 329,330 "Even-12-S-7";
329 1 1 331,530 "Even-12-A-7";
330 1 1 331,531 "Even-12-B-7";
331 1 0 332,333 "Even-12-S-8";
332 1 1 334,528 "Even-12-A-8";
333 1 1 334,529 "Even-12-B-8";
334 1 0 335,336 "Even-12-S-9";
335 1 1 337,526 "Even-12-A-9";
336 1 1 337,527 "Even-12-B-9";
337 1 0 338,339 "Even-12-S-10";
338 1 1 361,524 "Even-12-A-10";
339 1 1 361,525 "Even-12-B-10";
340 1 0 549,139 "Odd-11-T";
341 1 0 516,521 "Even-11-Z";
342 1 1 341,525 "Even-11-B-10";
343 1 1 341,524 "Even-11-A-10";
344 1 0 343,342 "Even-11-S-10";
345 1 1 344,527 "Even-11-B-9";
346 1 1 344,526 "Even-11-A-9";
347 1 0 346,345 "Even-11-S-9";
348 1 0 292,251 "Even-4-S-0";
349 1 1 347,528 "Even-11-A-8";
350 1 0 349,293 "Even-11-S-8";
351 1 1 350,531 "Even-11-B-7";
352 1 1 350,530 "Even-11-A-7";
353 1 0 352,351 "Even-11-S-7";
354 1 1 353,533 "Even-11-B-6";
355 1 1 353,532 "Even-11-A-6";
356 1 0 355,354 "Even-11-S-6";
357 1 0 547,105 "Odd-12-T";
358 1 0 512 "Even-12-Z";
359 1 1 358,523 "Even-12-B-11";
360 1 1 358,522 "Even-12-A-11";
361 1 0 360,359 "Even-12-S-11";
362 1 0 565,197 "Odd-3-T";
363 1 0 515,537,535,533,531,529,527,525,523,521 "Even-3-Z";
364 1 1 363,541 "Even-3-B-2";
365 1 1 363,540 "Even-3-A-2";
366 1 0 365,364 "Even-3-S-2";
367 1 1 366,543 "Even-3-B-1";
368 1 1 366,542 "Even-3-A-1";
369 1 0 368,367 "Even-3-S-1";
370 1 1 369,545 "Even-3-B-0";
371 1 1 369,544 "Even-3-A-0";
372 1 1 383,544 "Even-6-A-0";
373 1 0 374,375 "Even-7-S-6";
374 1 1 376,532 "Even-7-A-6";
375 1 1 376,533 "Even-7-B-6";
376 1 0 508,529,527,525,523,521 "Even-7-Z";
377 1 0 557,65 "Odd-7-T";
378 1 0 559,235 "Odd-6-T";
379 1 0 519,531,529,527,525,523,521 "Even-6-Z";
380 1 0 372,382 "Even-6-S-0";
381 1 1 373,535 "Even-7-B-5";
382 1 1 383,545 "Even-6-B-0";
383 1 0 384,386 "Even-6-S-1";
384 1 1 388,542 "Even-6-A-1";
385 1 1 379,535 "Even-6-B-5";
386 1 1 388,543 "Even-6-B-1";
387 1 1 379,534 "Even-6-A-5";
388 1 0 389,399 "Even-6-S-2";
389 1 1 425,540 "Even-6-A-2";
390 1 0 398,397 "Even-9-S-1";
391 1 1 433,539 "Even-9-B-3";
392 1 1 433,538 "Even-9-A-3";
393 1 0 392,391 "Even-9-S-3";
394 1 1 393,541 "Even-9-B-2";
395 1 1 393,540 "Even-9-A-2";
396 1 0 395,394 "Even-9-S-2";
397 1 1 396,543 "Even-9-B-1";
398 1 1 396,542 "Even-9-A-1";
399 1 1 425,541 "Even-6-B-2";
400 1 1 390,545 "Even-9-B-0";
401 1 1 390,544 "Even-9-A-0";
402 1 0 401,400 "Even-9-S-0";
403 1 1 405,536 "Even-7-A-4";
404 1 1 405,537 "Even-7-B-4";
405 1 0 406,381 "Even-7-S-5";
406 1 1 373,534 "Even-7-A-5";
407 1 0 415,414 "Even-8-S-4";
408 1 1 416,533 "Even-8-B-6";
409 1 1 416,532 "Even-8-A-6";
410 1 0 409,408 "Even-8-S-6";
411 1 1 410,535 "Even-8-B-5";
412 1 1 410,534 "Even-8-A-5";
413 1 0 412,411 "Even-8-S-5";
414 1 1 413,537 "Even-8-B-4";
415 1 1 413,536 "Even-8-A-4";
416 1 0 437,436 "Even-8-S-7";
417 1 1 407,539 "Even-8-B-3";
418 1 1 407,538 "Even-8-A-3";
419 1 0 418,417 "Even-8-S-3";
420 1 1 419,541 "Even-8-B-2";
421 1 1 419,540 "Even-8-A-2";
422 1 0 421,420 "Even-8-S-2";
423 1 1 422,543 "Even-8-B-1";
424 1 0 434,438 "Even-8-S-0";
425 1 0 426,427 "Even-6-S-3";
426 1 1 428,538 "Even-6-A-3";
427 1 1 428,539 "Even-6-B-3";
428 1 0 429,432 "Even-6-S-4";
429 1 1 430,536 "Even-6-A-4";
430 1 0 387,385 "Even-6-S-5";
431 1 0 555,88 "Odd-8-T";
432 1 1 430,537 "Even-6-B-4";
433 1 0 457,491 "Even-9-S-4";
434 1 1 439,544 "Even-8-A-0";
435 1 0 507,527,525,523,521 "Even-8-Z";
436 1 1 435,531 "Even-8-B-7";
437 1 1 435,530 "Even-8-A-7";
438 1 1 439,545 "Even-8-B-0";
439 1 0 440,423 "Even-8-S-1";
440 1 1 422,542 "Even-8-A-1";
441 1 0 451,452 "Even-5-S-0";
442 1 1 474,542 "Even-10-A-1";
443 1 0 442,450 "Even-10-S-1";
444 1 1 443,545 "Even-10-B-0";
445 1 1 443,544 "Even-10-A-0";
446 1 0 445,444 "Even-10-S-0";
447 1 1 448,545 "Even-7-B-0";
448 1 0 449,453 "Even-7-S-1";
449 1 1 455,542 "Even-7-A-1";
450 1 1 474,543 "Even-10-B-1";
451 1 1 454,544 "Even-5-A-0";
452 1 1 454,545 "Even-5-B-0";
453 1 1 455,543 "Even-7-B-1";
454 1 0 456,467 "Even-5-S-1";
455 1 0 502,503 "Even-7-S-2";
456 1 1 493,542 "Even-5-A-1";
457 1 1 490,536 "Even-9-A-4";
458 1 1 465,538 "Even-10-A-3";
459 1 0 470,287 "Even-10-S-6";
460 1 1 459,535 "Even-10-B-5";
461 1 1 459,534 "Even-10-A-5";
462 1 0 461,460 "Even-10-S-5";
463 1 1 462,537 "Even-10-B-4";
464 1 1 462,536 "Even-10-A-4";
465 1 0 464,463 "Even-10-S-4";
466 1 1 465,539 "Even-10-B-3";
467 1 1 493,543 "Even-5-B-1";
468 1 0 458,466 "Even-10-S-3";
469 1 1 468,541 "Even-10-B-2";
470 1 1 286,532 "Even-10-A-6";
471 1 1 468,540 "Even-10-A-2";
472 1 0 473,447 "Even-7-S-0";
473 1 1 448,544 "Even-7-A-0";
474 1 0 471,469 "Even-10-S-2";
475 1 0 483,482 "Even-9-S-7";
476 1 0 553,19 "Odd-9-T";
477 1 0 403,404 "Even-7-S-4";
478 1 0 517,525,523,521 "Even-9-Z";
479 1 1 478,529 "Even-9-B-8";
480 1 1 478,528 "Even-9-A-8";
481 1 0 480,479 "Even-9-S-8";
482 1 1 481,531 "Even-9-B-7";
483 1 1 481,530 "Even-9-A-7";
484 1 1 495,540 "Even-5-A-2";
485 1 1 475,533 "Even-9-B-6";
486 1 1 475,532 "Even-9-A-6";
487 1 0 486,485 "Even-9-S-6";
488 1 1 487,535 "Even-9-B-5";
489 1 1 487,534 "Even-9-A-5";
490 1 0 489,488 "Even-9-S-5";
491 1 1 490,537 "Even-9-B-4";
492 1 1 477,538 "Even-7-A-3";
493 1 0 484,494 "Even-5-S-2";
494 1 1 495,541 "Even-5-B-2";
495 1 0 496,497 "Even-5-S-3";
496 1 1 498,538 "Even-5-A-3";
497 1 1 498,539 "Even-5-B-3";
498 1 0 499,500 "Even-5-S-4";
499 1 1 501,536 "Even-5-A-4";
500 1 1 501,537 "Even-5-B-4";
501 1 0 513,533,531,529,527,525,523,521 "Even-5-Z";
502 1 1 504,540 "Even-7-A-2";
503 1 1 504,541 "Even-7-B-2";
504 1 0 492,506 "Even-7-S-3";
505 1 0 561,217 "Odd-5-T";
506 1 1 477,539 "Even-7-B-3";
507 2 1 554,424 "Even-8-T";
508 2 1 556,472 "Even-7-T";
509 2 1 568,273 "Even-1-T";
510 2 1 566,297 "Even-2-T";
511 2 1 570,275 "Even-0-T";
512 2 1 546,322 "Even-12-T";
513 2 1 560,441 "Even-5-T";
514 2 1 550,446 "Even-10-T";
515 2 1 564,323 "Even-3-T";
516 2 1 548,291 "Even-11-T";
517 2 1 552,402 "Even-9-T";
518 2 1 562,348 "Even-4-T";
519 2 1 558,380 "Even-6-T";
520 3 1 512 "Even-12-L";
521 4 0 357 "Odd-12-L";
522 5 1 516 "Even-11-L";
523 6 0 340 "Odd-11-L";
524 7 1 514 "Even-10-L";
525 8 0 276 "Odd-10-L";
526 9 1 517 "Even-9-L";
527 10 0 476 "Odd-9-L";
528 11 1 507 "Even-8-L";
529 12 0 431 "Odd-8-L";
530 13 1 508 "Even-7-L";
531 14 0 377 "Odd-7-L";
532 15 1 519 "Even-6-L";
533 16 0 378 "Odd-6-L";
534 17 1 513 "Even-5-L";
535 18 0 505 "Odd-5-L";
536 19 1 518 "Even-4-L";
537 20 0 304 "Odd-4-L";
538 21 1 515 "Even-3-L";
539 22 0 362 "Odd-3-L";
540 23 1 510 "Even-2-L";
541 24 0 268 "Odd-2-L";
542 25 1 509 "Even-1-L";
543 26 0 305 "Odd-1-L";
544 27 1 511 "Even-0-L";
545 28 0 274 "Odd-0-L";
546 30 0 522 "Even-12-H";
547 31 1 523 "Odd-12-H";
548 32 0 524 "Even-11-H";
549 33 1 525 "Odd-11-H";
550 34 0 526 "Even-10-H";
551 35 1 527 "Odd-10-H";
552 36 0 528 "Even-9-H";
553 37 1 529 "Odd-9-H";
554 38 0 530 "Even-8-H";
555 39 1 531 "Odd-8-H";
556 40 0 532 "Even-7-H";
557 41 1 533 "Odd-7-H";
558 42 0 534 "Even-6-H";
559 43 1 535 "Odd-6-H";
560 44 0 536 "Even-5-H";
561 45 1 537 "Odd-5-H";
562 46 0 538 "Even-4-H";
563 47 1 539 "Odd-4-H";
564 48 0 540 "Even-3-H";
565 49 1 541 "Odd-3-H";
566 50 0 542 "Even-2-H";
567 51 1 543 "Odd-2-H";
568 52 0 544 "Even-1-H";
569 53 1 545 "Odd-1-H";
570 54 0 520 "Even-0-H";
571 55 1 521 "Odd-0-H";
