parity 350;
0 0 1 15,16 "Odd-7-S-2";
1 0 0 97,322 "Odd-6-B-3";
2 0 0 4,321 "Odd-6-A-4";
3 0 0 4,320 "Odd-6-B-4";
4 0 1 5,6 "Odd-6-S-5";
5 0 0 7,319 "Odd-6-A-5";
6 0 0 7,318 "Odd-6-B-5";
7 0 1 249,316,314,312,310 "Odd-6-Z";
8 0 1 9,10 "Odd-7-S-0";
9 0 0 11,329 "Odd-7-A-0";
10 0 0 11,328 "Odd-7-B-0";
11 0 1 12,13 "Odd-7-S-1";
12 0 0 0,327 "Odd-7-A-1";
13 0 0 0,326 "Odd-7-B-1";
14 0 0 97,323 "Odd-6-A-3";
15 0 0 17,325 "Odd-7-A-2";
16 0 0 17,324 "Odd-7-B-2";
17 0 1 18,19 "Odd-7-S-3";
18 0 0 20,323 "Odd-7-A-3";
19 0 0 20,322 "Odd-7-B-3";
20 0 1 21,22 "Odd-7-S-4";
21 0 0 23,321 "Odd-7-A-4";
22 0 0 23,320 "Odd-7-B-4";
23 0 1 24,25 "Odd-7-S-5";
24 0 0 26,319 "Odd-7-A-5";
25 0 0 26,318 "Odd-7-B-5";
26 0 1 27,42 "Odd-7-S-6";
27 0 0 84,317 "Odd-7-A-6";
28 0 0 44,321 "Odd-5-A-4";
29 0 1 30,31 "Odd-5-S-0";
30 0 0 32,329 "Odd-5-A-0";
31 0 0 32,328 "Odd-5-B-0";
32 0 1 33,34 "Odd-5-S-1";
33 0 0 35,327 "Odd-5-A-1";
34 0 0 35,326 "Odd-5-B-1";
35 0 1 36,37 "Odd-5-S-2";
36 0 0 38,325 "Odd-5-A-2";
37 0 0 38,324 "Odd-5-B-2";
38 0 1 39,40 "Odd-5-S-3";
39 0 0 41,323 "Odd-5-A-3";
40 0 0 41,322 "Odd-5-B-3";
41 0 1 28,43 "Odd-5-S-4";
42 0 0 84,316 "Odd-7-B-6";
43 0 0 44,320 "Odd-5-B-4";
44 0 1 248,318,316,314,312,310 "Odd-5-Z";
45 0 1 46,47 "Odd-6-S-0";
46 0 0 48,329 "Odd-6-A-0";
47 0 0 48,328 "Odd-6-B-0";
48 0 1 49,50 "Odd-6-S-1";
49 0 0 51,327 "Odd-6-A-1";
50 0 0 51,326 "Odd-6-B-1";
51 0 1 52,53 "Odd-6-S-2";
52 0 0 54,325 "Odd-6-A-2";
53 0 0 54,324 "Odd-6-B-2";
54 0 1 14,1 "Odd-6-S-3";
55 0 0 70,320 "Odd-9-B-4";
56 0 0 58,329 "Odd-9-A-0";
57 0 0 58,328 "Odd-9-B-0";
58 0 1 59,60 "Odd-9-S-1";
59 0 0 61,327 "Odd-9-A-1";
60 0 0 61,326 "Odd-9-B-1";
61 0 1 62,63 "Odd-9-S-2";
62 0 0 64,325 "Odd-9-A-2";
63 0 0 64,324 "Odd-9-B-2";
64 0 1 65,66 "Odd-9-S-3";
65 0 0 67,323 "Odd-9-A-3";
66 0 0 67,322 "Odd-9-B-3";
67 0 1 68,55 "Odd-9-S-4";
68 0 0 70,321 "Odd-9-A-4";
69 0 1 56,57 "Odd-9-S-0";
70 0 1 71,72 "Odd-9-S-5";
71 0 0 73,319 "Odd-9-A-5";
72 0 0 73,318 "Odd-9-B-5";
73 0 1 74,75 "Odd-9-S-6";
74 0 0 76,317 "Odd-9-A-6";
75 0 0 76,316 "Odd-9-B-6";
76 0 1 77,78 "Odd-9-S-7";
77 0 0 79,315 "Odd-9-A-7";
78 0 0 79,314 "Odd-9-B-7";
79 0 1 80,81 "Odd-9-S-8";
80 0 0 82,313 "Odd-9-A-8";
81 0 0 82,312 "Odd-9-B-8";
82 0 1 164,310 "Odd-9-Z";
83 0 1 98,99 "Odd-8-S-4";
84 0 1 273,314,312,310 "Odd-7-Z";
85 0 1 86,87 "Odd-8-S-0";
86 0 0 88,329 "Odd-8-A-0";
87 0 0 88,328 "Odd-8-B-0";
88 0 1 89,90 "Odd-8-S-1";
89 0 0 91,327 "Odd-8-A-1";
90 0 0 91,326 "Odd-8-B-1";
91 0 1 92,93 "Odd-8-S-2";
92 0 0 94,325 "Odd-8-A-2";
93 0 0 94,324 "Odd-8-B-2";
94 0 1 95,96 "Odd-8-S-3";
95 0 0 83,323 "Odd-8-A-3";
96 0 0 83,322 "Odd-8-B-3";
97 0 1 2,3 "Odd-6-S-4";
98 0 0 100,321 "Odd-8-A-4";
99 0 0 100,320 "Odd-8-B-4";
100 0 1 101,102 "Odd-8-S-5";
101 0 0 103,319 "Odd-8-A-5";
102 0 0 103,318 "Odd-8-B-5";
103 0 1 104,105 "Odd-8-S-6";
104 0 0 106,317 "Odd-8-A-6";
105 0 0 106,316 "Odd-8-B-6";
106 0 1 107,108 "Odd-8-S-7";
107 0 0 109,315 "Odd-8-A-7";
108 0 0 109,314 "Odd-8-B-7";
109 0 1 202,312,310 "Odd-8-Z";
110 0 1 281,326,324,322,320,318,316,314,312,310 "Odd-1-Z";
111 0 0 134,322 "Odd-4-B-3";
112 0 0 134,323 "Odd-4-A-3";
113 0 1 112,111 "Odd-4-S-3";
114 0 0 113,324 "Odd-4-B-2";
115 0 0 113,325 "Odd-4-A-2";
116 0 1 117,118 "Odd-2-S-0";
117 0 0 122,329 "Odd-2-A-0";
118 0 0 122,328 "Odd-2-B-0";
119 0 0 121,327 "Odd-2-A-1";
120 0 0 121,326 "Odd-2-B-1";
121 0 1 176,324,322,320,318,316,314,312,310 "Odd-2-Z";
122 0 1 119,120 "Odd-2-S-1";
123 0 1 115,114 "Odd-4-S-2";
124 0 0 123,326 "Odd-4-B-1";
125 0 0 123,327 "Odd-4-A-1";
126 0 1 125,124 "Odd-4-S-1";
127 0 0 126,328 "Odd-4-B-0";
128 0 0 126,329 "Odd-4-A-0";
129 0 1 128,127 "Odd-4-S-0";
130 0 1 131,132 "Odd-1-S-0";
131 0 0 110,329 "Odd-1-A-0";
132 0 0 110,328 "Odd-1-B-0";
133 0 1 257,328,326,324,322,320,318,316,314,312,310 "Odd-0-Z";
134 0 1 282,320,318,316,314,312,310 "Odd-4-Z";
135 0 0 143,329 "Odd-3-A-0";
136 0 1 165,322,320,318,316,314,312,310 "Odd-3-Z";
137 0 0 136,324 "Odd-3-B-2";
138 0 0 136,325 "Odd-3-A-2";
139 0 1 138,137 "Odd-3-S-2";
140 0 0 139,326 "Odd-3-B-1";
141 0 0 139,327 "Odd-3-A-1";
142 0 1 135,144 "Odd-3-S-0";
143 0 1 141,140 "Odd-3-S-1";
144 0 0 143,328 "Odd-3-B-0";
145 1 0 150,151 "Even-8-S-5";
146 1 0 148,147 "Even-8-S-4";
147 1 1 145,321 "Even-8-B-4";
148 1 1 145,320 "Even-8-A-4";
149 1 1 146,322 "Even-8-A-3";
150 1 1 152,318 "Even-8-A-5";
151 1 1 152,319 "Even-8-B-5";
152 1 0 154,206 "Even-8-S-6";
153 1 0 303 "Even-9-Z";
154 1 1 197,316 "Even-8-A-6";
155 1 0 305,313,311 "Even-7-Z";
156 1 1 153,313 "Even-9-B-8";
157 1 0 160,167 "Even-8-S-0";
158 1 1 161,314 "Even-9-A-7";
159 1 1 161,315 "Even-9-B-7";
160 1 1 168,328 "Even-8-A-0";
161 1 0 163,156 "Even-9-S-8";
162 1 0 307,321,319,317,315,313,311 "Even-3-Z";
163 1 1 153,312 "Even-9-A-8";
164 1 0 331,69 "Odd-9-T";
165 1 0 343,142 "Odd-3-T";
166 1 1 146,323 "Even-8-B-3";
167 1 1 168,329 "Even-8-B-0";
168 1 0 169,170 "Even-8-S-1";
169 1 1 171,326 "Even-8-A-1";
170 1 1 171,327 "Even-8-B-1";
171 1 0 172,173 "Even-8-S-2";
172 1 1 174,324 "Even-8-A-2";
173 1 1 174,325 "Even-8-B-2";
174 1 0 149,166 "Even-8-S-3";
175 1 1 187,329 "Even-9-B-0";
176 1 0 345,116 "Odd-2-T";
177 1 0 186,215 "Even-9-S-5";
178 1 0 300,323,321,319,317,315,313,311 "Even-2-Z";
179 1 1 178,327 "Even-2-B-1";
180 1 1 178,326 "Even-2-A-1";
181 1 1 177,321 "Even-9-B-4";
182 1 1 177,320 "Even-9-A-4";
183 1 0 182,181 "Even-9-S-4";
184 1 0 185,175 "Even-9-S-0";
185 1 1 187,328 "Even-9-A-0";
186 1 1 214,318 "Even-9-A-5";
187 1 0 188,189 "Even-9-S-1";
188 1 1 190,326 "Even-9-A-1";
189 1 1 190,327 "Even-9-B-1";
190 1 0 191,192 "Even-9-S-2";
191 1 1 193,324 "Even-9-A-2";
192 1 1 193,325 "Even-9-B-2";
193 1 0 194,195 "Even-9-S-3";
194 1 1 183,322 "Even-9-A-3";
195 1 1 183,323 "Even-9-B-3";
196 1 0 205,204 "Even-3-S-2";
197 1 0 198,199 "Even-8-S-7";
198 1 1 200,314 "Even-8-A-7";
199 1 1 200,315 "Even-8-B-7";
200 1 0 306,311 "Even-8-Z";
201 1 0 158,159 "Even-9-S-7";
202 1 0 333,85 "Odd-8-T";
203 1 1 201,317 "Even-9-B-6";
204 1 1 162,325 "Even-3-B-2";
205 1 1 162,324 "Even-3-A-2";
206 1 1 197,317 "Even-8-B-6";
207 1 1 196,327 "Even-3-B-1";
208 1 1 196,326 "Even-3-A-1";
209 1 0 208,207 "Even-3-S-1";
210 1 1 209,329 "Even-3-B-0";
211 1 1 209,328 "Even-3-A-0";
212 1 0 211,210 "Even-3-S-0";
213 1 1 201,316 "Even-9-A-6";
214 1 0 213,203 "Even-9-S-6";
215 1 1 214,319 "Even-9-B-5";
216 1 0 228,229 "Even-6-S-3";
217 1 1 237,329 "Even-1-B-0";
218 1 0 219,220 "Even-6-S-0";
219 1 1 221,328 "Even-6-A-0";
220 1 1 221,329 "Even-6-B-0";
221 1 0 222,223 "Even-6-S-1";
222 1 1 224,326 "Even-6-A-1";
223 1 1 224,327 "Even-6-B-1";
224 1 0 225,226 "Even-6-S-2";
225 1 1 216,324 "Even-6-A-2";
226 1 1 216,325 "Even-6-B-2";
227 1 1 237,328 "Even-1-A-0";
228 1 1 230,322 "Even-6-A-3";
229 1 1 230,323 "Even-6-B-3";
230 1 0 231,232 "Even-6-S-4";
231 1 1 233,320 "Even-6-A-4";
232 1 1 233,321 "Even-6-B-4";
233 1 0 234,235 "Even-6-S-5";
234 1 1 236,318 "Even-6-A-5";
235 1 1 236,319 "Even-6-B-5";
236 1 0 309,315,313,311 "Even-6-Z";
237 1 0 302,325,323,321,319,317,315,313,311 "Even-1-Z";
238 1 0 301,327,325,323,321,319,317,315,313,311 "Even-0-Z";
239 1 1 240,325 "Even-5-B-2";
240 1 0 241,242 "Even-5-S-3";
241 1 1 243,322 "Even-5-A-3";
242 1 1 243,323 "Even-5-B-3";
243 1 0 244,245 "Even-5-S-4";
244 1 1 246,320 "Even-5-A-4";
245 1 1 246,321 "Even-5-B-4";
246 1 0 308,317,315,313,311 "Even-5-Z";
247 1 1 240,324 "Even-5-A-2";
248 1 0 339,29 "Odd-5-T";
249 1 0 337,45 "Odd-6-T";
250 1 0 247,239 "Even-5-S-2";
251 1 1 250,327 "Even-5-B-1";
252 1 1 250,326 "Even-5-A-1";
253 1 0 252,251 "Even-5-S-1";
254 1 1 253,329 "Even-5-B-0";
255 1 1 253,328 "Even-5-A-0";
256 1 0 255,254 "Even-5-S-0";
257 1 0 349,133 "Odd-0-T";
258 1 0 227,217 "Even-1-S-0";
259 1 1 155,316 "Even-7-A-6";
260 1 0 180,179 "Even-2-S-1";
261 1 1 263,322 "Even-7-A-3";
262 1 1 263,323 "Even-7-B-3";
263 1 0 264,265 "Even-7-S-4";
264 1 1 266,320 "Even-7-A-4";
265 1 1 266,321 "Even-7-B-4";
266 1 0 267,268 "Even-7-S-5";
267 1 1 269,318 "Even-7-A-5";
268 1 1 269,319 "Even-7-B-5";
269 1 0 259,271 "Even-7-S-6";
270 1 0 261,262 "Even-7-S-3";
271 1 1 155,317 "Even-7-B-6";
272 1 1 260,328 "Even-2-A-0";
273 1 0 335,8 "Odd-7-T";
274 1 1 260,329 "Even-2-B-0";
275 1 1 289,326 "Even-4-A-1";
276 1 0 275,290 "Even-4-S-1";
277 1 1 276,329 "Even-4-B-0";
278 1 1 276,328 "Even-4-A-0";
279 1 0 278,277 "Even-4-S-0";
280 1 1 270,324 "Even-7-A-2";
281 1 0 347,130 "Odd-1-T";
282 1 0 341,129 "Odd-4-T";
283 1 0 304,319,317,315,313,311 "Even-4-Z";
284 1 1 283,323 "Even-4-B-3";
285 1 1 283,322 "Even-4-A-3";
286 1 0 285,284 "Even-4-S-3";
287 1 1 286,325 "Even-4-B-2";
288 1 1 286,324 "Even-4-A-2";
289 1 0 288,287 "Even-4-S-2";
290 1 1 289,327 "Even-4-B-1";
291 1 0 272,274 "Even-2-S-0";
292 1 0 293,294 "Even-7-S-0";
293 1 1 295,328 "Even-7-A-0";
294 1 1 295,329 "Even-7-B-0";
295 1 0 296,297 "Even-7-S-1";
296 1 1 298,326 "Even-7-A-1";
297 1 1 298,327 "Even-7-B-1";
298 1 0 280,299 "Even-7-S-2";
299 1 1 270,325 "Even-7-B-2";
300 2 1 344,291 "Even-2-T";
301 2 1 348,238 "Even-0-T";
302 2 1 346,258 "Even-1-T";
303 2 1 330,184 "Even-9-T";
304 2 1 340,279 "Even-4-T";
305 2 1 334,292 "Even-7-T";
306 2 1 332,157 "Even-8-T";
307 2 1 342,212 "Even-3-T";
308 2 1 338,256 "Even-5-T";
309 2 1 336,218 "Even-6-T";
310 3 1 303 "Even-9-L";
311 4 0 164 "Odd-9-L";
312 5 1 306 "Even-8-L";
313 6 0 202 "Odd-8-L";
314 7 1 305 "Even-7-L";
315 8 0 273 "Odd-7-L";
316 9 1 309 "Even-6-L";
317 10 0 249 "Odd-6-L";
318 11 1 308 "Even-5-L";
319 12 0 248 "Odd-5-L";
320 13 1 304 "Even-4-L";
321 14 0 282 "Odd-4-L";
322 15 1 307 "Even-3-L";
323 16 0 165 "Odd-3-L";
324 17 1 300 "Even-2-L";
325 18 0 176 "Odd-2-L";
326 19 1 302 "Even-1-L";
327 20 0 281 "Odd-1-L";
328 21 1 301 "Even-0-L";
329 22 0 257 "Odd-0-L";
330 24 0 312 "Even-9-H";
331 25 1 313 "Odd-9-H";
332 26 0 314 "Even-8-H";
333 27 1 315 "Odd-8-H";
334 28 0 316 "Even-7-H";
335 29 1 317 "Odd-7-H";
336 30 0 318 "Even-6-H";
337 31 1 319 "Odd-6-H";
338 32 0 320 "Even-5-H";
339 33 1 321 "Odd-5-H";
340 34 0 322 "Even-4-H";
341 35 1 323 "Odd-4-H";
342 36 0 324 "Even-3-H";
343 37 1 325 "Odd-3-H";
344 38 0 326 "Even-2-H";
345 39 1 327 "Odd-2-H";
346 40 0 328 "Even-1-H";
347 41 1 329 "Odd-1-H";
348 42 0 310 "Even-0-H";
349 43 1 311 "Odd-0-H";
