parity 1178;
0 0 0 8,1139 "Odd-16-A-0";
1 0 0 38,1133 "Odd-16-A-3";
2 0 1 1,10 "Odd-16-S-3";
3 0 0 2,1134 "Odd-16-B-2";
4 0 0 2,1135 "Odd-16-A-2";
5 0 1 4,3 "Odd-16-S-2";
6 0 0 5,1136 "Odd-16-B-1";
7 0 0 5,1137 "Odd-16-A-1";
8 0 1 7,6 "Odd-16-S-1";
9 0 0 8,1138 "Odd-16-B-0";
10 0 0 38,1132 "Odd-16-B-3";
11 0 1 0,9 "Odd-16-S-0";
12 0 1 13,14 "Odd-11-S-0";
13 0 0 15,1139 "Odd-11-A-0";
14 0 0 15,1138 "Odd-11-B-0";
15 0 1 16,17 "Odd-11-S-1";
16 0 0 18,1137 "Odd-11-A-1";
17 0 0 18,1136 "Odd-11-B-1";
18 0 1 19,30 "Odd-11-S-2";
19 0 0 59,1135 "Odd-11-A-2";
20 0 0 29,1126 "Odd-16-B-6";
21 0 0 23,1123 "Odd-10-A-8";
22 0 0 23,1122 "Odd-10-B-8";
23 0 1 24,25 "Odd-10-S-9";
24 0 0 26,1121 "Odd-10-A-9";
25 0 0 26,1120 "Odd-10-B-9";
26 0 1 809,1118,1116,1114,1112,1110,1108,1106,1104,1102 "Odd-10-Z";
27 0 0 148,1124 "Odd-16-B-7";
28 0 0 148,1125 "Odd-16-A-7";
29 0 1 28,27 "Odd-16-S-7";
30 0 0 59,1134 "Odd-11-B-2";
31 0 0 29,1127 "Odd-16-A-6";
32 0 1 31,20 "Odd-16-S-6";
33 0 0 32,1128 "Odd-16-B-5";
34 0 0 32,1129 "Odd-16-A-5";
35 0 1 34,33 "Odd-16-S-5";
36 0 0 35,1130 "Odd-16-B-4";
37 0 0 35,1131 "Odd-16-A-4";
38 0 1 37,36 "Odd-16-S-4";
39 0 1 48,47 "Odd-15-S-14";
40 0 0 42,1121 "Odd-11-A-9";
41 0 0 42,1120 "Odd-11-B-9";
42 0 1 43,44 "Odd-11-S-10";
43 0 0 45,1119 "Odd-11-A-10";
44 0 0 45,1118 "Odd-11-B-10";
45 0 1 1075,1116,1114,1112,1110,1108,1106,1104,1102 "Odd-11-Z";
46 0 1 541,1108,1106,1104,1102 "Odd-15-Z";
47 0 0 46,1110 "Odd-15-B-14";
48 0 0 46,1111 "Odd-15-A-14";
49 0 1 40,41 "Odd-11-S-9";
50 0 0 39,1112 "Odd-15-B-13";
51 0 0 39,1113 "Odd-15-A-13";
52 0 1 51,50 "Odd-15-S-13";
53 0 0 52,1114 "Odd-15-B-12";
54 0 0 52,1115 "Odd-15-A-12";
55 0 1 56,57 "Odd-12-S-0";
56 0 0 145,1139 "Odd-12-A-0";
57 0 0 145,1138 "Odd-12-B-0";
58 0 1 69,70 "Odd-11-S-6";
59 0 1 60,61 "Odd-11-S-3";
60 0 0 62,1133 "Odd-11-A-3";
61 0 0 62,1132 "Odd-11-B-3";
62 0 1 63,64 "Odd-11-S-4";
63 0 0 65,1131 "Odd-11-A-4";
64 0 0 65,1130 "Odd-11-B-4";
65 0 1 66,67 "Odd-11-S-5";
66 0 0 58,1129 "Odd-11-A-5";
67 0 0 58,1128 "Odd-11-B-5";
68 0 1 21,22 "Odd-10-S-8";
69 0 0 71,1127 "Odd-11-A-6";
70 0 0 71,1126 "Odd-11-B-6";
71 0 1 72,73 "Odd-11-S-7";
72 0 0 74,1125 "Odd-11-A-7";
73 0 0 74,1124 "Odd-11-B-7";
74 0 1 75,76 "Odd-11-S-8";
75 0 0 49,1123 "Odd-11-A-8";
76 0 0 49,1122 "Odd-11-B-8";
77 0 1 593,1106,1104,1102 "Odd-16-Z";
78 0 0 80,1127 "Odd-9-A-6";
79 0 0 80,1126 "Odd-9-B-6";
80 0 1 81,82 "Odd-9-S-7";
81 0 0 83,1125 "Odd-9-A-7";
82 0 0 83,1124 "Odd-9-B-7";
83 0 1 84,85 "Odd-9-S-8";
84 0 0 86,1123 "Odd-9-A-8";
85 0 0 86,1122 "Odd-9-B-8";
86 0 1 824,1120,1118,1116,1114,1112,1110,1108,1106,1104,1102 "Odd-9-Z";
87 0 1 78,79 "Odd-9-S-6";
88 0 0 77,1108 "Odd-16-B-15";
89 0 0 77,1109 "Odd-16-A-15";
90 0 1 89,88 "Odd-16-S-15";
91 0 0 90,1110 "Odd-16-B-14";
92 0 0 90,1111 "Odd-16-A-14";
93 0 1 92,91 "Odd-16-S-14";
94 0 0 93,1113 "Odd-16-A-13";
95 0 1 94,299 "Odd-16-S-13";
96 0 0 95,1114 "Odd-16-B-12";
97 0 1 108,109 "Odd-9-S-3";
98 0 1 99,100 "Odd-9-S-0";
99 0 0 101,1139 "Odd-9-A-0";
100 0 0 101,1138 "Odd-9-B-0";
101 0 1 102,103 "Odd-9-S-1";
102 0 0 104,1137 "Odd-9-A-1";
103 0 0 104,1136 "Odd-9-B-1";
104 0 1 105,106 "Odd-9-S-2";
105 0 0 97,1135 "Odd-9-A-2";
106 0 0 97,1134 "Odd-9-B-2";
107 0 0 95,1115 "Odd-16-A-12";
108 0 0 110,1133 "Odd-9-A-3";
109 0 0 110,1132 "Odd-9-B-3";
110 0 1 111,112 "Odd-9-S-4";
111 0 0 113,1131 "Odd-9-A-4";
112 0 0 113,1130 "Odd-9-B-4";
113 0 1 114,115 "Odd-9-S-5";
114 0 0 87,1129 "Odd-9-A-5";
115 0 0 87,1128 "Odd-9-B-5";
116 0 1 127,128 "Odd-10-S-5";
117 0 1 118,119 "Odd-10-S-2";
118 0 0 120,1135 "Odd-10-A-2";
119 0 0 120,1134 "Odd-10-B-2";
120 0 1 121,122 "Odd-10-S-3";
121 0 0 123,1133 "Odd-10-A-3";
122 0 0 123,1132 "Odd-10-B-3";
123 0 1 124,125 "Odd-10-S-4";
124 0 0 116,1131 "Odd-10-A-4";
125 0 0 116,1130 "Odd-10-B-4";
126 0 0 117,1136 "Odd-10-B-1";
127 0 0 129,1129 "Odd-10-A-5";
128 0 0 129,1128 "Odd-10-B-5";
129 0 1 130,131 "Odd-10-S-6";
130 0 0 132,1127 "Odd-10-A-6";
131 0 0 132,1126 "Odd-10-B-6";
132 0 1 133,134 "Odd-10-S-7";
133 0 0 68,1125 "Odd-10-A-7";
134 0 0 68,1124 "Odd-10-B-7";
135 0 1 144,143 "Odd-16-S-9";
136 0 1 107,96 "Odd-16-S-12";
137 0 0 136,1116 "Odd-16-B-11";
138 0 0 136,1117 "Odd-16-A-11";
139 0 1 138,137 "Odd-16-S-11";
140 0 0 139,1118 "Odd-16-B-10";
141 0 0 139,1119 "Odd-16-A-10";
142 0 1 141,140 "Odd-16-S-10";
143 0 0 142,1120 "Odd-16-B-9";
144 0 0 142,1121 "Odd-16-A-9";
145 0 1 252,253 "Odd-12-S-1";
146 0 0 135,1122 "Odd-16-B-8";
147 0 0 135,1123 "Odd-16-A-8";
148 0 1 147,146 "Odd-16-S-8";
149 0 1 150,151 "Odd-10-S-0";
150 0 0 152,1139 "Odd-10-A-0";
151 0 0 152,1138 "Odd-10-B-0";
152 0 1 153,126 "Odd-10-S-1";
153 0 0 117,1137 "Odd-10-A-1";
154 0 0 165,1116 "Odd-13-B-11";
155 0 0 156,1122 "Odd-13-B-8";
156 0 1 157,158 "Odd-13-S-9";
157 0 0 159,1121 "Odd-13-A-9";
158 0 0 159,1120 "Odd-13-B-9";
159 0 1 160,161 "Odd-13-S-10";
160 0 0 162,1119 "Odd-13-A-10";
161 0 0 162,1118 "Odd-13-B-10";
162 0 1 163,154 "Odd-13-S-11";
163 0 0 165,1117 "Odd-13-A-11";
164 0 0 156,1123 "Odd-13-A-8";
165 0 1 166,167 "Odd-13-S-12";
166 0 0 168,1115 "Odd-13-A-12";
167 0 0 168,1114 "Odd-13-B-12";
168 0 1 1068,1112,1110,1108,1106,1104,1102 "Odd-13-Z";
169 0 1 916,1110,1108,1106,1104,1102 "Odd-14-Z";
170 0 0 169,1112 "Odd-14-B-13";
171 0 0 169,1113 "Odd-14-A-13";
172 0 1 171,170 "Odd-14-S-13";
173 0 0 172,1114 "Odd-14-B-12";
174 0 0 186,1129 "Odd-13-A-5";
175 0 0 177,1135 "Odd-13-A-2";
176 0 0 177,1134 "Odd-13-B-2";
177 0 1 178,179 "Odd-13-S-3";
178 0 0 180,1133 "Odd-13-A-3";
179 0 0 180,1132 "Odd-13-B-3";
180 0 1 181,182 "Odd-13-S-4";
181 0 0 183,1131 "Odd-13-A-4";
182 0 0 183,1130 "Odd-13-B-4";
183 0 1 174,185 "Odd-13-S-5";
184 0 0 172,1115 "Odd-14-A-12";
185 0 0 186,1128 "Odd-13-B-5";
186 0 1 187,188 "Odd-13-S-6";
187 0 0 189,1127 "Odd-13-A-6";
188 0 0 189,1126 "Odd-13-B-6";
189 0 1 190,191 "Odd-13-S-7";
190 0 0 192,1125 "Odd-13-A-7";
191 0 0 192,1124 "Odd-13-B-7";
192 0 1 164,155 "Odd-13-S-8";
193 0 0 204,1124 "Odd-14-B-7";
194 0 0 195,1130 "Odd-14-B-4";
195 0 1 196,197 "Odd-14-S-5";
196 0 0 198,1129 "Odd-14-A-5";
197 0 0 198,1128 "Odd-14-B-5";
198 0 1 199,200 "Odd-14-S-6";
199 0 0 201,1127 "Odd-14-A-6";
200 0 0 201,1126 "Odd-14-B-6";
201 0 1 202,193 "Odd-14-S-7";
202 0 0 204,1125 "Odd-14-A-7";
203 0 0 195,1131 "Odd-14-A-4";
204 0 1 205,206 "Odd-14-S-8";
205 0 0 207,1123 "Odd-14-A-8";
206 0 0 207,1122 "Odd-14-B-8";
207 0 1 208,209 "Odd-14-S-9";
208 0 0 210,1121 "Odd-14-A-9";
209 0 0 210,1120 "Odd-14-B-9";
210 0 1 211,217 "Odd-14-S-10";
211 0 0 216,1119 "Odd-14-A-10";
212 0 0 224,1137 "Odd-14-A-1";
213 0 1 184,173 "Odd-14-S-12";
214 0 0 213,1116 "Odd-14-B-11";
215 0 0 213,1117 "Odd-14-A-11";
216 0 1 215,214 "Odd-14-S-11";
217 0 0 216,1118 "Odd-14-B-10";
218 0 1 219,220 "Odd-14-S-0";
219 0 0 221,1139 "Odd-14-A-0";
220 0 0 221,1138 "Odd-14-B-0";
221 0 1 212,223 "Odd-14-S-1";
222 0 1 175,176 "Odd-13-S-2";
223 0 0 224,1136 "Odd-14-B-1";
224 0 1 225,226 "Odd-14-S-2";
225 0 0 227,1135 "Odd-14-A-2";
226 0 0 227,1134 "Odd-14-B-2";
227 0 1 228,229 "Odd-14-S-3";
228 0 0 230,1133 "Odd-14-A-3";
229 0 0 230,1132 "Odd-14-B-3";
230 0 1 203,194 "Odd-14-S-4";
231 0 0 242,1118 "Odd-12-B-10";
232 0 0 233,1124 "Odd-12-B-7";
233 0 1 234,235 "Odd-12-S-8";
234 0 0 236,1123 "Odd-12-A-8";
235 0 0 236,1122 "Odd-12-B-8";
236 0 1 237,238 "Odd-12-S-9";
237 0 0 239,1121 "Odd-12-A-9";
238 0 0 239,1120 "Odd-12-B-9";
239 0 1 240,231 "Odd-12-S-10";
240 0 0 242,1119 "Odd-12-A-10";
241 0 0 233,1125 "Odd-12-A-7";
242 0 1 243,244 "Odd-12-S-11";
243 0 0 245,1117 "Odd-12-A-11";
244 0 0 245,1116 "Odd-12-B-11";
245 0 1 932,1114,1112,1110,1108,1106,1104,1102 "Odd-12-Z";
246 0 1 54,53 "Odd-15-S-12";
247 0 0 246,1116 "Odd-15-B-11";
248 0 0 246,1117 "Odd-15-A-11";
249 0 1 248,247 "Odd-15-S-11";
250 0 0 249,1118 "Odd-15-B-10";
251 0 0 263,1131 "Odd-12-A-4";
252 0 0 254,1137 "Odd-12-A-1";
253 0 0 254,1136 "Odd-12-B-1";
254 0 1 255,256 "Odd-12-S-2";
255 0 0 257,1135 "Odd-12-A-2";
256 0 0 257,1134 "Odd-12-B-2";
257 0 1 258,259 "Odd-12-S-3";
258 0 0 260,1133 "Odd-12-A-3";
259 0 0 260,1132 "Odd-12-B-3";
260 0 1 251,262 "Odd-12-S-4";
261 0 0 249,1119 "Odd-15-A-10";
262 0 0 263,1130 "Odd-12-B-4";
263 0 1 264,265 "Odd-12-S-5";
264 0 0 266,1129 "Odd-12-A-5";
265 0 0 266,1128 "Odd-12-B-5";
266 0 1 267,268 "Odd-12-S-6";
267 0 0 269,1127 "Odd-12-A-6";
268 0 0 269,1126 "Odd-12-B-6";
269 0 1 241,232 "Odd-12-S-7";
270 0 0 279,1138 "Odd-15-B-0";
271 0 0 280,1132 "Odd-15-B-3";
272 0 0 280,1133 "Odd-15-A-3";
273 0 1 272,271 "Odd-15-S-3";
274 0 0 273,1134 "Odd-15-B-2";
275 0 0 273,1135 "Odd-15-A-2";
276 0 1 275,274 "Odd-15-S-2";
277 0 0 276,1136 "Odd-15-B-1";
278 0 0 276,1137 "Odd-15-A-1";
279 0 1 278,277 "Odd-15-S-1";
280 0 1 307,306 "Odd-15-S-4";
281 0 0 279,1139 "Odd-15-A-0";
282 0 1 281,270 "Odd-15-S-0";
283 0 1 284,285 "Odd-13-S-0";
284 0 0 286,1139 "Odd-13-A-0";
285 0 0 286,1138 "Odd-13-B-0";
286 0 1 287,288 "Odd-13-S-1";
287 0 0 222,1137 "Odd-13-A-1";
288 0 0 222,1136 "Odd-13-B-1";
289 0 1 298,297 "Odd-15-S-7";
290 0 1 261,250 "Odd-15-S-10";
291 0 0 290,1120 "Odd-15-B-9";
292 0 0 290,1121 "Odd-15-A-9";
293 0 1 292,291 "Odd-15-S-9";
294 0 0 293,1122 "Odd-15-B-8";
295 0 0 293,1123 "Odd-15-A-8";
296 0 1 295,294 "Odd-15-S-8";
297 0 0 296,1124 "Odd-15-B-7";
298 0 0 296,1125 "Odd-15-A-7";
299 0 0 93,1112 "Odd-16-B-13";
300 0 0 289,1126 "Odd-15-B-6";
301 0 0 289,1127 "Odd-15-A-6";
302 0 1 301,300 "Odd-15-S-6";
303 0 0 302,1128 "Odd-15-B-5";
304 0 0 302,1129 "Odd-15-A-5";
305 0 1 304,303 "Odd-15-S-5";
306 0 0 305,1130 "Odd-15-B-4";
307 0 0 305,1131 "Odd-15-A-4";
308 0 0 324,1110 "Odd-17-B-14";
309 0 1 310,311 "Odd-5-S-1";
310 0 0 403,1137 "Odd-5-A-1";
311 0 0 403,1136 "Odd-5-B-1";
312 0 1 313,314 "Odd-17-S-11";
313 0 0 315,1117 "Odd-17-A-11";
314 0 0 315,1116 "Odd-17-B-11";
315 0 1 316,317 "Odd-17-S-12";
316 0 0 318,1115 "Odd-17-A-12";
317 0 0 318,1114 "Odd-17-B-12";
318 0 1 319,320 "Odd-17-S-13";
319 0 0 321,1113 "Odd-17-A-13";
320 0 0 321,1112 "Odd-17-B-13";
321 0 1 322,308 "Odd-17-S-14";
322 0 0 324,1111 "Odd-17-A-14";
323 0 0 309,1138 "Odd-5-B-0";
324 0 1 325,326 "Odd-17-S-15";
325 0 0 327,1109 "Odd-17-A-15";
326 0 0 327,1108 "Odd-17-B-15";
327 0 1 328,329 "Odd-17-S-16";
328 0 0 330,1107 "Odd-17-A-16";
329 0 0 330,1106 "Odd-17-B-16";
330 0 1 594,1104,1102 "Odd-17-Z";
331 0 1 887,1126,1124,1122,1120,1118,1116,1114,1112,1110,1108,1106,1104,1102 "Odd-6-Z";
332 0 0 331,1128 "Odd-6-B-5";
333 0 0 331,1129 "Odd-6-A-5";
334 0 1 333,332 "Odd-6-S-5";
335 0 0 334,1130 "Odd-6-B-4";
336 0 0 334,1131 "Odd-6-A-4";
337 0 0 352,1122 "Odd-17-B-8";
338 0 0 466,1133 "Odd-7-A-3";
339 0 1 338,484 "Odd-7-S-3";
340 0 0 339,1134 "Odd-7-B-2";
341 0 0 339,1135 "Odd-7-A-2";
342 0 1 341,340 "Odd-7-S-2";
343 0 0 342,1136 "Odd-7-B-1";
344 0 0 342,1137 "Odd-7-A-1";
345 0 1 344,343 "Odd-7-S-1";
346 0 0 345,1138 "Odd-7-B-0";
347 0 0 345,1139 "Odd-7-A-0";
348 0 1 347,346 "Odd-7-S-0";
349 0 1 350,337 "Odd-17-S-8";
350 0 0 352,1123 "Odd-17-A-8";
351 0 1 336,335 "Odd-6-S-4";
352 0 1 353,354 "Odd-17-S-9";
353 0 0 355,1121 "Odd-17-A-9";
354 0 0 355,1120 "Odd-17-B-9";
355 0 1 356,357 "Odd-17-S-10";
356 0 0 312,1119 "Odd-17-A-10";
357 0 0 312,1118 "Odd-17-B-10";
358 0 0 525,1137 "Odd-4-A-1";
359 0 1 358,526 "Odd-4-S-1";
360 0 0 359,1138 "Odd-4-B-0";
361 0 0 359,1139 "Odd-4-A-0";
362 0 1 361,360 "Odd-4-S-0";
363 0 1 364,323 "Odd-5-S-0";
364 0 0 309,1139 "Odd-5-A-0";
365 0 0 378,1139 "Odd-6-A-0";
366 0 0 421,1131 "Odd-18-A-4";
367 0 1 366,380 "Odd-18-S-4";
368 0 0 367,1132 "Odd-18-B-3";
369 0 0 367,1133 "Odd-18-A-3";
370 0 1 371,372 "Odd-3-S-0";
371 0 0 373,1139 "Odd-3-A-0";
372 0 0 373,1138 "Odd-3-B-0";
373 0 1 374,375 "Odd-3-S-1";
374 0 0 376,1137 "Odd-3-A-1";
375 0 0 376,1136 "Odd-3-B-1";
376 0 1 377,382 "Odd-3-S-2";
377 0 0 383,1135 "Odd-3-A-2";
378 0 1 402,401 "Odd-6-S-1";
379 0 0 378,1138 "Odd-6-B-0";
380 0 0 421,1130 "Odd-18-B-4";
381 0 1 365,379 "Odd-6-S-0";
382 0 0 383,1134 "Odd-3-B-2";
383 0 1 836,1132,1130,1128,1126,1124,1122,1120,1118,1116,1114,1112,1110,1108,1106,1104,1102 "Odd-3-Z";
384 0 1 369,368 "Odd-18-S-3";
385 0 0 384,1134 "Odd-18-B-2";
386 0 0 384,1135 "Odd-18-A-2";
387 0 1 386,385 "Odd-18-S-2";
388 0 0 387,1136 "Odd-18-B-1";
389 0 0 387,1137 "Odd-18-A-1";
390 0 1 389,388 "Odd-18-S-1";
391 0 0 390,1138 "Odd-18-B-0";
392 0 0 390,1139 "Odd-18-A-0";
393 0 1 392,391 "Odd-18-S-0";
394 0 0 409,1132 "Odd-5-B-3";
395 0 0 351,1132 "Odd-6-B-3";
396 0 0 351,1133 "Odd-6-A-3";
397 0 1 396,395 "Odd-6-S-3";
398 0 0 397,1134 "Odd-6-B-2";
399 0 0 397,1135 "Odd-6-A-2";
400 0 1 399,398 "Odd-6-S-2";
401 0 0 400,1136 "Odd-6-B-1";
402 0 0 400,1137 "Odd-6-A-1";
403 0 1 404,405 "Odd-5-S-2";
404 0 0 406,1135 "Odd-5-A-2";
405 0 0 406,1134 "Odd-5-B-2";
406 0 1 407,394 "Odd-5-S-3";
407 0 0 409,1133 "Odd-5-A-3";
408 0 1 574,1102 "Odd-18-Z";
409 0 1 410,411 "Odd-5-S-4";
410 0 0 412,1131 "Odd-5-A-4";
411 0 0 412,1130 "Odd-5-B-4";
412 0 1 914,1128,1126,1124,1122,1120,1118,1116,1114,1112,1110,1108,1106,1104,1102 "Odd-5-Z";
413 0 0 443,1124 "Odd-18-B-7";
414 0 0 443,1125 "Odd-18-A-7";
415 0 1 414,413 "Odd-18-S-7";
416 0 0 415,1126 "Odd-18-B-6";
417 0 0 415,1127 "Odd-18-A-6";
418 0 1 417,416 "Odd-18-S-6";
419 0 0 418,1128 "Odd-18-B-5";
420 0 0 418,1129 "Odd-18-A-5";
421 0 1 420,419 "Odd-18-S-5";
422 0 0 438,1138 "Odd-2-B-0";
423 0 0 437,1120 "Odd-18-B-9";
424 0 0 437,1121 "Odd-18-A-9";
425 0 1 424,423 "Odd-18-S-9";
426 0 1 748,1122,1120,1118,1116,1114,1112,1110,1108,1106,1104,1102 "Odd-8-Z";
427 0 0 426,1124 "Odd-8-B-7";
428 0 0 426,1125 "Odd-8-A-7";
429 0 1 428,427 "Odd-8-S-7";
430 0 0 429,1126 "Odd-8-B-6";
431 0 0 429,1127 "Odd-8-A-6";
432 0 1 431,430 "Odd-8-S-6";
433 0 0 432,1128 "Odd-8-B-5";
434 0 0 425,1122 "Odd-18-B-8";
435 0 1 436,422 "Odd-2-S-0";
436 0 0 438,1139 "Odd-2-A-0";
437 0 1 479,478 "Odd-18-S-10";
438 0 1 439,440 "Odd-2-S-1";
439 0 0 441,1137 "Odd-2-A-1";
440 0 0 441,1136 "Odd-2-B-1";
441 0 1 872,1134,1132,1130,1128,1126,1124,1122,1120,1118,1116,1114,1112,1110,1108,1106,1104,1102 "Odd-2-Z";
442 0 0 425,1123 "Odd-18-A-8";
443 0 1 442,434 "Odd-18-S-8";
444 0 0 432,1129 "Odd-8-A-5";
445 0 1 444,433 "Odd-8-S-5";
446 0 0 445,1130 "Odd-8-B-4";
447 0 0 445,1131 "Odd-8-A-4";
448 0 1 447,446 "Odd-8-S-4";
449 0 0 448,1132 "Odd-8-B-3";
450 0 0 448,1133 "Odd-8-A-3";
451 0 0 464,1113 "Odd-18-A-13";
452 0 0 408,1104 "Odd-18-B-17";
453 0 0 408,1105 "Odd-18-A-17";
454 0 1 453,452 "Odd-18-S-17";
455 0 0 454,1106 "Odd-18-B-16";
456 0 0 454,1107 "Odd-18-A-16";
457 0 1 859,1138,1136,1134,1132,1130,1128,1126,1124,1122,1120,1118,1116,1114,1112,1110,1108,1106,1104,1102 "Odd-0-Z";
458 0 1 456,455 "Odd-18-S-16";
459 0 0 458,1108 "Odd-18-B-15";
460 0 0 458,1109 "Odd-18-A-15";
461 0 1 460,459 "Odd-18-S-15";
462 0 0 461,1110 "Odd-18-B-14";
463 0 0 461,1111 "Odd-18-A-14";
464 0 1 463,462 "Odd-18-S-14";
465 0 0 464,1112 "Odd-18-B-13";
466 0 1 485,486 "Odd-7-S-4";
467 0 1 451,465 "Odd-18-S-13";
468 0 1 469,470 "Odd-1-S-0";
469 0 0 471,1139 "Odd-1-A-0";
470 0 0 471,1138 "Odd-1-B-0";
471 0 1 864,1136,1134,1132,1130,1128,1126,1124,1122,1120,1118,1116,1114,1112,1110,1108,1106,1104,1102 "Odd-1-Z";
472 0 0 467,1114 "Odd-18-B-12";
473 0 0 467,1115 "Odd-18-A-12";
474 0 1 473,472 "Odd-18-S-12";
475 0 0 474,1116 "Odd-18-B-11";
476 0 0 474,1117 "Odd-18-A-11";
477 0 1 476,475 "Odd-18-S-11";
478 0 0 477,1118 "Odd-18-B-10";
479 0 0 477,1119 "Odd-18-A-10";
480 0 0 495,1128 "Odd-17-B-5";
481 0 1 494,482 "Odd-17-S-2";
482 0 0 483,1134 "Odd-17-B-2";
483 0 1 487,488 "Odd-17-S-3";
484 0 0 466,1132 "Odd-7-B-3";
485 0 0 507,1131 "Odd-7-A-4";
486 0 0 507,1130 "Odd-7-B-4";
487 0 0 489,1133 "Odd-17-A-3";
488 0 0 489,1132 "Odd-17-B-3";
489 0 1 490,491 "Odd-17-S-4";
490 0 0 492,1131 "Odd-17-A-4";
491 0 0 492,1130 "Odd-17-B-4";
492 0 1 493,480 "Odd-17-S-5";
493 0 0 495,1129 "Odd-17-A-5";
494 0 0 483,1135 "Odd-17-A-2";
495 0 1 496,497 "Odd-17-S-6";
496 0 0 498,1127 "Odd-17-A-6";
497 0 0 498,1126 "Odd-17-B-6";
498 0 1 499,500 "Odd-17-S-7";
499 0 0 349,1125 "Odd-17-A-7";
500 0 0 349,1124 "Odd-17-B-7";
501 0 1 769,1124,1122,1120,1118,1116,1114,1112,1110,1108,1106,1104,1102 "Odd-7-Z";
502 0 0 501,1126 "Odd-7-B-6";
503 0 0 501,1127 "Odd-7-A-6";
504 0 1 503,502 "Odd-7-S-6";
505 0 0 504,1128 "Odd-7-B-5";
506 0 0 504,1129 "Odd-7-A-5";
507 0 1 506,505 "Odd-7-S-5";
508 0 1 521,520 "Odd-4-S-3";
509 0 1 450,449 "Odd-8-S-3";
510 0 0 509,1134 "Odd-8-B-2";
511 0 0 509,1135 "Odd-8-A-2";
512 0 1 511,510 "Odd-8-S-2";
513 0 0 512,1136 "Odd-8-B-1";
514 0 0 512,1137 "Odd-8-A-1";
515 0 1 850,1130,1128,1126,1124,1122,1120,1118,1116,1114,1112,1110,1108,1106,1104,1102 "Odd-4-Z";
516 0 1 514,513 "Odd-8-S-1";
517 0 0 516,1138 "Odd-8-B-0";
518 0 0 516,1139 "Odd-8-A-0";
519 0 1 518,517 "Odd-8-S-0";
520 0 0 515,1132 "Odd-4-B-3";
521 0 0 515,1133 "Odd-4-A-3";
522 0 0 481,1136 "Odd-17-B-1";
523 0 0 508,1134 "Odd-4-B-2";
524 0 0 508,1135 "Odd-4-A-2";
525 0 1 524,523 "Odd-4-S-2";
526 0 0 525,1136 "Odd-4-B-1";
527 0 1 528,529 "Odd-17-S-0";
528 0 0 530,1139 "Odd-17-A-0";
529 0 0 530,1138 "Odd-17-B-0";
530 0 1 531,522 "Odd-17-S-1";
531 0 0 481,1137 "Odd-17-A-1";
532 1 1 536,1112 "Even-15-A-13";
533 1 0 532,534 "Even-15-S-13";
534 1 1 536,1113 "Even-15-B-13";
535 1 0 546,538 "Even-18-S-15";
536 1 0 543,544 "Even-15-S-14";
537 1 1 533,1115 "Even-15-B-12";
538 1 1 539,1109 "Even-18-B-15";
539 1 0 540,580 "Even-18-S-16";
540 1 1 570,1106 "Even-18-A-16";
541 1 0 1147,282 "Odd-15-T";
542 1 0 1088,1107,1105,1103 "Even-15-Z";
543 1 1 542,1110 "Even-15-A-14";
544 1 1 542,1111 "Even-15-B-14";
545 1 1 732,1139 "Even-16-B-0";
546 1 1 539,1108 "Even-18-A-15";
547 1 1 556,1132 "Even-15-A-3";
548 1 1 558,1127 "Even-15-B-6";
549 1 1 558,1126 "Even-15-A-6";
550 1 0 549,548 "Even-15-S-6";
551 1 1 550,1129 "Even-15-B-5";
552 1 1 550,1128 "Even-15-A-5";
553 1 0 552,551 "Even-15-S-5";
554 1 1 553,1131 "Even-15-B-4";
555 1 1 553,1130 "Even-15-A-4";
556 1 0 555,554 "Even-15-S-4";
557 1 1 556,1133 "Even-15-B-3";
558 1 0 590,589 "Even-15-S-7";
559 1 0 547,557 "Even-15-S-3";
560 1 1 559,1135 "Even-15-B-2";
561 1 1 559,1134 "Even-15-A-2";
562 1 0 561,560 "Even-15-S-2";
563 1 1 562,1137 "Even-15-B-1";
564 1 1 562,1136 "Even-15-A-1";
565 1 0 564,563 "Even-15-S-1";
566 1 1 565,1139 "Even-15-B-0";
567 1 1 565,1138 "Even-15-A-0";
568 1 0 567,566 "Even-15-S-0";
569 1 1 579,1119 "Even-15-B-10";
570 1 0 571,572 "Even-18-S-17";
571 1 1 573,1104 "Even-18-A-17";
572 1 1 573,1105 "Even-18-B-17";
573 1 0 1100 "Even-18-Z";
574 1 0 1141,393 "Odd-18-T";
575 1 1 533,1114 "Even-15-A-12";
576 1 0 575,537 "Even-15-S-12";
577 1 1 576,1117 "Even-15-B-11";
578 1 1 576,1116 "Even-15-A-11";
579 1 0 578,577 "Even-15-S-11";
580 1 1 570,1107 "Even-18-B-16";
581 1 1 579,1118 "Even-15-A-10";
582 1 0 581,569 "Even-15-S-10";
583 1 1 582,1121 "Even-15-B-9";
584 1 1 582,1120 "Even-15-A-9";
585 1 0 584,583 "Even-15-S-9";
586 1 1 585,1123 "Even-15-B-8";
587 1 1 585,1122 "Even-15-A-8";
588 1 0 587,586 "Even-15-S-8";
589 1 1 588,1125 "Even-15-B-7";
590 1 1 588,1124 "Even-15-A-7";
591 1 1 987,1131 "Even-13-B-4";
592 1 0 1099,1105,1103 "Even-16-Z";
593 1 0 1145,11 "Odd-16-T";
594 1 0 1143,527 "Odd-17-T";
595 1 0 1094,1103 "Even-17-Z";
596 1 1 595,1107 "Even-17-B-16";
597 1 1 595,1106 "Even-17-A-16";
598 1 0 597,596 "Even-17-S-16";
599 1 1 598,1109 "Even-17-B-15";
600 1 1 598,1108 "Even-17-A-15";
601 1 1 592,1109 "Even-16-B-15";
602 1 0 603,604 "Even-17-S-0";
603 1 1 605,1138 "Even-17-A-0";
604 1 1 605,1139 "Even-17-B-0";
605 1 0 606,607 "Even-17-S-1";
606 1 1 608,1136 "Even-17-A-1";
607 1 1 608,1137 "Even-17-B-1";
608 1 0 609,619 "Even-17-S-2";
609 1 1 648,1134 "Even-17-A-2";
610 1 1 620,1115 "Even-16-B-12";
611 1 0 612,613 "Even-16-S-10";
612 1 1 614,1118 "Even-16-A-10";
613 1 1 614,1119 "Even-16-B-10";
614 1 0 615,616 "Even-16-S-11";
615 1 1 617,1116 "Even-16-A-11";
616 1 1 617,1117 "Even-16-B-11";
617 1 0 618,610 "Even-16-S-12";
618 1 1 620,1114 "Even-16-A-12";
619 1 1 648,1135 "Even-17-B-2";
620 1 0 621,622 "Even-16-S-13";
621 1 1 623,1112 "Even-16-A-13";
622 1 1 623,1113 "Even-16-B-13";
623 1 0 624,625 "Even-16-S-14";
624 1 1 626,1110 "Even-16-A-14";
625 1 1 626,1111 "Even-16-B-14";
626 1 0 627,601 "Even-16-S-15";
627 1 1 592,1108 "Even-16-A-15";
628 1 1 640,1128 "Even-17-A-5";
629 1 0 638,664 "Even-17-S-10";
630 1 1 629,1121 "Even-17-B-9";
631 1 1 629,1120 "Even-17-A-9";
632 1 0 631,630 "Even-17-S-9";
633 1 1 632,1123 "Even-17-B-8";
634 1 0 635,636 "Even-17-S-4";
635 1 1 637,1130 "Even-17-A-4";
636 1 1 637,1131 "Even-17-B-4";
637 1 0 628,639 "Even-17-S-5";
638 1 1 663,1118 "Even-17-A-10";
639 1 1 640,1129 "Even-17-B-5";
640 1 0 641,642 "Even-17-S-6";
641 1 1 643,1126 "Even-17-A-6";
642 1 1 643,1127 "Even-17-B-6";
643 1 0 644,645 "Even-17-S-7";
644 1 1 646,1124 "Even-17-A-7";
645 1 1 646,1125 "Even-17-B-7";
646 1 0 731,633 "Even-17-S-8";
647 1 1 654,1112 "Even-17-A-13";
648 1 0 649,650 "Even-17-S-3";
649 1 1 634,1132 "Even-17-A-3";
650 1 1 634,1133 "Even-17-B-3";
651 1 0 600,599 "Even-17-S-15";
652 1 1 651,1111 "Even-17-B-14";
653 1 1 651,1110 "Even-17-A-14";
654 1 0 653,652 "Even-17-S-14";
655 1 1 654,1113 "Even-17-B-13";
656 1 1 611,1121 "Even-16-B-9";
657 1 0 647,655 "Even-17-S-13";
658 1 1 657,1115 "Even-17-B-12";
659 1 1 657,1114 "Even-17-A-12";
660 1 0 659,658 "Even-17-S-12";
661 1 1 660,1117 "Even-17-B-11";
662 1 1 660,1116 "Even-17-A-11";
663 1 0 662,661 "Even-17-S-11";
664 1 1 663,1119 "Even-17-B-10";
665 1 1 673,1128 "Even-18-A-5";
666 1 1 701,1122 "Even-18-A-8";
667 1 0 666,675 "Even-18-S-8";
668 1 1 667,1125 "Even-18-B-7";
669 1 1 667,1124 "Even-18-A-7";
670 1 0 669,668 "Even-18-S-7";
671 1 1 670,1127 "Even-18-B-6";
672 1 1 670,1126 "Even-18-A-6";
673 1 0 672,671 "Even-18-S-6";
674 1 1 673,1129 "Even-18-B-5";
675 1 1 701,1123 "Even-18-B-8";
676 1 0 665,674 "Even-18-S-5";
677 1 1 676,1131 "Even-18-B-4";
678 1 1 676,1130 "Even-18-A-4";
679 1 0 678,677 "Even-18-S-4";
680 1 1 679,1133 "Even-18-B-3";
681 1 1 679,1132 "Even-18-A-3";
682 1 0 681,680 "Even-18-S-3";
683 1 1 682,1135 "Even-18-B-2";
684 1 1 692,1117 "Even-18-B-11";
685 1 1 535,1110 "Even-18-A-14";
686 1 0 685,730 "Even-18-S-14";
687 1 1 686,1113 "Even-18-B-13";
688 1 1 686,1112 "Even-18-A-13";
689 1 0 688,687 "Even-18-S-13";
690 1 1 689,1115 "Even-18-B-12";
691 1 1 689,1114 "Even-18-A-12";
692 1 0 691,690 "Even-18-S-12";
693 1 1 682,1134 "Even-18-A-2";
694 1 1 692,1116 "Even-18-A-11";
695 1 0 694,684 "Even-18-S-11";
696 1 1 695,1119 "Even-18-B-10";
697 1 1 695,1118 "Even-18-A-10";
698 1 0 697,696 "Even-18-S-10";
699 1 1 698,1121 "Even-18-B-9";
700 1 1 698,1120 "Even-18-A-9";
701 1 0 700,699 "Even-18-S-9";
702 1 1 713,1127 "Even-16-B-6";
703 1 1 704,1133 "Even-16-B-3";
704 1 0 705,706 "Even-16-S-4";
705 1 1 707,1130 "Even-16-A-4";
706 1 1 707,1131 "Even-16-B-4";
707 1 0 708,709 "Even-16-S-5";
708 1 1 710,1128 "Even-16-A-5";
709 1 1 710,1129 "Even-16-B-5";
710 1 0 711,702 "Even-16-S-6";
711 1 1 713,1126 "Even-16-A-6";
712 1 1 704,1132 "Even-16-A-3";
713 1 0 714,715 "Even-16-S-7";
714 1 1 716,1124 "Even-16-A-7";
715 1 1 716,1125 "Even-16-B-7";
716 1 0 717,718 "Even-16-S-8";
717 1 1 719,1122 "Even-16-A-8";
718 1 1 719,1123 "Even-16-B-8";
719 1 0 720,656 "Even-16-S-9";
720 1 1 611,1120 "Even-16-A-9";
721 1 1 732,1138 "Even-16-A-0";
722 1 0 693,683 "Even-18-S-2";
723 1 1 722,1137 "Even-18-B-1";
724 1 1 722,1136 "Even-18-A-1";
725 1 0 724,723 "Even-18-S-1";
726 1 1 725,1139 "Even-18-B-0";
727 1 1 725,1138 "Even-18-A-0";
728 1 0 727,726 "Even-18-S-0";
729 1 0 721,545 "Even-16-S-0";
730 1 1 535,1111 "Even-18-B-14";
731 1 1 632,1122 "Even-17-A-8";
732 1 0 733,734 "Even-16-S-1";
733 1 1 735,1136 "Even-16-A-1";
734 1 1 735,1137 "Even-16-B-1";
735 1 0 736,737 "Even-16-S-2";
736 1 1 738,1134 "Even-16-A-2";
737 1 1 738,1135 "Even-16-B-2";
738 1 0 712,703 "Even-16-S-3";
739 1 1 752,1139 "Even-9-B-0";
740 1 1 741,1129 "Even-8-B-5";
741 1 0 742,743 "Even-8-S-6";
742 1 1 744,1126 "Even-8-A-6";
743 1 1 744,1127 "Even-8-B-6";
744 1 0 745,746 "Even-8-S-7";
745 1 1 747,1124 "Even-8-A-7";
746 1 1 747,1125 "Even-8-B-7";
747 1 0 1096,1121,1119,1117,1115,1113,1111,1109,1107,1105,1103 "Even-8-Z";
748 1 0 1161,519 "Odd-8-T";
749 1 0 750,739 "Even-9-S-0";
750 1 1 752,1138 "Even-9-A-0";
751 1 1 741,1128 "Even-8-A-5";
752 1 0 753,754 "Even-9-S-1";
753 1 1 755,1136 "Even-9-A-1";
754 1 1 755,1137 "Even-9-B-1";
755 1 0 756,757 "Even-9-S-2";
756 1 1 758,1134 "Even-9-A-2";
757 1 1 758,1135 "Even-9-B-2";
758 1 0 759,760 "Even-9-S-3";
759 1 1 761,1132 "Even-9-A-3";
760 1 1 761,1133 "Even-9-B-3";
761 1 0 762,775 "Even-9-S-4";
762 1 1 811,1130 "Even-9-A-4";
763 1 1 776,1137 "Even-8-B-1";
764 1 1 765,1129 "Even-7-B-5";
765 1 0 766,767 "Even-7-S-6";
766 1 1 768,1126 "Even-7-A-6";
767 1 1 768,1127 "Even-7-B-6";
768 1 0 1098,1123,1121,1119,1117,1115,1113,1111,1109,1107,1105,1103 "Even-7-Z";
769 1 0 1163,348 "Odd-7-T";
770 1 0 771,772 "Even-8-S-0";
771 1 1 773,1138 "Even-8-A-0";
772 1 1 773,1139 "Even-8-B-0";
773 1 0 774,763 "Even-8-S-1";
774 1 1 776,1136 "Even-8-A-1";
775 1 1 811,1131 "Even-9-B-4";
776 1 0 777,778 "Even-8-S-2";
777 1 1 779,1134 "Even-8-A-2";
778 1 1 779,1135 "Even-8-B-2";
779 1 0 780,781 "Even-8-S-3";
780 1 1 782,1132 "Even-8-A-3";
781 1 1 782,1133 "Even-8-B-3";
782 1 0 783,784 "Even-8-S-4";
783 1 1 785,1130 "Even-8-A-4";
784 1 1 785,1131 "Even-8-B-4";
785 1 0 751,740 "Even-8-S-5";
786 1 1 799,1127 "Even-10-B-6";
787 1 0 788,789 "Even-10-S-3";
788 1 1 790,1132 "Even-10-A-3";
789 1 1 790,1133 "Even-10-B-3";
790 1 0 791,792 "Even-10-S-4";
791 1 1 793,1130 "Even-10-A-4";
792 1 1 793,1131 "Even-10-B-4";
793 1 0 794,795 "Even-10-S-5";
794 1 1 796,1128 "Even-10-A-5";
795 1 1 796,1129 "Even-10-B-5";
796 1 0 797,786 "Even-10-S-6";
797 1 1 799,1126 "Even-10-A-6";
798 1 1 787,1135 "Even-10-B-2";
799 1 0 800,801 "Even-10-S-7";
800 1 1 802,1124 "Even-10-A-7";
801 1 1 802,1125 "Even-10-B-7";
802 1 0 803,804 "Even-10-S-8";
803 1 1 805,1122 "Even-10-A-8";
804 1 1 805,1123 "Even-10-B-8";
805 1 0 806,807 "Even-10-S-9";
806 1 1 808,1120 "Even-10-A-9";
807 1 1 808,1121 "Even-10-B-9";
808 1 0 1097,1117,1115,1113,1111,1109,1107,1105,1103 "Even-10-Z";
809 1 0 1157,149 "Odd-10-T";
810 1 1 823,1123 "Even-9-B-8";
811 1 0 812,813 "Even-9-S-5";
812 1 1 814,1128 "Even-9-A-5";
813 1 1 814,1129 "Even-9-B-5";
814 1 0 815,816 "Even-9-S-6";
815 1 1 817,1126 "Even-9-A-6";
816 1 1 817,1127 "Even-9-B-6";
817 1 0 818,819 "Even-9-S-7";
818 1 1 820,1124 "Even-9-A-7";
819 1 1 820,1125 "Even-9-B-7";
820 1 0 821,810 "Even-9-S-8";
821 1 1 823,1122 "Even-9-A-8";
822 1 1 765,1128 "Even-7-A-5";
823 1 0 1095,1119,1117,1115,1113,1111,1109,1107,1105,1103 "Even-9-Z";
824 1 0 1159,98 "Odd-9-T";
825 1 0 826,827 "Even-10-S-0";
826 1 1 828,1138 "Even-10-A-0";
827 1 1 828,1139 "Even-10-B-0";
828 1 0 829,830 "Even-10-S-1";
829 1 1 831,1136 "Even-10-A-1";
830 1 1 831,1137 "Even-10-B-1";
831 1 0 832,798 "Even-10-S-2";
832 1 1 787,1134 "Even-10-A-2";
833 1 1 846,1135 "Even-4-B-2";
834 1 1 835,1135 "Even-3-B-2";
835 1 0 1087,1131,1129,1127,1125,1123,1121,1119,1117,1115,1113,1111,1109,1107,1105,1103 "Even-3-Z";
836 1 0 1171,370 "Odd-3-T";
837 1 0 838,839 "Even-4-S-0";
838 1 1 840,1138 "Even-4-A-0";
839 1 1 840,1139 "Even-4-B-0";
840 1 0 841,842 "Even-4-S-1";
841 1 1 843,1136 "Even-4-A-1";
842 1 1 843,1137 "Even-4-B-1";
843 1 0 844,833 "Even-4-S-2";
844 1 1 846,1134 "Even-4-A-2";
845 1 1 835,1134 "Even-3-A-2";
846 1 0 847,848 "Even-4-S-3";
847 1 1 849,1132 "Even-4-A-3";
848 1 1 849,1133 "Even-4-B-3";
849 1 0 1083,1129,1127,1125,1123,1121,1119,1117,1115,1113,1111,1109,1107,1105,1103 "Even-4-Z";
850 1 0 1169,362 "Odd-4-T";
851 1 0 852,853 "Even-5-S-0";
852 1 1 854,1138 "Even-5-A-0";
853 1 1 854,1139 "Even-5-B-0";
854 1 0 855,856 "Even-5-S-1";
855 1 1 869,1136 "Even-5-A-1";
856 1 1 869,1137 "Even-5-B-1";
857 1 1 871,1136 "Even-2-A-1";
858 1 0 1086,1137,1135,1133,1131,1129,1127,1125,1123,1121,1119,1117,1115,1113,1111,1109,1107,1105,1103 "Even-0-Z";
859 1 0 1177,457 "Odd-0-T";
860 1 0 861,862 "Even-1-S-0";
861 1 1 863,1138 "Even-1-A-0";
862 1 1 863,1139 "Even-1-B-0";
863 1 0 1090,1135,1133,1131,1129,1127,1125,1123,1121,1119,1117,1115,1113,1111,1109,1107,1105,1103 "Even-1-Z";
864 1 0 1175,468 "Odd-1-T";
865 1 0 866,867 "Even-2-S-0";
866 1 1 868,1138 "Even-2-A-0";
867 1 1 868,1139 "Even-2-B-0";
868 1 0 857,870 "Even-2-S-1";
869 1 0 905,906 "Even-5-S-2";
870 1 1 871,1137 "Even-2-B-1";
871 1 0 1089,1133,1131,1129,1127,1125,1123,1121,1119,1117,1115,1113,1111,1109,1107,1105,1103 "Even-2-Z";
872 1 0 1173,435 "Odd-2-T";
873 1 0 874,875 "Even-3-S-0";
874 1 1 876,1138 "Even-3-A-0";
875 1 1 876,1139 "Even-3-B-0";
876 1 0 877,878 "Even-3-S-1";
877 1 1 879,1136 "Even-3-A-1";
878 1 1 879,1137 "Even-3-B-1";
879 1 0 845,834 "Even-3-S-2";
880 1 1 894,1136 "Even-7-A-1";
881 1 1 883,1130 "Even-6-A-4";
882 1 1 883,1131 "Even-6-B-4";
883 1 0 884,885 "Even-6-S-5";
884 1 1 886,1128 "Even-6-A-5";
885 1 1 886,1129 "Even-6-B-5";
886 1 0 1093,1125,1123,1121,1119,1117,1115,1113,1111,1109,1107,1105,1103 "Even-6-Z";
887 1 0 1165,381 "Odd-6-T";
888 1 0 889,890 "Even-7-S-0";
889 1 1 891,1138 "Even-7-A-0";
890 1 1 891,1139 "Even-7-B-0";
891 1 0 880,893 "Even-7-S-1";
892 1 0 881,882 "Even-6-S-4";
893 1 1 894,1137 "Even-7-B-1";
894 1 0 895,896 "Even-7-S-2";
895 1 1 897,1134 "Even-7-A-2";
896 1 1 897,1135 "Even-7-B-2";
897 1 0 898,899 "Even-7-S-3";
898 1 1 900,1132 "Even-7-A-3";
899 1 1 900,1133 "Even-7-B-3";
900 1 0 901,902 "Even-7-S-4";
901 1 1 903,1130 "Even-7-A-4";
902 1 1 903,1131 "Even-7-B-4";
903 1 0 822,764 "Even-7-S-5";
904 1 1 918,1138 "Even-6-A-0";
905 1 1 907,1134 "Even-5-A-2";
906 1 1 907,1135 "Even-5-B-2";
907 1 0 908,909 "Even-5-S-3";
908 1 1 910,1132 "Even-5-A-3";
909 1 1 910,1133 "Even-5-B-3";
910 1 0 911,912 "Even-5-S-4";
911 1 1 913,1130 "Even-5-A-4";
912 1 1 913,1131 "Even-5-B-4";
913 1 0 1085,1127,1125,1123,1121,1119,1117,1115,1113,1111,1109,1107,1105,1103 "Even-5-Z";
914 1 0 1167,363 "Odd-5-T";
915 1 0 904,917 "Even-6-S-0";
916 1 0 1149,218 "Odd-14-T";
917 1 1 918,1139 "Even-6-B-0";
918 1 0 919,920 "Even-6-S-1";
919 1 1 921,1136 "Even-6-A-1";
920 1 1 921,1137 "Even-6-B-1";
921 1 0 922,923 "Even-6-S-2";
922 1 1 924,1134 "Even-6-A-2";
923 1 1 924,1135 "Even-6-B-2";
924 1 0 925,926 "Even-6-S-3";
925 1 1 892,1132 "Even-6-A-3";
926 1 1 892,1133 "Even-6-B-3";
927 1 1 935,1130 "Even-14-A-4";
928 1 1 930,1116 "Even-12-A-11";
929 1 1 930,1117 "Even-12-B-11";
930 1 0 1091,1113,1111,1109,1107,1105,1103 "Even-12-Z";
931 1 0 964,963 "Even-14-S-6";
932 1 0 1153,55 "Odd-12-T";
933 1 1 931,1129 "Even-14-B-5";
934 1 1 931,1128 "Even-14-A-5";
935 1 0 934,933 "Even-14-S-5";
936 1 1 935,1131 "Even-14-B-4";
937 1 0 928,929 "Even-12-S-11";
938 1 0 927,936 "Even-14-S-4";
939 1 1 938,1133 "Even-14-B-3";
940 1 1 938,1132 "Even-14-A-3";
941 1 0 940,939 "Even-14-S-3";
942 1 0 943,944 "Even-13-S-0";
943 1 1 945,1138 "Even-13-A-0";
944 1 1 945,1139 "Even-13-B-0";
945 1 0 946,957 "Even-13-S-1";
946 1 1 988,1136 "Even-13-A-1";
947 1 1 958,1123 "Even-12-B-8";
948 1 1 952,1126 "Even-12-A-6";
949 1 1 1061,1124 "Even-14-A-7";
950 1 1 952,1127 "Even-12-B-6";
951 1 0 1027,1014 "Even-13-S-12";
952 1 0 953,954 "Even-12-S-7";
953 1 1 955,1124 "Even-12-A-7";
954 1 1 955,1125 "Even-12-B-7";
955 1 0 956,947 "Even-12-S-8";
956 1 1 958,1122 "Even-12-A-8";
957 1 1 988,1137 "Even-13-B-1";
958 1 0 959,960 "Even-12-S-9";
959 1 1 961,1120 "Even-12-A-9";
960 1 1 961,1121 "Even-12-B-9";
961 1 0 965,966 "Even-12-S-10";
962 1 0 949,1063 "Even-14-S-7";
963 1 1 962,1127 "Even-14-B-6";
964 1 1 962,1126 "Even-14-A-6";
965 1 1 937,1118 "Even-12-A-10";
966 1 1 937,1119 "Even-12-B-10";
967 1 1 978,1123 "Even-13-B-8";
968 1 1 977,1139 "Even-14-B-0";
969 1 1 972,1126 "Even-13-A-6";
970 1 1 977,1138 "Even-14-A-0";
971 1 1 972,1127 "Even-13-B-6";
972 1 0 973,974 "Even-13-S-7";
973 1 1 975,1124 "Even-13-A-7";
974 1 1 975,1125 "Even-13-B-7";
975 1 0 976,967 "Even-13-S-8";
976 1 1 978,1122 "Even-13-A-8";
977 1 0 1005,1004 "Even-14-S-1";
978 1 0 979,980 "Even-13-S-9";
979 1 1 981,1120 "Even-13-A-9";
980 1 1 981,1121 "Even-13-B-9";
981 1 0 982,983 "Even-13-S-10";
982 1 1 984,1118 "Even-13-A-10";
983 1 1 984,1119 "Even-13-B-10";
984 1 0 986,1001 "Even-13-S-11";
985 1 0 970,968 "Even-14-S-0";
986 1 1 951,1116 "Even-13-A-11";
987 1 0 998,999 "Even-13-S-5";
988 1 0 989,990 "Even-13-S-2";
989 1 1 991,1134 "Even-13-A-2";
990 1 1 991,1135 "Even-13-B-2";
991 1 0 992,993 "Even-13-S-3";
992 1 1 994,1132 "Even-13-A-3";
993 1 1 994,1133 "Even-13-B-3";
994 1 0 995,591 "Even-13-S-4";
995 1 1 987,1130 "Even-13-A-4";
996 1 1 941,1135 "Even-14-B-2";
997 1 0 948,950 "Even-12-S-6";
998 1 1 1000,1128 "Even-13-A-5";
999 1 1 1000,1129 "Even-13-B-5";
1000 1 0 969,971 "Even-13-S-6";
1001 1 1 951,1117 "Even-13-B-11";
1002 1 1 941,1134 "Even-14-A-2";
1003 1 0 1002,996 "Even-14-S-2";
1004 1 1 1003,1137 "Even-14-B-1";
1005 1 1 1003,1136 "Even-14-A-1";
1006 1 1 1012,1114 "Even-14-A-12";
1007 1 0 1008,1009 "Even-11-S-5";
1008 1 1 1010,1128 "Even-11-A-5";
1009 1 1 1010,1129 "Even-11-B-5";
1010 1 0 1011,1015 "Even-11-S-6";
1011 1 1 1017,1126 "Even-11-A-6";
1012 1 0 1030,1029 "Even-14-S-13";
1013 1 1 1012,1115 "Even-14-B-12";
1014 1 1 1025,1115 "Even-13-B-12";
1015 1 1 1017,1127 "Even-11-B-6";
1016 1 1 1007,1131 "Even-11-B-4";
1017 1 0 1019,1020 "Even-11-S-7";
1018 1 0 1006,1013 "Even-14-S-12";
1019 1 1 1021,1124 "Even-11-A-7";
1020 1 1 1021,1125 "Even-11-B-7";
1021 1 0 1022,1023 "Even-11-S-8";
1022 1 1 1067,1122 "Even-11-A-8";
1023 1 1 1067,1123 "Even-11-B-8";
1024 1 1 1018,1117 "Even-14-B-11";
1025 1 0 1092,1111,1109,1107,1105,1103 "Even-13-Z";
1026 1 1 1037,1137 "Even-11-B-1";
1027 1 1 1025,1114 "Even-13-A-12";
1028 1 0 1084,1109,1107,1105,1103 "Even-14-Z";
1029 1 1 1028,1113 "Even-14-B-13";
1030 1 1 1028,1112 "Even-14-A-13";
1031 1 0 1032,1033 "Even-11-S-0";
1032 1 1 1034,1138 "Even-11-A-0";
1033 1 1 1034,1139 "Even-11-B-0";
1034 1 0 1035,1026 "Even-11-S-1";
1035 1 1 1037,1136 "Even-11-A-1";
1036 1 1 1018,1116 "Even-14-A-11";
1037 1 0 1038,1039 "Even-11-S-2";
1038 1 1 1040,1134 "Even-11-A-2";
1039 1 1 1040,1135 "Even-11-B-2";
1040 1 0 1041,1042 "Even-11-S-3";
1041 1 1 1043,1132 "Even-11-A-3";
1042 1 1 1043,1133 "Even-11-B-3";
1043 1 0 1044,1016 "Even-11-S-4";
1044 1 1 1007,1130 "Even-11-A-4";
1045 1 1 1057,1130 "Even-12-A-4";
1046 1 1 1048,1136 "Even-12-A-1";
1047 1 1 1048,1137 "Even-12-B-1";
1048 1 0 1049,1050 "Even-12-S-2";
1049 1 1 1051,1134 "Even-12-A-2";
1050 1 1 1051,1135 "Even-12-B-2";
1051 1 0 1052,1053 "Even-12-S-3";
1052 1 1 1054,1132 "Even-12-A-3";
1053 1 1 1054,1133 "Even-12-B-3";
1054 1 0 1045,1056 "Even-12-S-4";
1055 1 0 1046,1047 "Even-12-S-1";
1056 1 1 1057,1131 "Even-12-B-4";
1057 1 0 1062,1064 "Even-12-S-5";
1058 1 0 1079,1078 "Even-14-S-9";
1059 1 1 1058,1123 "Even-14-B-8";
1060 1 1 1058,1122 "Even-14-A-8";
1061 1 0 1060,1059 "Even-14-S-8";
1062 1 1 997,1128 "Even-12-A-5";
1063 1 1 1061,1125 "Even-14-B-7";
1064 1 1 997,1129 "Even-12-B-5";
1065 1 1 1066,1119 "Even-14-B-10";
1066 1 0 1036,1024 "Even-14-S-11";
1067 1 0 1069,1070 "Even-11-S-9";
1068 1 0 1151,283 "Odd-13-T";
1069 1 1 1071,1120 "Even-11-A-9";
1070 1 1 1071,1121 "Even-11-B-9";
1071 1 0 1072,1073 "Even-11-S-10";
1072 1 1 1074,1118 "Even-11-A-10";
1073 1 1 1074,1119 "Even-11-B-10";
1074 1 0 1101,1115,1113,1111,1109,1107,1105,1103 "Even-11-Z";
1075 1 0 1155,12 "Odd-11-T";
1076 1 1 1066,1118 "Even-14-A-10";
1077 1 0 1076,1065 "Even-14-S-10";
1078 1 1 1077,1121 "Even-14-B-9";
1079 1 1 1077,1120 "Even-14-A-9";
1080 1 0 1081,1082 "Even-12-S-0";
1081 1 1 1055,1138 "Even-12-A-0";
1082 1 1 1055,1139 "Even-12-B-0";
1083 2 1 1168,837 "Even-4-T";
1084 2 1 1148,985 "Even-14-T";
1085 2 1 1166,851 "Even-5-T";
1086 2 1 1176,858 "Even-0-T";
1087 2 1 1170,873 "Even-3-T";
1088 2 1 1146,568 "Even-15-T";
1089 2 1 1172,865 "Even-2-T";
1090 2 1 1174,860 "Even-1-T";
1091 2 1 1152,1080 "Even-12-T";
1092 2 1 1150,942 "Even-13-T";
1093 2 1 1164,915 "Even-6-T";
1094 2 1 1142,602 "Even-17-T";
1095 2 1 1158,749 "Even-9-T";
1096 2 1 1160,770 "Even-8-T";
1097 2 1 1156,825 "Even-10-T";
1098 2 1 1162,888 "Even-7-T";
1099 2 1 1144,729 "Even-16-T";
1100 2 1 1140,728 "Even-18-T";
1101 2 1 1154,1031 "Even-11-T";
1102 3 1 1100 "Even-18-L";
1103 4 0 574 "Odd-18-L";
1104 5 1 1094 "Even-17-L";
1105 6 0 594 "Odd-17-L";
1106 7 1 1099 "Even-16-L";
1107 8 0 593 "Odd-16-L";
1108 9 1 1088 "Even-15-L";
1109 10 0 541 "Odd-15-L";
1110 11 1 1084 "Even-14-L";
1111 12 0 916 "Odd-14-L";
1112 13 1 1092 "Even-13-L";
1113 14 0 1068 "Odd-13-L";
1114 15 1 1091 "Even-12-L";
1115 16 0 932 "Odd-12-L";
1116 17 1 1101 "Even-11-L";
1117 18 0 1075 "Odd-11-L";
1118 19 1 1097 "Even-10-L";
1119 20 0 809 "Odd-10-L";
1120 21 1 1095 "Even-9-L";
1121 22 0 824 "Odd-9-L";
1122 23 1 1096 "Even-8-L";
1123 24 0 748 "Odd-8-L";
1124 25 1 1098 "Even-7-L";
1125 26 0 769 "Odd-7-L";
1126 27 1 1093 "Even-6-L";
1127 28 0 887 "Odd-6-L";
1128 29 1 1085 "Even-5-L";
1129 30 0 914 "Odd-5-L";
1130 31 1 1083 "Even-4-L";
1131 32 0 850 "Odd-4-L";
1132 33 1 1087 "Even-3-L";
1133 34 0 836 "Odd-3-L";
1134 35 1 1089 "Even-2-L";
1135 36 0 872 "Odd-2-L";
1136 37 1 1090 "Even-1-L";
1137 38 0 864 "Odd-1-L";
1138 39 1 1086 "Even-0-L";
1139 40 0 859 "Odd-0-L";
1140 42 0 1104 "Even-18-H";
1141 43 1 1105 "Odd-18-H";
1142 44 0 1106 "Even-17-H";
1143 45 1 1107 "Odd-17-H";
1144 46 0 1108 "Even-16-H";
1145 47 1 1109 "Odd-16-H";
1146 48 0 1110 "Even-15-H";
1147 49 1 1111 "Odd-15-H";
1148 50 0 1112 "Even-14-H";
1149 51 1 1113 "Odd-14-H";
1150 52 0 1114 "Even-13-H";
1151 53 1 1115 "Odd-13-H";
1152 54 0 1116 "Even-12-H";
1153 55 1 1117 "Odd-12-H";
1154 56 0 1118 "Even-11-H";
1155 57 1 1119 "Odd-11-H";
1156 58 0 1120 "Even-10-H";
1157 59 1 1121 "Odd-10-H";
1158 60 0 1122 "Even-9-H";
1159 61 1 1123 "Odd-9-H";
1160 62 0 1124 "Even-8-H";
1161 63 1 1125 "Odd-8-H";
1162 64 0 1126 "Even-7-H";
1163 65 1 1127 "Odd-7-H";
1164 66 0 1128 "Even-6-H";
1165 67 1 1129 "Odd-6-H";
1166 68 0 1130 "Even-5-H";
1167 69 1 1131 "Odd-5-H";
1168 70 0 1132 "Even-4-H";
1169 71 1 1133 "Odd-4-H";
1170 72 0 1134 "Even-3-H";
1171 73 1 1135 "Odd-3-H";
1172 74 0 1136 "Even-2-H";
1173 75 1 1137 "Odd-2-H";
1174 76 0 1138 "Even-1-H";
1175 77 1 1139 "Odd-1-H";
1176 78 0 1102 "Even-0-H";
1177 79 1 1103 "Odd-0-H";
