parity 658;
0 0 0 13,614 "Odd-9-B-7";
1 0 0 14,624 "Odd-10-B-2";
2 0 0 14,625 "Odd-10-A-2";
3 0 1 2,1 "Odd-10-S-2";
4 0 0 3,626 "Odd-10-B-1";
5 0 0 3,627 "Odd-10-A-1";
6 0 1 5,4 "Odd-10-S-1";
7 0 0 6,628 "Odd-10-B-0";
8 0 0 6,629 "Odd-10-A-0";
9 0 1 8,7 "Odd-10-S-0";
10 0 1 468,610,608,606,604,602 "Odd-9-Z";
11 0 0 10,612 "Odd-9-B-8";
12 0 0 10,613 "Odd-9-A-8";
13 0 1 12,11 "Odd-9-S-8";
14 0 1 53,52 "Odd-10-S-3";
15 0 0 13,615 "Odd-9-A-7";
16 0 1 15,0 "Odd-9-S-7";
17 0 0 16,616 "Odd-9-B-6";
18 0 0 16,617 "Odd-9-A-6";
19 0 1 18,17 "Odd-9-S-6";
20 0 0 19,618 "Odd-9-B-5";
21 0 0 19,619 "Odd-9-A-5";
22 0 1 21,20 "Odd-9-S-5";
23 0 0 22,620 "Odd-9-B-4";
24 0 0 22,621 "Odd-9-A-4";
25 0 1 24,23 "Odd-9-S-4";
26 0 0 25,622 "Odd-9-B-3";
27 0 0 39,615 "Odd-10-A-7";
28 0 0 186,627 "Odd-11-A-1";
29 0 1 28,94 "Odd-11-S-1";
30 0 0 29,628 "Odd-11-B-0";
31 0 0 29,629 "Odd-11-A-0";
32 0 1 31,30 "Odd-11-S-0";
33 0 1 528,608,606,604,602 "Odd-10-Z";
34 0 0 33,610 "Odd-10-B-9";
35 0 0 33,611 "Odd-10-A-9";
36 0 1 35,34 "Odd-10-S-9";
37 0 0 36,612 "Odd-10-B-8";
38 0 0 36,613 "Odd-10-A-8";
39 0 1 38,37 "Odd-10-S-8";
40 0 0 39,614 "Odd-10-B-7";
41 0 0 25,623 "Odd-9-A-3";
42 0 1 27,40 "Odd-10-S-7";
43 0 0 42,616 "Odd-10-B-6";
44 0 0 42,617 "Odd-10-A-6";
45 0 1 44,43 "Odd-10-S-6";
46 0 0 45,618 "Odd-10-B-5";
47 0 0 45,619 "Odd-10-A-5";
48 0 1 47,46 "Odd-10-S-5";
49 0 0 48,620 "Odd-10-B-4";
50 0 0 48,621 "Odd-10-A-4";
51 0 1 50,49 "Odd-10-S-4";
52 0 0 51,622 "Odd-10-B-3";
53 0 0 51,623 "Odd-10-A-3";
54 0 0 66,619 "Odd-7-A-5";
55 0 0 106,625 "Odd-8-A-2";
56 0 1 55,68 "Odd-8-S-2";
57 0 0 56,626 "Odd-8-B-1";
58 0 0 56,627 "Odd-8-A-1";
59 0 1 58,57 "Odd-8-S-1";
60 0 0 59,628 "Odd-8-B-0";
61 0 0 59,629 "Odd-8-A-0";
62 0 1 61,60 "Odd-8-S-0";
63 0 1 501,614,612,610,608,606,604,602 "Odd-7-Z";
64 0 0 63,616 "Odd-7-B-6";
65 0 0 63,617 "Odd-7-A-6";
66 0 1 65,64 "Odd-7-S-6";
67 0 0 66,618 "Odd-7-B-5";
68 0 0 106,624 "Odd-8-B-2";
69 0 1 54,67 "Odd-7-S-5";
70 0 0 69,620 "Odd-7-B-4";
71 0 0 69,621 "Odd-7-A-4";
72 0 1 71,70 "Odd-7-S-4";
73 0 0 72,622 "Odd-7-B-3";
74 0 0 72,623 "Odd-7-A-3";
75 0 1 74,73 "Odd-7-S-3";
76 0 0 75,624 "Odd-7-B-2";
77 0 0 75,625 "Odd-7-A-2";
78 0 1 77,76 "Odd-7-S-2";
79 0 0 78,626 "Odd-7-B-1";
80 0 0 78,627 "Odd-7-A-1";
81 0 1 93,92 "Odd-8-S-7";
82 0 1 41,26 "Odd-9-S-3";
83 0 0 82,624 "Odd-9-B-2";
84 0 1 200,83 "Odd-9-S-2";
85 0 0 84,626 "Odd-9-B-1";
86 0 0 84,627 "Odd-9-A-1";
87 0 1 86,85 "Odd-9-S-1";
88 0 0 87,628 "Odd-9-B-0";
89 0 0 87,629 "Odd-9-A-0";
90 0 1 89,88 "Odd-9-S-0";
91 0 1 507,612,610,608,606,604,602 "Odd-8-Z";
92 0 0 91,614 "Odd-8-B-7";
93 0 0 91,615 "Odd-8-A-7";
94 0 0 186,626 "Odd-11-B-1";
95 0 0 81,616 "Odd-8-B-6";
96 0 0 81,617 "Odd-8-A-6";
97 0 1 96,95 "Odd-8-S-6";
98 0 0 97,618 "Odd-8-B-5";
99 0 0 97,619 "Odd-8-A-5";
100 0 1 99,98 "Odd-8-S-5";
101 0 0 100,620 "Odd-8-B-4";
102 0 0 100,621 "Odd-8-A-4";
103 0 1 102,101 "Odd-8-S-4";
104 0 0 103,622 "Odd-8-B-3";
105 0 0 103,623 "Odd-8-A-3";
106 0 1 105,104 "Odd-8-S-3";
107 0 1 120,119 "Odd-13-S-0";
108 0 0 159,621 "Odd-13-A-4";
109 0 1 108,121 "Odd-13-S-4";
110 0 0 109,622 "Odd-13-B-3";
111 0 0 109,623 "Odd-13-A-3";
112 0 1 111,110 "Odd-13-S-3";
113 0 0 112,624 "Odd-13-B-2";
114 0 0 112,625 "Odd-13-A-2";
115 0 1 114,113 "Odd-13-S-2";
116 0 0 115,626 "Odd-13-B-1";
117 0 0 115,627 "Odd-13-A-1";
118 0 1 117,116 "Odd-13-S-1";
119 0 0 118,628 "Odd-13-B-0";
120 0 0 118,629 "Odd-13-A-0";
121 0 0 159,620 "Odd-13-B-4";
122 0 1 434,604,602 "Odd-12-Z";
123 0 0 122,606 "Odd-12-B-11";
124 0 0 122,607 "Odd-12-A-11";
125 0 1 124,123 "Odd-12-S-11";
126 0 0 125,608 "Odd-12-B-10";
127 0 0 125,609 "Odd-12-A-10";
128 0 1 127,126 "Odd-12-S-10";
129 0 0 128,610 "Odd-12-B-9";
130 0 0 128,611 "Odd-12-A-9";
131 0 1 130,129 "Odd-12-S-9";
132 0 0 131,612 "Odd-12-B-8";
133 0 0 131,613 "Odd-12-A-8";
134 0 1 146,145 "Odd-13-S-9";
135 0 1 293,602 "Odd-13-Z";
136 0 0 135,604 "Odd-13-B-12";
137 0 0 135,605 "Odd-13-A-12";
138 0 1 137,136 "Odd-13-S-12";
139 0 0 138,606 "Odd-13-B-11";
140 0 0 138,607 "Odd-13-A-11";
141 0 1 140,139 "Odd-13-S-11";
142 0 0 141,608 "Odd-13-B-10";
143 0 0 141,609 "Odd-13-A-10";
144 0 1 143,142 "Odd-13-S-10";
145 0 0 144,610 "Odd-13-B-9";
146 0 0 144,611 "Odd-13-A-9";
147 0 1 133,132 "Odd-12-S-8";
148 0 0 134,612 "Odd-13-B-8";
149 0 0 134,613 "Odd-13-A-8";
150 0 1 149,148 "Odd-13-S-8";
151 0 0 150,614 "Odd-13-B-7";
152 0 0 150,615 "Odd-13-A-7";
153 0 1 152,151 "Odd-13-S-7";
154 0 0 153,616 "Odd-13-B-6";
155 0 0 153,617 "Odd-13-A-6";
156 0 1 155,154 "Odd-13-S-6";
157 0 0 156,618 "Odd-13-B-5";
158 0 0 156,619 "Odd-13-A-5";
159 0 1 158,157 "Odd-13-S-5";
160 0 1 173,172 "Odd-11-S-6";
161 0 0 212,609 "Odd-11-A-10";
162 0 1 161,174 "Odd-11-S-10";
163 0 0 162,610 "Odd-11-B-9";
164 0 0 162,611 "Odd-11-A-9";
165 0 1 164,163 "Odd-11-S-9";
166 0 0 165,612 "Odd-11-B-8";
167 0 0 165,613 "Odd-11-A-8";
168 0 1 167,166 "Odd-11-S-8";
169 0 0 168,614 "Odd-11-B-7";
170 0 0 168,615 "Odd-11-A-7";
171 0 1 170,169 "Odd-11-S-7";
172 0 0 171,616 "Odd-11-B-6";
173 0 0 171,617 "Odd-11-A-6";
174 0 0 212,608 "Odd-11-B-10";
175 0 0 160,618 "Odd-11-B-5";
176 0 0 160,619 "Odd-11-A-5";
177 0 1 176,175 "Odd-11-S-5";
178 0 0 177,620 "Odd-11-B-4";
179 0 0 177,621 "Odd-11-A-4";
180 0 1 179,178 "Odd-11-S-4";
181 0 0 180,622 "Odd-11-B-3";
182 0 0 180,623 "Odd-11-A-3";
183 0 1 182,181 "Odd-11-S-3";
184 0 0 183,624 "Odd-11-B-2";
185 0 0 183,625 "Odd-11-A-2";
186 0 1 185,184 "Odd-11-S-2";
187 0 0 199,622 "Odd-12-B-3";
188 0 0 147,614 "Odd-12-B-7";
189 0 0 147,615 "Odd-12-A-7";
190 0 1 189,188 "Odd-12-S-7";
191 0 0 190,616 "Odd-12-B-6";
192 0 0 190,617 "Odd-12-A-6";
193 0 1 192,191 "Odd-12-S-6";
194 0 0 193,618 "Odd-12-B-5";
195 0 0 193,619 "Odd-12-A-5";
196 0 1 195,194 "Odd-12-S-5";
197 0 0 196,620 "Odd-12-B-4";
198 0 0 196,621 "Odd-12-A-4";
199 0 1 198,197 "Odd-12-S-4";
200 0 0 82,625 "Odd-9-A-2";
201 0 0 199,623 "Odd-12-A-3";
202 0 1 201,187 "Odd-12-S-3";
203 0 0 202,624 "Odd-12-B-2";
204 0 0 202,625 "Odd-12-A-2";
205 0 1 204,203 "Odd-12-S-2";
206 0 0 205,626 "Odd-12-B-1";
207 0 0 205,627 "Odd-12-A-1";
208 0 1 207,206 "Odd-12-S-1";
209 0 0 208,628 "Odd-12-B-0";
210 0 0 208,629 "Odd-12-A-0";
211 0 1 210,209 "Odd-12-S-0";
212 0 1 331,606,604,602 "Odd-11-Z";
213 0 0 226,629 "Odd-3-A-0";
214 0 1 215,216 "Odd-6-S-0";
215 0 0 217,629 "Odd-6-A-0";
216 0 0 217,628 "Odd-6-B-0";
217 0 1 258,218 "Odd-6-S-1";
218 0 0 219,626 "Odd-6-B-1";
219 0 1 231,232 "Odd-6-S-2";
220 0 1 369,622,620,618,616,614,612,610,608,606,604,602 "Odd-3-Z";
221 0 0 220,624 "Odd-3-B-2";
222 0 0 220,625 "Odd-3-A-2";
223 0 1 222,221 "Odd-3-S-2";
224 0 0 223,626 "Odd-3-B-1";
225 0 0 223,627 "Odd-3-A-1";
226 0 1 225,224 "Odd-3-S-1";
227 0 0 226,628 "Odd-3-B-0";
228 0 1 272,271 "Odd-4-S-0";
229 0 1 213,227 "Odd-3-S-0";
230 0 1 300,624,622,620,618,616,614,612,610,608,606,604,602 "Odd-2-Z";
231 0 0 233,625 "Odd-6-A-2";
232 0 0 233,624 "Odd-6-B-2";
233 0 1 234,235 "Odd-6-S-3";
234 0 0 236,623 "Odd-6-A-3";
235 0 0 236,622 "Odd-6-B-3";
236 0 1 237,238 "Odd-6-S-4";
237 0 0 239,621 "Odd-6-A-4";
238 0 0 239,620 "Odd-6-B-4";
239 0 1 240,241 "Odd-6-S-5";
240 0 0 242,619 "Odd-6-A-5";
241 0 0 242,618 "Odd-6-B-5";
242 0 1 467,616,614,612,610,608,606,604,602 "Odd-6-Z";
243 0 0 260,621 "Odd-5-A-4";
244 0 1 80,79 "Odd-7-S-1";
245 0 1 246,247 "Odd-5-S-0";
246 0 0 248,629 "Odd-5-A-0";
247 0 0 248,628 "Odd-5-B-0";
248 0 1 249,250 "Odd-5-S-1";
249 0 0 251,627 "Odd-5-A-1";
250 0 0 251,626 "Odd-5-B-1";
251 0 1 252,253 "Odd-5-S-2";
252 0 0 254,625 "Odd-5-A-2";
253 0 0 254,624 "Odd-5-B-2";
254 0 1 255,256 "Odd-5-S-3";
255 0 0 257,623 "Odd-5-A-3";
256 0 0 257,622 "Odd-5-B-3";
257 0 1 243,259 "Odd-5-S-4";
258 0 0 219,627 "Odd-6-A-1";
259 0 0 260,620 "Odd-5-B-4";
260 0 1 525,618,616,614,612,610,608,606,604,602 "Odd-5-Z";
261 0 1 292,620,618,616,614,612,610,608,606,604,602 "Odd-4-Z";
262 0 0 261,622 "Odd-4-B-3";
263 0 0 261,623 "Odd-4-A-3";
264 0 1 263,262 "Odd-4-S-3";
265 0 0 264,624 "Odd-4-B-2";
266 0 0 264,625 "Odd-4-A-2";
267 0 1 266,265 "Odd-4-S-2";
268 0 0 267,626 "Odd-4-B-1";
269 0 0 267,627 "Odd-4-A-1";
270 0 1 269,268 "Odd-4-S-1";
271 0 0 270,628 "Odd-4-B-0";
272 0 0 270,629 "Odd-4-A-0";
273 0 0 244,628 "Odd-7-B-0";
274 0 0 230,626 "Odd-2-B-1";
275 0 0 230,627 "Odd-2-A-1";
276 0 1 275,274 "Odd-2-S-1";
277 0 0 276,628 "Odd-2-B-0";
278 0 0 276,629 "Odd-2-A-0";
279 0 1 278,277 "Odd-2-S-0";
280 0 1 348,626,624,622,620,618,616,614,612,610,608,606,604,602 "Odd-1-Z";
281 0 0 280,628 "Odd-1-B-0";
282 0 0 280,629 "Odd-1-A-0";
283 0 1 282,281 "Odd-1-S-0";
284 0 1 354,628,626,624,622,620,618,616,614,612,610,608,606,604,602 "Odd-0-Z";
285 0 1 286,273 "Odd-7-S-0";
286 0 0 244,629 "Odd-7-A-0";
287 1 1 298,618 "Even-11-A-5";
288 1 0 289,290 "Even-4-S-3";
289 1 1 291,622 "Even-4-A-3";
290 1 1 291,623 "Even-4-B-3";
291 1 0 591,619,617,615,613,611,609,607,605,603 "Even-4-Z";
292 1 0 649,228 "Odd-4-T";
293 1 0 631,107 "Odd-13-T";
294 1 0 415,414 "Even-12-S-5";
295 1 0 287,297 "Even-11-S-5";
296 1 1 288,625 "Even-4-B-2";
297 1 1 298,619 "Even-11-B-5";
298 1 0 299,344 "Even-11-S-6";
299 1 1 345,616 "Even-11-A-6";
300 1 0 653,279 "Odd-2-T";
301 1 0 594,623,621,619,617,615,613,611,609,607,605,603 "Even-2-Z";
302 1 1 301,627 "Even-2-B-1";
303 1 1 301,626 "Even-2-A-1";
304 1 0 312,311 "Even-12-S-2";
305 1 1 294,621 "Even-12-B-4";
306 1 1 294,620 "Even-12-A-4";
307 1 0 306,305 "Even-12-S-4";
308 1 1 307,623 "Even-12-B-3";
309 1 1 307,622 "Even-12-A-3";
310 1 0 309,308 "Even-12-S-3";
311 1 1 310,625 "Even-12-B-2";
312 1 1 310,624 "Even-12-A-2";
313 1 0 303,302 "Even-2-S-1";
314 1 1 304,627 "Even-12-B-1";
315 1 1 304,626 "Even-12-A-1";
316 1 0 315,314 "Even-12-S-1";
317 1 1 316,629 "Even-12-B-0";
318 1 1 316,628 "Even-12-A-0";
319 1 0 318,317 "Even-12-S-0";
320 1 1 288,624 "Even-4-A-2";
321 1 1 558,625 "Even-5-B-2";
322 1 1 347,612 "Even-11-A-8";
323 1 1 347,613 "Even-11-B-8";
324 1 1 325,629 "Even-5-B-0";
325 1 0 326,327 "Even-5-S-1";
326 1 1 328,626 "Even-5-A-1";
327 1 1 328,627 "Even-5-B-1";
328 1 0 329,321 "Even-5-S-2";
329 1 1 558,624 "Even-5-A-2";
330 1 0 600,627,625,623,621,619,617,615,613,611,609,607,605,603 "Even-0-Z";
331 1 0 635,32 "Odd-11-T";
332 1 0 589,605,603 "Even-11-Z";
333 1 1 332,609 "Even-11-B-10";
334 1 1 332,608 "Even-11-A-10";
335 1 0 334,333 "Even-11-S-10";
336 1 1 335,611 "Even-11-B-9";
337 1 1 335,610 "Even-11-A-9";
338 1 1 353,615 "Even-11-B-7";
339 1 1 313,629 "Even-2-B-0";
340 1 0 341,324 "Even-5-S-0";
341 1 1 325,628 "Even-5-A-0";
342 1 1 313,628 "Even-2-A-0";
343 1 0 342,339 "Even-2-S-0";
344 1 1 345,617 "Even-11-B-6";
345 1 0 346,338 "Even-11-S-7";
346 1 1 353,614 "Even-11-A-7";
347 1 0 337,336 "Even-11-S-9";
348 1 0 655,283 "Odd-1-T";
349 1 0 598,625,623,621,619,617,615,613,611,609,607,605,603 "Even-1-Z";
350 1 1 349,629 "Even-1-B-0";
351 1 1 349,628 "Even-1-A-0";
352 1 0 351,350 "Even-1-S-0";
353 1 0 322,323 "Even-11-S-8";
354 1 0 657,284 "Odd-0-T";
355 1 1 368,624 "Even-3-A-2";
356 1 1 395,628 "Even-13-A-0";
357 1 0 356,366 "Even-13-S-0";
358 1 1 370,615 "Even-13-B-7";
359 1 0 360,361 "Even-3-S-0";
360 1 1 362,628 "Even-3-A-0";
361 1 1 362,629 "Even-3-B-0";
362 1 0 363,364 "Even-3-S-1";
363 1 1 365,626 "Even-3-A-1";
364 1 1 365,627 "Even-3-B-1";
365 1 0 355,367 "Even-3-S-2";
366 1 1 395,629 "Even-13-B-0";
367 1 1 368,625 "Even-3-B-2";
368 1 0 599,621,619,617,615,613,611,609,607,605,603 "Even-3-Z";
369 1 0 651,229 "Odd-3-T";
370 1 0 371,372 "Even-13-S-8";
371 1 1 373,612 "Even-13-A-8";
372 1 1 373,613 "Even-13-B-8";
373 1 0 374,375 "Even-13-S-9";
374 1 1 386,610 "Even-13-A-9";
375 1 1 386,611 "Even-13-B-9";
376 1 0 387,388 "Even-13-S-6";
377 1 0 426,379 "Even-13-S-3";
378 1 1 377,625 "Even-13-B-2";
379 1 1 380,623 "Even-13-B-3";
380 1 0 381,382 "Even-13-S-4";
381 1 1 383,620 "Even-13-A-4";
382 1 1 383,621 "Even-13-B-4";
383 1 0 384,385 "Even-13-S-5";
384 1 1 376,618 "Even-13-A-5";
385 1 1 376,619 "Even-13-B-5";
386 1 0 417,418 "Even-13-S-10";
387 1 1 389,616 "Even-13-A-6";
388 1 1 389,617 "Even-13-B-6";
389 1 0 390,358 "Even-13-S-7";
390 1 1 370,614 "Even-13-A-7";
391 1 1 377,624 "Even-13-A-2";
392 1 0 391,378 "Even-13-S-2";
393 1 1 392,627 "Even-13-B-1";
394 1 1 392,626 "Even-13-A-1";
395 1 0 394,393 "Even-13-S-1";
396 1 1 404,612 "Even-12-A-8";
397 1 1 435,606 "Even-12-A-11";
398 1 0 397,406 "Even-12-S-11";
399 1 1 398,609 "Even-12-B-10";
400 1 1 398,608 "Even-12-A-10";
401 1 0 400,399 "Even-12-S-10";
402 1 1 401,611 "Even-12-B-9";
403 1 1 401,610 "Even-12-A-9";
404 1 0 403,402 "Even-12-S-9";
405 1 1 404,613 "Even-12-B-8";
406 1 1 435,607 "Even-12-B-11";
407 1 0 396,405 "Even-12-S-8";
408 1 1 407,615 "Even-12-B-7";
409 1 1 407,614 "Even-12-A-7";
410 1 0 409,408 "Even-12-S-7";
411 1 1 410,617 "Even-12-B-6";
412 1 1 410,616 "Even-12-A-6";
413 1 0 412,411 "Even-12-S-6";
414 1 1 413,619 "Even-12-B-5";
415 1 1 413,618 "Even-12-A-5";
416 1 1 295,621 "Even-11-B-4";
417 1 1 419,608 "Even-13-A-10";
418 1 1 419,609 "Even-13-B-10";
419 1 0 424,425 "Even-13-S-11";
420 1 0 421,422 "Even-4-S-0";
421 1 1 423,628 "Even-4-A-0";
422 1 1 423,629 "Even-4-B-0";
423 1 0 431,432 "Even-4-S-1";
424 1 1 427,606 "Even-13-A-11";
425 1 1 427,607 "Even-13-B-11";
426 1 1 380,622 "Even-13-A-3";
427 1 0 428,429 "Even-13-S-12";
428 1 1 430,604 "Even-13-A-12";
429 1 1 430,605 "Even-13-B-12";
430 1 0 597 "Even-13-Z";
431 1 1 433,626 "Even-4-A-1";
432 1 1 433,627 "Even-4-B-1";
433 1 0 320,296 "Even-4-S-2";
434 1 0 633,211 "Odd-12-T";
435 1 0 601,603 "Even-12-Z";
436 1 1 446,627 "Even-9-B-1";
437 1 0 447,479 "Even-9-S-5";
438 1 1 437,621 "Even-9-B-4";
439 1 1 437,620 "Even-9-A-4";
440 1 0 439,438 "Even-9-S-4";
441 1 1 440,623 "Even-9-B-3";
442 1 1 440,622 "Even-9-A-3";
443 1 0 442,441 "Even-9-S-3";
444 1 1 443,625 "Even-9-B-2";
445 1 1 443,624 "Even-9-A-2";
446 1 0 445,444 "Even-9-S-2";
447 1 1 478,618 "Even-9-A-5";
448 1 1 446,626 "Even-9-A-1";
449 1 0 448,436 "Even-9-S-1";
450 1 1 449,629 "Even-9-B-0";
451 1 1 449,628 "Even-9-A-0";
452 1 0 451,450 "Even-9-S-0";
453 1 0 454,455 "Even-7-S-0";
454 1 1 456,628 "Even-7-A-0";
455 1 1 456,629 "Even-7-B-0";
456 1 0 457,469 "Even-7-S-1";
457 1 1 503,626 "Even-7-A-1";
458 1 0 596,609,607,605,603 "Even-9-Z";
459 1 1 460,623 "Even-6-B-3";
460 1 0 461,462 "Even-6-S-4";
461 1 1 463,620 "Even-6-A-4";
462 1 1 463,621 "Even-6-B-4";
463 1 0 464,465 "Even-6-S-5";
464 1 1 466,618 "Even-6-A-5";
465 1 1 466,619 "Even-6-B-5";
466 1 0 592,615,613,611,609,607,605,603 "Even-6-Z";
467 1 0 645,214 "Odd-6-T";
468 1 0 639,90 "Odd-9-T";
469 1 1 503,627 "Even-7-B-1";
470 1 1 458,613 "Even-9-B-8";
471 1 1 458,612 "Even-9-A-8";
472 1 0 471,470 "Even-9-S-8";
473 1 1 472,615 "Even-9-B-7";
474 1 1 472,614 "Even-9-A-7";
475 1 0 474,473 "Even-9-S-7";
476 1 1 475,617 "Even-9-B-6";
477 1 1 475,616 "Even-9-A-6";
478 1 0 477,476 "Even-9-S-6";
479 1 1 478,619 "Even-9-B-5";
480 1 0 492,493 "Even-7-S-4";
481 1 1 523,624 "Even-8-A-2";
482 1 0 481,491 "Even-8-S-2";
483 1 1 482,627 "Even-8-B-1";
484 1 1 482,626 "Even-8-A-1";
485 1 0 484,483 "Even-8-S-1";
486 1 1 485,629 "Even-8-B-0";
487 1 1 485,628 "Even-8-A-0";
488 1 0 487,486 "Even-8-S-0";
489 1 1 480,622 "Even-7-A-3";
490 1 1 480,623 "Even-7-B-3";
491 1 1 523,625 "Even-8-B-2";
492 1 1 494,620 "Even-7-A-4";
493 1 1 494,621 "Even-7-B-4";
494 1 0 495,496 "Even-7-S-5";
495 1 1 497,618 "Even-7-A-5";
496 1 1 497,619 "Even-7-B-5";
497 1 0 498,499 "Even-7-S-6";
498 1 1 500,616 "Even-7-A-6";
499 1 1 500,617 "Even-7-B-6";
500 1 0 595,613,611,609,607,605,603 "Even-7-Z";
501 1 0 643,285 "Odd-7-T";
502 1 1 511,616 "Even-8-A-6";
503 1 0 504,505 "Even-7-S-2";
504 1 1 506,624 "Even-7-A-2";
505 1 1 506,625 "Even-7-B-2";
506 1 0 489,490 "Even-7-S-3";
507 1 0 641,62 "Odd-8-T";
508 1 0 593,611,609,607,605,603 "Even-8-Z";
509 1 1 508,615 "Even-8-B-7";
510 1 1 508,614 "Even-8-A-7";
511 1 0 510,509 "Even-8-S-7";
512 1 1 511,617 "Even-8-B-6";
513 1 0 545,416 "Even-11-S-4";
514 1 0 502,512 "Even-8-S-6";
515 1 1 514,619 "Even-8-B-5";
516 1 1 514,618 "Even-8-A-5";
517 1 0 516,515 "Even-8-S-5";
518 1 1 517,621 "Even-8-B-4";
519 1 1 517,620 "Even-8-A-4";
520 1 0 519,518 "Even-8-S-4";
521 1 1 520,623 "Even-8-B-3";
522 1 1 520,622 "Even-8-A-3";
523 1 0 522,521 "Even-8-S-3";
524 1 1 532,612 "Even-10-A-8";
525 1 0 647,245 "Odd-5-T";
526 1 0 527,569 "Even-6-S-0";
527 1 1 572,628 "Even-6-A-0";
528 1 0 637,9 "Odd-10-T";
529 1 0 590,607,605,603 "Even-10-Z";
530 1 1 529,611 "Even-10-B-9";
531 1 1 529,610 "Even-10-A-9";
532 1 0 531,530 "Even-10-S-9";
533 1 1 532,613 "Even-10-B-8";
534 1 0 588,617,615,613,611,609,607,605,603 "Even-5-Z";
535 1 0 524,533 "Even-10-S-8";
536 1 1 535,615 "Even-10-B-7";
537 1 1 535,614 "Even-10-A-7";
538 1 0 537,536 "Even-10-S-7";
539 1 1 538,617 "Even-10-B-6";
540 1 1 538,616 "Even-10-A-6";
541 1 0 540,539 "Even-10-S-6";
542 1 1 541,619 "Even-10-B-5";
543 1 1 541,618 "Even-10-A-5";
544 1 0 553,552 "Even-11-S-1";
545 1 1 295,620 "Even-11-A-4";
546 1 1 513,623 "Even-11-B-3";
547 1 1 513,622 "Even-11-A-3";
548 1 0 547,546 "Even-11-S-3";
549 1 1 548,625 "Even-11-B-2";
550 1 1 548,624 "Even-11-A-2";
551 1 0 550,549 "Even-11-S-2";
552 1 1 551,627 "Even-11-B-1";
553 1 1 551,626 "Even-11-A-1";
554 1 0 585,459 "Even-6-S-3";
555 1 1 544,629 "Even-11-B-0";
556 1 1 544,628 "Even-11-A-0";
557 1 0 556,555 "Even-11-S-0";
558 1 0 559,560 "Even-5-S-3";
559 1 1 561,622 "Even-5-A-3";
560 1 1 561,623 "Even-5-B-3";
561 1 0 562,563 "Even-5-S-4";
562 1 1 534,620 "Even-5-A-4";
563 1 1 534,621 "Even-5-B-4";
564 1 1 579,622 "Even-10-A-3";
565 1 0 566,567 "Even-10-S-2";
566 1 1 570,624 "Even-10-A-2";
567 1 1 570,625 "Even-10-B-2";
568 1 1 565,627 "Even-10-B-1";
569 1 1 572,629 "Even-6-B-0";
570 1 0 564,578 "Even-10-S-3";
571 1 1 565,626 "Even-10-A-1";
572 1 0 574,575 "Even-6-S-1";
573 1 0 571,568 "Even-10-S-1";
574 1 1 576,626 "Even-6-A-1";
575 1 1 576,627 "Even-6-B-1";
576 1 0 577,582 "Even-6-S-2";
577 1 1 554,624 "Even-6-A-2";
578 1 1 579,623 "Even-10-B-3";
579 1 0 580,583 "Even-10-S-4";
580 1 1 587,620 "Even-10-A-4";
581 1 1 573,629 "Even-10-B-0";
582 1 1 554,625 "Even-6-B-2";
583 1 1 587,621 "Even-10-B-4";
584 1 1 573,628 "Even-10-A-0";
585 1 1 460,622 "Even-6-A-3";
586 1 0 584,581 "Even-10-S-0";
587 1 0 543,542 "Even-10-S-5";
588 2 1 646,340 "Even-5-T";
589 2 1 634,557 "Even-11-T";
590 2 1 636,586 "Even-10-T";
591 2 1 648,420 "Even-4-T";
592 2 1 644,526 "Even-6-T";
593 2 1 640,488 "Even-8-T";
594 2 1 652,343 "Even-2-T";
595 2 1 642,453 "Even-7-T";
596 2 1 638,452 "Even-9-T";
597 2 1 630,357 "Even-13-T";
598 2 1 654,352 "Even-1-T";
599 2 1 650,359 "Even-3-T";
600 2 1 656,330 "Even-0-T";
601 2 1 632,319 "Even-12-T";
602 3 1 597 "Even-13-L";
603 4 0 293 "Odd-13-L";
604 5 1 601 "Even-12-L";
605 6 0 434 "Odd-12-L";
606 7 1 589 "Even-11-L";
607 8 0 331 "Odd-11-L";
608 9 1 590 "Even-10-L";
609 10 0 528 "Odd-10-L";
610 11 1 596 "Even-9-L";
611 12 0 468 "Odd-9-L";
612 13 1 593 "Even-8-L";
613 14 0 507 "Odd-8-L";
614 15 1 595 "Even-7-L";
615 16 0 501 "Odd-7-L";
616 17 1 592 "Even-6-L";
617 18 0 467 "Odd-6-L";
618 19 1 588 "Even-5-L";
619 20 0 525 "Odd-5-L";
620 21 1 591 "Even-4-L";
621 22 0 292 "Odd-4-L";
622 23 1 599 "Even-3-L";
623 24 0 369 "Odd-3-L";
624 25 1 594 "Even-2-L";
625 26 0 300 "Odd-2-L";
626 27 1 598 "Even-1-L";
627 28 0 348 "Odd-1-L";
628 29 1 600 "Even-0-L";
629 30 0 354 "Odd-0-L";
630 32 0 604 "Even-13-H";
631 33 1 605 "Odd-13-H";
632 34 0 606 "Even-12-H";
633 35 1 607 "Odd-12-H";
634 36 0 608 "Even-11-H";
635 37 1 609 "Odd-11-H";
636 38 0 610 "Even-10-H";
637 39 1 611 "Odd-10-H";
638 40 0 612 "Even-9-H";
639 41 1 613 "Odd-9-H";
640 42 0 614 "Even-8-H";
641 43 1 615 "Odd-8-H";
642 44 0 616 "Even-7-H";
643 45 1 617 "Odd-7-H";
644 46 0 618 "Even-6-H";
645 47 1 619 "Odd-6-H";
646 48 0 620 "Even-5-H";
647 49 1 621 "Odd-5-H";
648 50 0 622 "Even-4-H";
649 51 1 623 "Odd-4-H";
650 52 0 624 "Even-3-H";
651 53 1 625 "Odd-3-H";
652 54 0 626 "Even-2-H";
653 55 1 627 "Odd-2-H";
654 56 0 628 "Even-1-H";
655 57 1 629 "Odd-1-H";
656 58 0 602 "Even-0-H";
657 59 1 603 "Odd-0-H";
