parity 1062;
0 0 0 10,1016 "Odd-10-B-4";
1 0 1 2,3 "Odd-10-S-2";
2 0 0 4,1021 "Odd-10-A-2";
3 0 0 4,1020 "Odd-10-B-2";
4 0 1 5,6 "Odd-10-S-3";
5 0 0 7,1019 "Odd-10-A-3";
6 0 0 7,1018 "Odd-10-B-3";
7 0 1 8,0 "Odd-10-S-4";
8 0 0 10,1017 "Odd-10-A-4";
9 0 0 1,1022 "Odd-10-B-1";
10 0 1 11,12 "Odd-10-S-5";
11 0 0 13,1015 "Odd-10-A-5";
12 0 0 13,1014 "Odd-10-B-5";
13 0 1 14,15 "Odd-10-S-6";
14 0 0 16,1013 "Odd-10-A-6";
15 0 0 16,1012 "Odd-10-B-6";
16 0 1 17,27 "Odd-10-S-7";
17 0 0 53,1011 "Odd-10-A-7";
18 0 0 26,1018 "Odd-15-B-3";
19 0 0 119,1013 "Odd-15-A-6";
20 0 1 19,61 "Odd-15-S-6";
21 0 0 20,1014 "Odd-15-B-5";
22 0 0 20,1015 "Odd-15-A-5";
23 0 1 22,21 "Odd-15-S-5";
24 0 0 23,1016 "Odd-15-B-4";
25 0 0 23,1017 "Odd-15-A-4";
26 0 1 25,24 "Odd-15-S-4";
27 0 0 53,1010 "Odd-10-B-7";
28 0 0 26,1019 "Odd-15-A-3";
29 0 1 28,18 "Odd-15-S-3";
30 0 1 31,32 "Odd-10-S-0";
31 0 0 33,1025 "Odd-10-A-0";
32 0 0 33,1024 "Odd-10-B-0";
33 0 1 34,9 "Odd-10-S-1";
34 0 0 1,1023 "Odd-10-A-1";
35 0 1 45,46 "Odd-11-S-3";
36 0 0 38,1025 "Odd-11-A-0";
37 0 0 38,1024 "Odd-11-B-0";
38 0 1 39,40 "Odd-11-S-1";
39 0 0 41,1023 "Odd-11-A-1";
40 0 0 41,1022 "Odd-11-B-1";
41 0 1 42,43 "Odd-11-S-2";
42 0 0 35,1021 "Odd-11-A-2";
43 0 0 35,1020 "Odd-11-B-2";
44 0 1 36,37 "Odd-11-S-0";
45 0 0 47,1019 "Odd-11-A-3";
46 0 0 47,1018 "Odd-11-B-3";
47 0 1 48,49 "Odd-11-S-4";
48 0 0 50,1017 "Odd-11-A-4";
49 0 0 50,1016 "Odd-11-B-4";
50 0 1 51,129 "Odd-11-S-5";
51 0 0 224,1015 "Odd-11-A-5";
52 0 0 29,1021 "Odd-15-A-2";
53 0 1 54,55 "Odd-10-S-8";
54 0 0 56,1009 "Odd-10-A-8";
55 0 0 56,1008 "Odd-10-B-8";
56 0 1 57,58 "Odd-10-S-9";
57 0 0 59,1007 "Odd-10-A-9";
58 0 0 59,1006 "Odd-10-B-9";
59 0 1 934,1004,1002,1000,998,996,994,992,990 "Odd-10-Z";
60 0 0 29,1020 "Odd-15-B-2";
61 0 0 119,1012 "Odd-15-B-6";
62 0 1 52,60 "Odd-15-S-2";
63 0 0 62,1022 "Odd-15-B-1";
64 0 0 62,1023 "Odd-15-A-1";
65 0 1 64,63 "Odd-15-S-1";
66 0 0 65,1024 "Odd-15-B-0";
67 0 0 65,1025 "Odd-15-A-0";
68 0 1 67,66 "Odd-15-S-0";
69 0 0 79,1018 "Odd-9-B-3";
70 0 1 71,72 "Odd-9-S-1";
71 0 0 73,1023 "Odd-9-A-1";
72 0 0 73,1022 "Odd-9-B-1";
73 0 1 74,75 "Odd-9-S-2";
74 0 0 76,1021 "Odd-9-A-2";
75 0 0 76,1020 "Odd-9-B-2";
76 0 1 77,69 "Odd-9-S-3";
77 0 0 79,1019 "Odd-9-A-3";
78 0 0 70,1024 "Odd-9-B-0";
79 0 1 80,81 "Odd-9-S-4";
80 0 0 82,1017 "Odd-9-A-4";
81 0 0 82,1016 "Odd-9-B-4";
82 0 1 83,84 "Odd-9-S-5";
83 0 0 85,1015 "Odd-9-A-5";
84 0 0 85,1014 "Odd-9-B-5";
85 0 1 95,121 "Odd-9-S-6";
86 0 0 97,1013 "Odd-8-A-6";
87 0 0 88,1018 "Odd-8-B-3";
88 0 1 89,90 "Odd-8-S-4";
89 0 0 91,1017 "Odd-8-A-4";
90 0 0 91,1016 "Odd-8-B-4";
91 0 1 92,93 "Odd-8-S-5";
92 0 0 94,1015 "Odd-8-A-5";
93 0 0 94,1014 "Odd-8-B-5";
94 0 1 86,96 "Odd-8-S-6";
95 0 0 122,1013 "Odd-9-A-6";
96 0 0 97,1012 "Odd-8-B-6";
97 0 1 98,99 "Odd-8-S-7";
98 0 0 100,1011 "Odd-8-A-7";
99 0 0 100,1010 "Odd-8-B-7";
100 0 1 730,1008,1006,1004,1002,1000,998,996,994,992,990 "Odd-8-Z";
101 0 1 102,78 "Odd-9-S-0";
102 0 0 70,1025 "Odd-9-A-0";
103 0 0 110,1007 "Odd-15-A-9";
104 0 1 112,136 "Odd-15-S-12";
105 0 0 104,1002 "Odd-15-B-11";
106 0 0 104,1003 "Odd-15-A-11";
107 0 1 106,105 "Odd-15-S-11";
108 0 0 107,1004 "Odd-15-B-10";
109 0 0 107,1005 "Odd-15-A-10";
110 0 1 109,108 "Odd-15-S-10";
111 0 0 110,1006 "Odd-15-B-9";
112 0 0 135,1001 "Odd-15-A-12";
113 0 1 103,111 "Odd-15-S-9";
114 0 0 113,1008 "Odd-15-B-8";
115 0 0 113,1009 "Odd-15-A-8";
116 0 1 115,114 "Odd-15-S-8";
117 0 0 116,1010 "Odd-15-B-7";
118 0 0 116,1011 "Odd-15-A-7";
119 0 1 118,117 "Odd-15-S-7";
120 0 1 562,994,992,990 "Odd-15-Z";
121 0 0 122,1012 "Odd-9-B-6";
122 0 1 123,124 "Odd-9-S-7";
123 0 0 125,1011 "Odd-9-A-7";
124 0 0 125,1010 "Odd-9-B-7";
125 0 1 126,127 "Odd-9-S-8";
126 0 0 128,1009 "Odd-9-A-8";
127 0 0 128,1008 "Odd-9-B-8";
128 0 1 717,1006,1004,1002,1000,998,996,994,992,990 "Odd-9-Z";
129 0 0 224,1014 "Odd-11-B-5";
130 0 0 120,996 "Odd-15-B-14";
131 0 0 120,997 "Odd-15-A-14";
132 0 1 131,130 "Odd-15-S-14";
133 0 0 132,998 "Odd-15-B-13";
134 0 0 132,999 "Odd-15-A-13";
135 0 1 134,133 "Odd-15-S-13";
136 0 0 135,1000 "Odd-15-B-12";
137 0 0 145,1024 "Odd-14-B-0";
138 0 0 171,1019 "Odd-14-A-3";
139 0 1 138,146 "Odd-14-S-3";
140 0 0 139,1020 "Odd-14-B-2";
141 0 0 139,1021 "Odd-14-A-2";
142 0 1 141,140 "Odd-14-S-2";
143 0 0 142,1022 "Odd-14-B-1";
144 0 0 142,1023 "Odd-14-A-1";
145 0 1 144,143 "Odd-14-S-1";
146 0 0 171,1018 "Odd-14-B-3";
147 0 0 145,1025 "Odd-14-A-0";
148 0 1 147,137 "Odd-14-S-0";
149 0 1 150,151 "Odd-13-S-0";
150 0 0 152,1025 "Odd-13-A-0";
151 0 0 152,1024 "Odd-13-B-0";
152 0 1 153,154 "Odd-13-S-1";
153 0 0 164,1023 "Odd-13-A-1";
154 0 0 164,1022 "Odd-13-B-1";
155 0 1 165,166 "Odd-12-S-11";
156 0 0 158,1009 "Odd-12-A-8";
157 0 0 158,1008 "Odd-12-B-8";
158 0 1 159,160 "Odd-12-S-9";
159 0 0 161,1007 "Odd-12-A-9";
160 0 0 161,1006 "Odd-12-B-9";
161 0 1 162,163 "Odd-12-S-10";
162 0 0 155,1005 "Odd-12-A-10";
163 0 0 155,1004 "Odd-12-B-10";
164 0 1 190,191 "Odd-13-S-2";
165 0 0 167,1003 "Odd-12-A-11";
166 0 0 167,1002 "Odd-12-B-11";
167 0 1 849,1000,998,996,994,992,990 "Odd-12-Z";
168 0 1 257,265 "Odd-14-S-5";
169 0 0 168,1016 "Odd-14-B-4";
170 0 0 168,1017 "Odd-14-A-4";
171 0 1 170,169 "Odd-14-S-4";
172 0 0 182,1004 "Odd-13-B-10";
173 0 1 174,175 "Odd-13-S-8";
174 0 0 176,1009 "Odd-13-A-8";
175 0 0 176,1008 "Odd-13-B-8";
176 0 1 177,178 "Odd-13-S-9";
177 0 0 179,1007 "Odd-13-A-9";
178 0 0 179,1006 "Odd-13-B-9";
179 0 1 180,172 "Odd-13-S-10";
180 0 0 182,1005 "Odd-13-A-10";
181 0 0 173,1010 "Odd-13-B-7";
182 0 1 183,184 "Odd-13-S-11";
183 0 0 185,1003 "Odd-13-A-11";
184 0 0 185,1002 "Odd-13-B-11";
185 0 1 186,187 "Odd-13-S-12";
186 0 0 188,1001 "Odd-13-A-12";
187 0 0 188,1000 "Odd-13-B-12";
188 0 1 890,998,996,994,992,990 "Odd-13-Z";
189 0 1 199,200 "Odd-13-S-5";
190 0 0 192,1021 "Odd-13-A-2";
191 0 0 192,1020 "Odd-13-B-2";
192 0 1 193,194 "Odd-13-S-3";
193 0 0 195,1019 "Odd-13-A-3";
194 0 0 195,1018 "Odd-13-B-3";
195 0 1 196,197 "Odd-13-S-4";
196 0 0 189,1017 "Odd-13-A-4";
197 0 0 189,1016 "Odd-13-B-4";
198 0 1 156,157 "Odd-12-S-8";
199 0 0 201,1015 "Odd-13-A-5";
200 0 0 201,1014 "Odd-13-B-5";
201 0 1 202,203 "Odd-13-S-6";
202 0 0 204,1013 "Odd-13-A-6";
203 0 0 204,1012 "Odd-13-B-6";
204 0 1 205,181 "Odd-13-S-7";
205 0 0 173,1011 "Odd-13-A-7";
206 0 1 214,213 "Odd-14-S-11";
207 0 0 215,998 "Odd-14-B-13";
208 0 0 215,999 "Odd-14-A-13";
209 0 1 208,207 "Odd-14-S-13";
210 0 0 209,1000 "Odd-14-B-12";
211 0 0 209,1001 "Odd-14-A-12";
212 0 1 211,210 "Odd-14-S-12";
213 0 0 212,1002 "Odd-14-B-11";
214 0 0 212,1003 "Odd-14-A-11";
215 0 1 517,996,994,992,990 "Odd-14-Z";
216 0 0 206,1004 "Odd-14-B-10";
217 0 0 206,1005 "Odd-14-A-10";
218 0 1 217,216 "Odd-14-S-10";
219 0 0 218,1006 "Odd-14-B-9";
220 0 0 218,1007 "Odd-14-A-9";
221 0 1 220,219 "Odd-14-S-9";
222 0 0 221,1008 "Odd-14-B-8";
223 0 0 233,1008 "Odd-11-B-8";
224 0 1 225,226 "Odd-11-S-6";
225 0 0 227,1013 "Odd-11-A-6";
226 0 0 227,1012 "Odd-11-B-6";
227 0 1 228,229 "Odd-11-S-7";
228 0 0 230,1011 "Odd-11-A-7";
229 0 0 230,1010 "Odd-11-B-7";
230 0 1 231,223 "Odd-11-S-8";
231 0 0 233,1009 "Odd-11-A-8";
232 0 0 221,1009 "Odd-14-A-8";
233 0 1 234,235 "Odd-11-S-9";
234 0 0 236,1007 "Odd-11-A-9";
235 0 0 236,1006 "Odd-11-B-9";
236 0 1 237,238 "Odd-11-S-10";
237 0 0 239,1005 "Odd-11-A-10";
238 0 0 239,1004 "Odd-11-B-10";
239 0 1 954,1002,1000,998,996,994,992,990 "Odd-11-Z";
240 0 0 251,1015 "Odd-12-A-5";
241 0 0 242,1020 "Odd-12-B-2";
242 0 1 243,244 "Odd-12-S-3";
243 0 0 245,1019 "Odd-12-A-3";
244 0 0 245,1018 "Odd-12-B-3";
245 0 1 246,247 "Odd-12-S-4";
246 0 0 248,1017 "Odd-12-A-4";
247 0 0 248,1016 "Odd-12-B-4";
248 0 1 240,250 "Odd-12-S-5";
249 0 0 242,1021 "Odd-12-A-2";
250 0 0 251,1014 "Odd-12-B-5";
251 0 1 252,253 "Odd-12-S-6";
252 0 0 254,1013 "Odd-12-A-6";
253 0 0 254,1012 "Odd-12-B-6";
254 0 1 255,256 "Odd-12-S-7";
255 0 0 198,1011 "Odd-12-A-7";
256 0 0 198,1010 "Odd-12-B-7";
257 0 0 264,1015 "Odd-14-A-5";
258 0 1 232,222 "Odd-14-S-8";
259 0 0 258,1010 "Odd-14-B-7";
260 0 0 258,1011 "Odd-14-A-7";
261 0 1 260,259 "Odd-14-S-7";
262 0 0 261,1012 "Odd-14-B-6";
263 0 0 261,1013 "Odd-14-A-6";
264 0 1 263,262 "Odd-14-S-6";
265 0 0 264,1014 "Odd-14-B-5";
266 0 1 478,990 "Odd-17-Z";
267 0 1 268,269 "Odd-12-S-0";
268 0 0 270,1025 "Odd-12-A-0";
269 0 0 270,1024 "Odd-12-B-0";
270 0 1 271,272 "Odd-12-S-1";
271 0 0 273,1023 "Odd-12-A-1";
272 0 0 273,1022 "Odd-12-B-1";
273 0 1 249,241 "Odd-12-S-2";
274 0 0 290,995 "Odd-16-A-15";
275 0 1 288,327 "Odd-6-S-3";
276 0 0 275,1020 "Odd-6-B-2";
277 0 0 275,1021 "Odd-6-A-2";
278 0 1 277,276 "Odd-6-S-2";
279 0 0 278,1022 "Odd-6-B-1";
280 0 0 278,1023 "Odd-6-A-1";
281 0 1 280,279 "Odd-6-S-1";
282 0 0 281,1024 "Odd-6-B-0";
283 0 0 281,1025 "Odd-6-A-0";
284 0 1 283,282 "Odd-6-S-0";
285 0 0 287,997 "Odd-16-A-14";
286 0 0 287,996 "Odd-16-B-14";
287 0 1 274,289 "Odd-16-S-15";
288 0 0 326,1019 "Odd-6-A-3";
289 0 0 290,994 "Odd-16-B-15";
290 0 1 530,992,990 "Odd-16-Z";
291 0 1 786,1020,1018,1016,1014,1012,1010,1008,1006,1004,1002,1000,998,996,994,992,990 "Odd-2-Z";
292 0 0 397,1011 "Odd-17-A-7";
293 0 1 292,398 "Odd-17-S-7";
294 0 0 293,1012 "Odd-17-B-6";
295 0 0 293,1013 "Odd-17-A-6";
296 0 1 295,294 "Odd-17-S-6";
297 0 0 296,1014 "Odd-17-B-5";
298 0 0 296,1015 "Odd-17-A-5";
299 0 1 298,297 "Odd-17-S-5";
300 0 0 299,1016 "Odd-17-B-4";
301 0 0 317,1001 "Odd-16-A-12";
302 0 1 303,304 "Odd-16-S-8";
303 0 0 305,1009 "Odd-16-A-8";
304 0 0 305,1008 "Odd-16-B-8";
305 0 1 306,307 "Odd-16-S-9";
306 0 0 308,1007 "Odd-16-A-9";
307 0 0 308,1006 "Odd-16-B-9";
308 0 1 309,310 "Odd-16-S-10";
309 0 0 311,1005 "Odd-16-A-10";
310 0 0 311,1004 "Odd-16-B-10";
311 0 1 312,313 "Odd-16-S-11";
312 0 0 314,1003 "Odd-16-A-11";
313 0 0 314,1002 "Odd-16-B-11";
314 0 1 301,316 "Odd-16-S-12";
315 0 0 299,1017 "Odd-17-A-4";
316 0 0 317,1000 "Odd-16-B-12";
317 0 1 318,319 "Odd-16-S-13";
318 0 0 320,999 "Odd-16-A-13";
319 0 0 320,998 "Odd-16-B-13";
320 0 1 285,286 "Odd-16-S-14";
321 0 1 807,1012,1010,1008,1006,1004,1002,1000,998,996,994,992,990 "Odd-6-Z";
322 0 0 321,1015 "Odd-6-A-5";
323 0 1 322,368 "Odd-6-S-5";
324 0 0 323,1016 "Odd-6-B-4";
325 0 0 323,1017 "Odd-6-A-4";
326 0 1 325,324 "Odd-6-S-4";
327 0 0 326,1018 "Odd-6-B-3";
328 0 1 343,344 "Odd-4-S-0";
329 0 1 342,380 "Odd-5-S-0";
330 0 0 331,1022 "Odd-3-B-1";
331 0 1 332,333 "Odd-3-S-2";
332 0 0 334,1021 "Odd-3-A-2";
333 0 0 334,1020 "Odd-3-B-2";
334 0 1 755,1018,1016,1014,1012,1010,1008,1006,1004,1002,1000,998,996,994,992,990 "Odd-3-Z";
335 0 1 361,360 "Odd-17-S-2";
336 0 0 335,1022 "Odd-17-B-1";
337 0 0 335,1023 "Odd-17-A-1";
338 0 1 337,336 "Odd-17-S-1";
339 0 0 338,1024 "Odd-17-B-0";
340 0 0 338,1025 "Odd-17-A-0";
341 0 1 340,339 "Odd-17-S-0";
342 0 0 379,1025 "Odd-5-A-0";
343 0 0 345,1025 "Odd-4-A-0";
344 0 0 345,1024 "Odd-4-B-0";
345 0 1 346,347 "Odd-4-S-1";
346 0 0 348,1023 "Odd-4-A-1";
347 0 0 348,1022 "Odd-4-B-1";
348 0 1 349,350 "Odd-4-S-2";
349 0 0 351,1021 "Odd-4-A-2";
350 0 0 351,1020 "Odd-4-B-2";
351 0 1 352,353 "Odd-4-S-3";
352 0 0 354,1019 "Odd-4-A-3";
353 0 0 354,1018 "Odd-4-B-3";
354 0 1 769,1016,1014,1012,1010,1008,1006,1004,1002,1000,998,996,994,992,990 "Odd-4-Z";
355 0 0 367,1016 "Odd-5-B-4";
356 0 1 315,300 "Odd-17-S-4";
357 0 0 356,1018 "Odd-17-B-3";
358 0 0 356,1019 "Odd-17-A-3";
359 0 1 358,357 "Odd-17-S-3";
360 0 0 359,1020 "Odd-17-B-2";
361 0 0 359,1021 "Odd-17-A-2";
362 0 1 363,364 "Odd-3-S-0";
363 0 0 365,1025 "Odd-3-A-0";
364 0 0 365,1024 "Odd-3-B-0";
365 0 1 366,330 "Odd-3-S-1";
366 0 0 331,1023 "Odd-3-A-1";
367 0 1 828,1014,1012,1010,1008,1006,1004,1002,1000,998,996,994,992,990 "Odd-5-Z";
368 0 0 321,1014 "Odd-6-B-5";
369 0 0 367,1017 "Odd-5-A-4";
370 0 1 369,355 "Odd-5-S-4";
371 0 0 370,1018 "Odd-5-B-3";
372 0 0 370,1019 "Odd-5-A-3";
373 0 1 372,371 "Odd-5-S-3";
374 0 0 373,1020 "Odd-5-B-2";
375 0 0 373,1021 "Odd-5-A-2";
376 0 1 375,374 "Odd-5-S-2";
377 0 0 376,1022 "Odd-5-B-1";
378 0 0 376,1023 "Odd-5-A-1";
379 0 1 378,377 "Odd-5-S-1";
380 0 0 379,1024 "Odd-5-B-0";
381 0 0 394,1008 "Odd-17-B-8";
382 0 1 383,384 "Odd-1-S-0";
383 0 0 385,1025 "Odd-1-A-0";
384 0 0 385,1024 "Odd-1-B-0";
385 0 1 778,1022,1020,1018,1016,1014,1012,1010,1008,1006,1004,1002,1000,998,996,994,992,990 "Odd-1-Z";
386 0 0 395,1002 "Odd-17-B-11";
387 0 0 395,1003 "Odd-17-A-11";
388 0 1 387,386 "Odd-17-S-11";
389 0 0 388,1004 "Odd-17-B-10";
390 0 0 388,1005 "Odd-17-A-10";
391 0 1 390,389 "Odd-17-S-10";
392 0 0 391,1006 "Odd-17-B-9";
393 0 0 391,1007 "Odd-17-A-9";
394 0 1 393,392 "Odd-17-S-9";
395 0 1 434,433 "Odd-17-S-12";
396 0 0 394,1009 "Odd-17-A-8";
397 0 1 396,381 "Odd-17-S-8";
398 0 0 397,1010 "Odd-17-B-7";
399 0 1 400,401 "Odd-2-S-0";
400 0 0 402,1025 "Odd-2-A-0";
401 0 0 402,1024 "Odd-2-B-0";
402 0 1 403,404 "Odd-2-S-1";
403 0 0 291,1023 "Odd-2-A-1";
404 0 0 291,1022 "Odd-2-B-1";
405 0 1 422,407 "Odd-16-S-0";
406 0 0 302,1010 "Odd-16-B-7";
407 0 0 475,1024 "Odd-16-B-0";
408 0 1 421,420 "Odd-17-S-16";
409 0 1 419,87 "Odd-8-S-3";
410 0 0 409,1020 "Odd-8-B-2";
411 0 0 409,1021 "Odd-8-A-2";
412 0 1 411,410 "Odd-8-S-2";
413 0 0 412,1022 "Odd-8-B-1";
414 0 0 412,1023 "Odd-8-A-1";
415 0 1 414,413 "Odd-8-S-1";
416 0 0 415,1024 "Odd-8-B-0";
417 0 0 415,1025 "Odd-8-A-0";
418 0 1 417,416 "Odd-8-S-0";
419 0 0 88,1019 "Odd-8-A-3";
420 0 0 266,992 "Odd-17-B-16";
421 0 0 266,993 "Odd-17-A-16";
422 0 0 475,1025 "Odd-16-A-0";
423 0 0 408,994 "Odd-17-B-15";
424 0 0 408,995 "Odd-17-A-15";
425 0 1 773,1024,1022,1020,1018,1016,1014,1012,1010,1008,1006,1004,1002,1000,998,996,994,992,990 "Odd-0-Z";
426 0 1 424,423 "Odd-17-S-15";
427 0 0 426,996 "Odd-17-B-14";
428 0 0 426,997 "Odd-17-A-14";
429 0 1 428,427 "Odd-17-S-14";
430 0 0 429,998 "Odd-17-B-13";
431 0 0 429,999 "Odd-17-A-13";
432 0 1 431,430 "Odd-17-S-13";
433 0 0 432,1000 "Odd-17-B-12";
434 0 0 432,1001 "Odd-17-A-12";
435 0 0 446,1013 "Odd-7-A-6";
436 0 0 438,1019 "Odd-7-A-3";
437 0 0 438,1018 "Odd-7-B-3";
438 0 1 439,440 "Odd-7-S-4";
439 0 0 441,1017 "Odd-7-A-4";
440 0 0 441,1016 "Odd-7-B-4";
441 0 1 442,462 "Odd-7-S-5";
442 0 0 443,1015 "Odd-7-A-5";
443 0 1 435,445 "Odd-7-S-6";
444 0 1 436,437 "Odd-7-S-3";
445 0 0 446,1012 "Odd-7-B-6";
446 0 1 704,1010,1008,1006,1004,1002,1000,998,996,994,992,990 "Odd-7-Z";
447 0 0 461,1016 "Odd-16-B-4";
448 0 0 461,1017 "Odd-16-A-4";
449 0 1 448,447 "Odd-16-S-4";
450 0 0 449,1018 "Odd-16-B-3";
451 0 0 449,1019 "Odd-16-A-3";
452 0 1 451,450 "Odd-16-S-3";
453 0 1 463,464 "Odd-7-S-0";
454 0 0 302,1011 "Odd-16-A-7";
455 0 1 454,406 "Odd-16-S-7";
456 0 0 455,1012 "Odd-16-B-6";
457 0 0 455,1013 "Odd-16-A-6";
458 0 1 457,456 "Odd-16-S-6";
459 0 0 458,1014 "Odd-16-B-5";
460 0 0 458,1015 "Odd-16-A-5";
461 0 1 460,459 "Odd-16-S-5";
462 0 0 443,1014 "Odd-7-B-5";
463 0 0 465,1025 "Odd-7-A-0";
464 0 0 465,1024 "Odd-7-B-0";
465 0 1 466,467 "Odd-7-S-1";
466 0 0 468,1023 "Odd-7-A-1";
467 0 0 468,1022 "Odd-7-B-1";
468 0 1 469,470 "Odd-7-S-2";
469 0 0 444,1021 "Odd-7-A-2";
470 0 0 444,1020 "Odd-7-B-2";
471 0 0 452,1021 "Odd-16-A-2";
472 0 1 471,476 "Odd-16-S-2";
473 0 0 472,1022 "Odd-16-B-1";
474 0 0 472,1023 "Odd-16-A-1";
475 0 1 474,473 "Odd-16-S-1";
476 0 0 452,1020 "Odd-16-B-2";
477 1 1 479,999 "Even-17-B-13";
478 1 0 1027,341 "Odd-17-T";
479 1 0 480,481 "Even-17-S-14";
480 1 1 482,996 "Even-17-A-14";
481 1 1 482,997 "Even-17-B-14";
482 1 0 483,484 "Even-17-S-15";
483 1 1 485,994 "Even-17-A-15";
484 1 1 485,995 "Even-17-B-15";
485 1 0 486,487 "Even-17-S-16";
486 1 1 488,992 "Even-17-A-16";
487 1 1 488,993 "Even-17-B-16";
488 1 0 986 "Even-17-Z";
489 1 0 501,500 "Even-14-S-9";
490 1 1 515,1021 "Even-14-B-2";
491 1 1 515,1020 "Even-14-A-2";
492 1 1 521,1000 "Even-14-A-12";
493 1 0 492,522 "Even-14-S-12";
494 1 1 493,1003 "Even-14-B-11";
495 1 1 493,1002 "Even-14-A-11";
496 1 0 495,494 "Even-14-S-11";
497 1 1 496,1005 "Even-14-B-10";
498 1 1 496,1004 "Even-14-A-10";
499 1 0 498,497 "Even-14-S-10";
500 1 1 499,1007 "Even-14-B-9";
501 1 1 499,1006 "Even-14-A-9";
502 1 0 516,507 "Even-14-S-8";
503 1 1 505,1014 "Even-14-A-5";
504 1 1 505,1015 "Even-14-B-5";
505 1 0 506,508 "Even-14-S-6";
506 1 1 509,1012 "Even-14-A-6";
507 1 1 489,1009 "Even-14-B-8";
508 1 1 509,1013 "Even-14-B-6";
509 1 0 510,513 "Even-14-S-7";
510 1 1 502,1010 "Even-14-A-7";
511 1 1 512,1017 "Even-14-B-4";
512 1 0 503,504 "Even-14-S-5";
513 1 1 502,1011 "Even-14-B-7";
514 1 0 491,490 "Even-14-S-2";
515 1 0 527,526 "Even-14-S-3";
516 1 1 489,1008 "Even-14-A-8";
517 1 0 1033,148 "Odd-14-T";
518 1 0 976,995,993,991 "Even-14-Z";
519 1 1 518,999 "Even-14-B-13";
520 1 1 518,998 "Even-14-A-13";
521 1 0 520,519 "Even-14-S-13";
522 1 1 521,1001 "Even-14-B-12";
523 1 0 985,999,997,995,993,991 "Even-12-Z";
524 1 1 512,1016 "Even-14-A-4";
525 1 0 524,511 "Even-14-S-4";
526 1 1 525,1019 "Even-14-B-3";
527 1 1 525,1018 "Even-14-A-3";
528 1 0 536,535 "Even-16-S-14";
529 1 0 537,634 "Even-17-S-0";
530 1 0 1029,405 "Odd-16-T";
531 1 0 979,991 "Even-16-Z";
532 1 1 531,995 "Even-16-B-15";
533 1 1 531,994 "Even-16-A-15";
534 1 0 533,532 "Even-16-S-15";
535 1 1 534,997 "Even-16-B-14";
536 1 1 534,996 "Even-16-A-14";
537 1 1 633,1024 "Even-17-A-0";
538 1 1 528,999 "Even-16-B-13";
539 1 1 528,998 "Even-16-A-13";
540 1 0 539,538 "Even-16-S-13";
541 1 1 540,1001 "Even-16-B-12";
542 1 1 540,1000 "Even-16-A-12";
543 1 0 544,545 "Even-16-S-0";
544 1 1 555,1024 "Even-16-A-0";
545 1 1 555,1025 "Even-16-B-0";
546 1 0 556,557 "Even-15-S-13";
547 1 1 549,1004 "Even-15-A-10";
548 1 1 549,1005 "Even-15-B-10";
549 1 0 550,551 "Even-15-S-11";
550 1 1 552,1002 "Even-15-A-11";
551 1 1 552,1003 "Even-15-B-11";
552 1 0 553,554 "Even-15-S-12";
553 1 1 546,1000 "Even-15-A-12";
554 1 1 546,1001 "Even-15-B-12";
555 1 0 581,582 "Even-16-S-1";
556 1 1 558,998 "Even-15-A-13";
557 1 1 558,999 "Even-15-B-13";
558 1 0 559,560 "Even-15-S-14";
559 1 1 561,996 "Even-15-A-14";
560 1 1 561,997 "Even-15-B-14";
561 1 0 988,993,991 "Even-15-Z";
562 1 0 1031,68 "Odd-15-T";
563 1 1 573,1007 "Even-16-B-9";
564 1 0 565,566 "Even-16-S-7";
565 1 1 567,1010 "Even-16-A-7";
566 1 1 567,1011 "Even-16-B-7";
567 1 0 568,569 "Even-16-S-8";
568 1 1 570,1008 "Even-16-A-8";
569 1 1 570,1009 "Even-16-B-8";
570 1 0 571,563 "Even-16-S-9";
571 1 1 573,1006 "Even-16-A-9";
572 1 1 564,1013 "Even-16-B-6";
573 1 0 574,575 "Even-16-S-10";
574 1 1 576,1004 "Even-16-A-10";
575 1 1 576,1005 "Even-16-B-10";
576 1 0 579,578 "Even-16-S-11";
577 1 0 542,541 "Even-16-S-12";
578 1 1 577,1003 "Even-16-B-11";
579 1 1 577,1002 "Even-16-A-11";
580 1 0 590,591 "Even-16-S-4";
581 1 1 583,1022 "Even-16-A-1";
582 1 1 583,1023 "Even-16-B-1";
583 1 0 584,585 "Even-16-S-2";
584 1 1 586,1020 "Even-16-A-2";
585 1 1 586,1021 "Even-16-B-2";
586 1 0 587,588 "Even-16-S-3";
587 1 1 580,1018 "Even-16-A-3";
588 1 1 580,1019 "Even-16-B-3";
589 1 0 547,548 "Even-15-S-10";
590 1 1 592,1016 "Even-16-A-4";
591 1 1 592,1017 "Even-16-B-4";
592 1 0 593,594 "Even-16-S-5";
593 1 1 595,1014 "Even-16-A-5";
594 1 1 595,1015 "Even-16-B-5";
595 1 0 596,572 "Even-16-S-6";
596 1 1 564,1012 "Even-16-A-6";
597 1 1 607,1023 "Even-15-B-1";
598 1 1 631,1010 "Even-17-A-7";
599 1 0 598,606 "Even-17-S-7";
600 1 1 599,1013 "Even-17-B-6";
601 1 0 602,603 "Even-15-S-0";
602 1 1 604,1024 "Even-15-A-0";
603 1 1 604,1025 "Even-15-B-0";
604 1 0 605,597 "Even-15-S-1";
605 1 1 607,1022 "Even-15-A-1";
606 1 1 631,1011 "Even-17-B-7";
607 1 0 608,609 "Even-15-S-2";
608 1 1 610,1020 "Even-15-A-2";
609 1 1 610,1021 "Even-15-B-2";
610 1 0 611,612 "Even-15-S-3";
611 1 1 613,1018 "Even-15-A-3";
612 1 1 613,1019 "Even-15-B-3";
613 1 0 614,624 "Even-15-S-4";
614 1 1 650,1016 "Even-15-A-4";
615 1 1 622,1004 "Even-17-A-10";
616 1 0 658,477 "Even-17-S-13";
617 1 1 616,1001 "Even-17-B-12";
618 1 1 616,1000 "Even-17-A-12";
619 1 0 618,617 "Even-17-S-12";
620 1 1 619,1003 "Even-17-B-11";
621 1 1 619,1002 "Even-17-A-11";
622 1 0 621,620 "Even-17-S-11";
623 1 1 622,1005 "Even-17-B-10";
624 1 1 650,1017 "Even-15-B-4";
625 1 0 615,623 "Even-17-S-10";
626 1 1 625,1007 "Even-17-B-9";
627 1 1 625,1006 "Even-17-A-9";
628 1 0 627,626 "Even-17-S-9";
629 1 1 628,1009 "Even-17-B-8";
630 1 1 628,1008 "Even-17-A-8";
631 1 0 630,629 "Even-17-S-8";
632 1 1 643,1010 "Even-15-A-7";
633 1 0 641,665 "Even-17-S-1";
634 1 1 633,1025 "Even-17-B-0";
635 1 1 637,1014 "Even-15-A-5";
636 1 1 637,1015 "Even-15-B-5";
637 1 0 638,639 "Even-15-S-6";
638 1 1 640,1012 "Even-15-A-6";
639 1 1 640,1013 "Even-15-B-6";
640 1 0 632,642 "Even-15-S-7";
641 1 1 664,1022 "Even-17-A-1";
642 1 1 643,1011 "Even-15-B-7";
643 1 0 644,645 "Even-15-S-8";
644 1 1 646,1008 "Even-15-A-8";
645 1 1 646,1009 "Even-15-B-8";
646 1 0 647,648 "Even-15-S-9";
647 1 1 589,1006 "Even-15-A-9";
648 1 1 589,1007 "Even-15-B-9";
649 1 0 657,656 "Even-17-S-4";
650 1 0 635,636 "Even-15-S-5";
651 1 1 599,1012 "Even-17-A-6";
652 1 0 651,600 "Even-17-S-6";
653 1 1 652,1015 "Even-17-B-5";
654 1 1 652,1014 "Even-17-A-5";
655 1 0 654,653 "Even-17-S-5";
656 1 1 655,1017 "Even-17-B-4";
657 1 1 655,1016 "Even-17-A-4";
658 1 1 479,998 "Even-17-A-13";
659 1 1 649,1019 "Even-17-B-3";
660 1 1 649,1018 "Even-17-A-3";
661 1 0 660,659 "Even-17-S-3";
662 1 1 661,1021 "Even-17-B-2";
663 1 1 661,1020 "Even-17-A-2";
664 1 0 663,662 "Even-17-S-2";
665 1 1 664,1023 "Even-17-B-1";
666 1 1 678,1017 "Even-8-B-4";
667 1 1 669,1022 "Even-8-A-1";
668 1 1 669,1023 "Even-8-B-1";
669 1 0 670,671 "Even-8-S-2";
670 1 1 672,1020 "Even-8-A-2";
671 1 1 672,1021 "Even-8-B-2";
672 1 0 673,674 "Even-8-S-3";
673 1 1 675,1018 "Even-8-A-3";
674 1 1 675,1019 "Even-8-B-3";
675 1 0 676,666 "Even-8-S-4";
676 1 1 678,1016 "Even-8-A-4";
677 1 0 667,668 "Even-8-S-1";
678 1 0 679,680 "Even-8-S-5";
679 1 1 681,1014 "Even-8-A-5";
680 1 1 681,1015 "Even-8-B-5";
681 1 0 682,683 "Even-8-S-6";
682 1 1 684,1012 "Even-8-A-6";
683 1 1 684,1013 "Even-8-B-6";
684 1 0 685,686 "Even-8-S-7";
685 1 1 698,1010 "Even-8-A-7";
686 1 1 698,1011 "Even-8-B-7";
687 1 1 700,1014 "Even-7-A-5";
688 1 0 689,690 "Even-7-S-2";
689 1 1 691,1020 "Even-7-A-2";
690 1 1 691,1021 "Even-7-B-2";
691 1 0 692,693 "Even-7-S-3";
692 1 1 694,1018 "Even-7-A-3";
693 1 1 694,1019 "Even-7-B-3";
694 1 0 695,696 "Even-7-S-4";
695 1 1 697,1016 "Even-7-A-4";
696 1 1 697,1017 "Even-7-B-4";
697 1 0 687,699 "Even-7-S-5";
698 1 0 984,1007,1005,1003,1001,999,997,995,993,991 "Even-8-Z";
699 1 1 700,1015 "Even-7-B-5";
700 1 0 701,702 "Even-7-S-6";
701 1 1 703,1012 "Even-7-A-6";
702 1 1 703,1013 "Even-7-B-6";
703 1 0 987,1009,1007,1005,1003,1001,999,997,995,993,991 "Even-7-Z";
704 1 0 1047,453 "Odd-7-T";
705 1 0 706,707 "Even-8-S-0";
706 1 1 677,1024 "Even-8-A-0";
707 1 1 677,1025 "Even-8-B-0";
708 1 1 721,1024 "Even-10-A-0";
709 1 1 710,1013 "Even-9-B-6";
710 1 0 711,712 "Even-9-S-7";
711 1 1 713,1010 "Even-9-A-7";
712 1 1 713,1011 "Even-9-B-7";
713 1 0 714,715 "Even-9-S-8";
714 1 1 716,1008 "Even-9-A-8";
715 1 1 716,1009 "Even-9-B-8";
716 1 0 983,1005,1003,1001,999,997,995,993,991 "Even-9-Z";
717 1 0 1043,101 "Odd-9-T";
718 1 0 708,720 "Even-10-S-0";
719 1 1 710,1012 "Even-9-A-6";
720 1 1 721,1025 "Even-10-B-0";
721 1 0 722,723 "Even-10-S-1";
722 1 1 724,1022 "Even-10-A-1";
723 1 1 724,1023 "Even-10-B-1";
724 1 0 725,726 "Even-10-S-2";
725 1 1 727,1020 "Even-10-A-2";
726 1 1 727,1021 "Even-10-B-2";
727 1 0 728,949 "Even-10-S-3";
728 1 1 907,1018 "Even-10-A-3";
729 1 0 741,742 "Even-9-S-3";
730 1 0 1045,418 "Odd-8-T";
731 1 0 732,733 "Even-9-S-0";
732 1 1 734,1024 "Even-9-A-0";
733 1 1 734,1025 "Even-9-B-0";
734 1 0 735,736 "Even-9-S-1";
735 1 1 737,1022 "Even-9-A-1";
736 1 1 737,1023 "Even-9-B-1";
737 1 0 738,739 "Even-9-S-2";
738 1 1 729,1020 "Even-9-A-2";
739 1 1 729,1021 "Even-9-B-2";
740 1 1 688,1023 "Even-7-B-1";
741 1 1 743,1018 "Even-9-A-3";
742 1 1 743,1019 "Even-9-B-3";
743 1 0 744,745 "Even-9-S-4";
744 1 1 746,1016 "Even-9-A-4";
745 1 1 746,1017 "Even-9-B-4";
746 1 0 747,748 "Even-9-S-5";
747 1 1 749,1014 "Even-9-A-5";
748 1 1 749,1015 "Even-9-B-5";
749 1 0 719,709 "Even-9-S-6";
750 1 1 762,1023 "Even-4-B-1";
751 1 0 752,753 "Even-3-S-2";
752 1 1 754,1020 "Even-3-A-2";
753 1 1 754,1021 "Even-3-B-2";
754 1 0 974,1017,1015,1013,1011,1009,1007,1005,1003,1001,999,997,995,993,991 "Even-3-Z";
755 1 0 1055,362 "Odd-3-T";
756 1 0 757,758 "Even-4-S-0";
757 1 1 759,1024 "Even-4-A-0";
758 1 1 759,1025 "Even-4-B-0";
759 1 0 760,750 "Even-4-S-1";
760 1 1 762,1022 "Even-4-A-1";
761 1 1 751,1023 "Even-3-B-1";
762 1 0 763,764 "Even-4-S-2";
763 1 1 765,1020 "Even-4-A-2";
764 1 1 765,1021 "Even-4-B-2";
765 1 0 766,767 "Even-4-S-3";
766 1 1 768,1018 "Even-4-A-3";
767 1 1 768,1019 "Even-4-B-3";
768 1 0 978,1015,1013,1011,1009,1007,1005,1003,1001,999,997,995,993,991 "Even-4-Z";
769 1 0 1053,328 "Odd-4-T";
770 1 0 782,814 "Even-5-S-0";
771 1 0 783,784 "Even-2-S-1";
772 1 0 981,1023,1021,1019,1017,1015,1013,1011,1009,1007,1005,1003,1001,999,997,995,993,991 "Even-0-Z";
773 1 0 1061,425 "Odd-0-T";
774 1 0 775,776 "Even-1-S-0";
775 1 1 777,1024 "Even-1-A-0";
776 1 1 777,1025 "Even-1-B-0";
777 1 0 980,1021,1019,1017,1015,1013,1011,1009,1007,1005,1003,1001,999,997,995,993,991 "Even-1-Z";
778 1 0 1059,382 "Odd-1-T";
779 1 0 780,781 "Even-2-S-0";
780 1 1 771,1024 "Even-2-A-0";
781 1 1 771,1025 "Even-2-B-0";
782 1 1 815,1024 "Even-5-A-0";
783 1 1 785,1022 "Even-2-A-1";
784 1 1 785,1023 "Even-2-B-1";
785 1 0 975,1019,1017,1015,1013,1011,1009,1007,1005,1003,1001,999,997,995,993,991 "Even-2-Z";
786 1 0 1057,399 "Odd-2-T";
787 1 0 788,789 "Even-3-S-0";
788 1 1 790,1024 "Even-3-A-0";
789 1 1 790,1025 "Even-3-B-0";
790 1 0 791,761 "Even-3-S-1";
791 1 1 751,1022 "Even-3-A-1";
792 1 0 804,805 "Even-6-S-5";
793 1 1 794,1023 "Even-6-B-1";
794 1 0 795,796 "Even-6-S-2";
795 1 1 797,1020 "Even-6-A-2";
796 1 1 797,1021 "Even-6-B-2";
797 1 0 798,799 "Even-6-S-3";
798 1 1 800,1018 "Even-6-A-3";
799 1 1 800,1019 "Even-6-B-3";
800 1 0 801,802 "Even-6-S-4";
801 1 1 792,1016 "Even-6-A-4";
802 1 1 792,1017 "Even-6-B-4";
803 1 1 794,1022 "Even-6-A-1";
804 1 1 806,1014 "Even-6-A-5";
805 1 1 806,1015 "Even-6-B-5";
806 1 0 989,1011,1009,1007,1005,1003,1001,999,997,995,993,991 "Even-6-Z";
807 1 0 1049,284 "Odd-6-T";
808 1 0 809,810 "Even-7-S-0";
809 1 1 811,1024 "Even-7-A-0";
810 1 1 811,1025 "Even-7-B-0";
811 1 0 812,740 "Even-7-S-1";
812 1 1 688,1022 "Even-7-A-1";
813 1 1 824,1019 "Even-5-B-3";
814 1 1 815,1025 "Even-5-B-0";
815 1 0 816,817 "Even-5-S-1";
816 1 1 818,1022 "Even-5-A-1";
817 1 1 818,1023 "Even-5-B-1";
818 1 0 819,820 "Even-5-S-2";
819 1 1 821,1020 "Even-5-A-2";
820 1 1 821,1021 "Even-5-B-2";
821 1 0 822,813 "Even-5-S-3";
822 1 1 824,1018 "Even-5-A-3";
823 1 1 514,1022 "Even-14-A-1";
824 1 0 825,826 "Even-5-S-4";
825 1 1 827,1016 "Even-5-A-4";
826 1 1 827,1017 "Even-5-B-4";
827 1 0 973,1013,1011,1009,1007,1005,1003,1001,999,997,995,993,991 "Even-5-Z";
828 1 0 1051,329 "Odd-5-T";
829 1 0 830,831 "Even-6-S-0";
830 1 1 832,1024 "Even-6-A-0";
831 1 1 832,1025 "Even-6-B-0";
832 1 0 803,793 "Even-6-S-1";
833 1 1 846,1004 "Even-12-A-10";
834 1 0 835,836 "Even-12-S-7";
835 1 1 837,1010 "Even-12-A-7";
836 1 1 837,1011 "Even-12-B-7";
837 1 0 838,839 "Even-12-S-8";
838 1 1 840,1008 "Even-12-A-8";
839 1 1 840,1009 "Even-12-B-8";
840 1 0 841,842 "Even-12-S-9";
841 1 1 843,1006 "Even-12-A-9";
842 1 1 843,1007 "Even-12-B-9";
843 1 0 833,845 "Even-12-S-10";
844 1 1 834,1013 "Even-12-B-6";
845 1 1 846,1005 "Even-12-B-10";
846 1 0 847,848 "Even-12-S-11";
847 1 1 523,1002 "Even-12-A-11";
848 1 1 523,1003 "Even-12-B-11";
849 1 0 1037,267 "Odd-12-T";
850 1 0 851,852 "Even-13-S-0";
851 1 1 853,1024 "Even-13-A-0";
852 1 1 853,1025 "Even-13-B-0";
853 1 0 865,897 "Even-13-S-1";
854 1 1 867,1018 "Even-12-A-3";
855 1 0 856,857 "Even-12-S-0";
856 1 1 858,1024 "Even-12-A-0";
857 1 1 858,1025 "Even-12-B-0";
858 1 0 859,860 "Even-12-S-1";
859 1 1 861,1022 "Even-12-A-1";
860 1 1 861,1023 "Even-12-B-1";
861 1 0 862,863 "Even-12-S-2";
862 1 1 864,1020 "Even-12-A-2";
863 1 1 864,1021 "Even-12-B-2";
864 1 0 854,866 "Even-12-S-3";
865 1 1 898,1022 "Even-13-A-1";
866 1 1 867,1019 "Even-12-B-3";
867 1 0 868,869 "Even-12-S-4";
868 1 1 870,1016 "Even-12-A-4";
869 1 1 870,1017 "Even-12-B-4";
870 1 0 871,872 "Even-12-S-5";
871 1 1 873,1014 "Even-12-A-5";
872 1 1 873,1015 "Even-12-B-5";
873 1 0 874,844 "Even-12-S-6";
874 1 1 834,1012 "Even-12-A-6";
875 1 0 887,888 "Even-13-S-12";
876 1 1 877,1009 "Even-13-B-8";
877 1 0 878,879 "Even-13-S-9";
878 1 1 880,1006 "Even-13-A-9";
879 1 1 880,1007 "Even-13-B-9";
880 1 0 881,882 "Even-13-S-10";
881 1 1 883,1004 "Even-13-A-10";
882 1 1 883,1005 "Even-13-B-10";
883 1 0 884,885 "Even-13-S-11";
884 1 1 875,1002 "Even-13-A-11";
885 1 1 875,1003 "Even-13-B-11";
886 1 1 877,1008 "Even-13-A-8";
887 1 1 889,1000 "Even-13-A-12";
888 1 1 889,1001 "Even-13-B-12";
889 1 0 982,997,995,993,991 "Even-13-Z";
890 1 0 1035,149 "Odd-13-T";
891 1 0 892,893 "Even-14-S-0";
892 1 1 894,1024 "Even-14-A-0";
893 1 1 894,1025 "Even-14-B-0";
894 1 0 823,895 "Even-14-S-1";
895 1 1 514,1023 "Even-14-B-1";
896 1 0 908,909 "Even-13-S-5";
897 1 1 898,1023 "Even-13-B-1";
898 1 0 899,900 "Even-13-S-2";
899 1 1 901,1020 "Even-13-A-2";
900 1 1 901,1021 "Even-13-B-2";
901 1 0 902,903 "Even-13-S-3";
902 1 1 904,1018 "Even-13-A-3";
903 1 1 904,1019 "Even-13-B-3";
904 1 0 905,906 "Even-13-S-4";
905 1 1 896,1016 "Even-13-A-4";
906 1 1 896,1017 "Even-13-B-4";
907 1 0 950,951 "Even-10-S-4";
908 1 1 910,1014 "Even-13-A-5";
909 1 1 910,1015 "Even-13-B-5";
910 1 0 911,912 "Even-13-S-6";
911 1 1 913,1012 "Even-13-A-6";
912 1 1 913,1013 "Even-13-B-6";
913 1 0 914,915 "Even-13-S-7";
914 1 1 916,1010 "Even-13-A-7";
915 1 1 916,1011 "Even-13-B-7";
916 1 0 886,876 "Even-13-S-8";
917 1 0 977,1003,1001,999,997,995,993,991 "Even-10-Z";
918 1 0 921,922 "Even-10-S-8";
919 1 0 933,960 "Even-11-S-7";
920 1 1 919,1013 "Even-11-B-6";
921 1 1 929,1008 "Even-10-A-8";
922 1 1 929,1009 "Even-10-B-8";
923 1 1 919,1012 "Even-11-A-6";
924 1 0 923,920 "Even-11-S-6";
925 1 1 924,1015 "Even-11-B-5";
926 1 1 924,1014 "Even-11-A-5";
927 1 0 926,925 "Even-11-S-5";
928 1 1 927,1017 "Even-11-B-4";
929 1 0 931,932 "Even-10-S-9";
930 1 1 927,1016 "Even-11-A-4";
931 1 1 917,1006 "Even-10-A-9";
932 1 1 917,1007 "Even-10-B-9";
933 1 1 966,1010 "Even-11-A-7";
934 1 0 1041,30 "Odd-10-T";
935 1 0 930,928 "Even-11-S-4";
936 1 1 935,1019 "Even-11-B-3";
937 1 0 938,939 "Even-11-S-0";
938 1 1 940,1024 "Even-11-A-0";
939 1 1 940,1025 "Even-11-B-0";
940 1 0 941,942 "Even-11-S-1";
941 1 1 943,1022 "Even-11-A-1";
942 1 1 943,1023 "Even-11-B-1";
943 1 0 944,945 "Even-11-S-2";
944 1 1 947,1020 "Even-11-A-2";
945 1 1 947,1021 "Even-11-B-2";
946 1 1 935,1018 "Even-11-A-3";
947 1 0 946,936 "Even-11-S-3";
948 1 1 959,1007 "Even-11-B-9";
949 1 1 907,1019 "Even-10-B-3";
950 1 1 952,1016 "Even-10-A-4";
951 1 1 952,1017 "Even-10-B-4";
952 1 0 953,955 "Even-10-S-5";
953 1 1 962,1014 "Even-10-A-5";
954 1 0 1039,44 "Odd-11-T";
955 1 1 962,1015 "Even-10-B-5";
956 1 0 972,1001,999,997,995,993,991 "Even-11-Z";
957 1 1 956,1005 "Even-11-B-10";
958 1 1 956,1004 "Even-11-A-10";
959 1 0 958,957 "Even-11-S-10";
960 1 1 966,1011 "Even-11-B-7";
961 1 1 959,1006 "Even-11-A-9";
962 1 0 971,963 "Even-10-S-6";
963 1 1 969,1013 "Even-10-B-6";
964 1 1 918,1011 "Even-10-B-7";
965 1 1 918,1010 "Even-10-A-7";
966 1 0 967,968 "Even-11-S-8";
967 1 1 970,1008 "Even-11-A-8";
968 1 1 970,1009 "Even-11-B-8";
969 1 0 965,964 "Even-10-S-7";
970 1 0 961,948 "Even-11-S-9";
971 1 1 969,1012 "Even-10-A-6";
972 2 1 1038,937 "Even-11-T";
973 2 1 1050,770 "Even-5-T";
974 2 1 1054,787 "Even-3-T";
975 2 1 1056,779 "Even-2-T";
976 2 1 1032,891 "Even-14-T";
977 2 1 1040,718 "Even-10-T";
978 2 1 1052,756 "Even-4-T";
979 2 1 1028,543 "Even-16-T";
980 2 1 1058,774 "Even-1-T";
981 2 1 1060,772 "Even-0-T";
982 2 1 1034,850 "Even-13-T";
983 2 1 1042,731 "Even-9-T";
984 2 1 1044,705 "Even-8-T";
985 2 1 1036,855 "Even-12-T";
986 2 1 1026,529 "Even-17-T";
987 2 1 1046,808 "Even-7-T";
988 2 1 1030,601 "Even-15-T";
989 2 1 1048,829 "Even-6-T";
990 3 1 986 "Even-17-L";
991 4 0 478 "Odd-17-L";
992 5 1 979 "Even-16-L";
993 6 0 530 "Odd-16-L";
994 7 1 988 "Even-15-L";
995 8 0 562 "Odd-15-L";
996 9 1 976 "Even-14-L";
997 10 0 517 "Odd-14-L";
998 11 1 982 "Even-13-L";
999 12 0 890 "Odd-13-L";
1000 13 1 985 "Even-12-L";
1001 14 0 849 "Odd-12-L";
1002 15 1 972 "Even-11-L";
1003 16 0 954 "Odd-11-L";
1004 17 1 977 "Even-10-L";
1005 18 0 934 "Odd-10-L";
1006 19 1 983 "Even-9-L";
1007 20 0 717 "Odd-9-L";
1008 21 1 984 "Even-8-L";
1009 22 0 730 "Odd-8-L";
1010 23 1 987 "Even-7-L";
1011 24 0 704 "Odd-7-L";
1012 25 1 989 "Even-6-L";
1013 26 0 807 "Odd-6-L";
1014 27 1 973 "Even-5-L";
1015 28 0 828 "Odd-5-L";
1016 29 1 978 "Even-4-L";
1017 30 0 769 "Odd-4-L";
1018 31 1 974 "Even-3-L";
1019 32 0 755 "Odd-3-L";
1020 33 1 975 "Even-2-L";
1021 34 0 786 "Odd-2-L";
1022 35 1 980 "Even-1-L";
1023 36 0 778 "Odd-1-L";
1024 37 1 981 "Even-0-L";
1025 38 0 773 "Odd-0-L";
1026 40 0 992 "Even-17-H";
1027 41 1 993 "Odd-17-H";
1028 42 0 994 "Even-16-H";
1029 43 1 995 "Odd-16-H";
1030 44 0 996 "Even-15-H";
1031 45 1 997 "Odd-15-H";
1032 46 0 998 "Even-14-H";
1033 47 1 999 "Odd-14-H";
1034 48 0 1000 "Even-13-H";
1035 49 1 1001 "Odd-13-H";
1036 50 0 1002 "Even-12-H";
1037 51 1 1003 "Odd-12-H";
1038 52 0 1004 "Even-11-H";
1039 53 1 1005 "Odd-11-H";
1040 54 0 1006 "Even-10-H";
1041 55 1 1007 "Odd-10-H";
1042 56 0 1008 "Even-9-H";
1043 57 1 1009 "Odd-9-H";
1044 58 0 1010 "Even-8-H";
1045 59 1 1011 "Odd-8-H";
1046 60 0 1012 "Even-7-H";
1047 61 1 1013 "Odd-7-H";
1048 62 0 1014 "Even-6-H";
1049 63 1 1015 "Odd-6-H";
1050 64 0 1016 "Even-5-H";
1051 65 1 1017 "Odd-5-H";
1052 66 0 1018 "Even-4-H";
1053 67 1 1019 "Odd-4-H";
1054 68 0 1020 "Even-3-H";
1055 69 1 1021 "Odd-3-H";
1056 70 0 1022 "Even-2-H";
1057 71 1 1023 "Odd-2-H";
1058 72 0 1024 "Even-1-H";
1059 73 1 1025 "Odd-1-H";
1060 74 0 990 "Even-0-H";
1061 75 1 991 "Odd-0-H";
