parity 418;
0 0 0 13,394 "Odd-6-B-0";
1 0 0 2,386 "Odd-5-B-4";
2 0 1 270,384,382,380,378,376,374 "Odd-5-Z";
3 0 0 33,395 "Odd-10-A-0";
4 0 1 3,34 "Odd-10-S-0";
5 0 1 227,378,376,374 "Odd-8-Z";
6 0 0 5,380 "Odd-8-B-7";
7 0 0 5,381 "Odd-8-A-7";
8 0 1 7,6 "Odd-8-S-7";
9 0 0 8,382 "Odd-8-B-6";
10 0 1 11,0 "Odd-6-S-0";
11 0 0 13,395 "Odd-6-A-0";
12 0 0 2,387 "Odd-5-A-4";
13 0 1 14,15 "Odd-6-S-1";
14 0 0 16,393 "Odd-6-A-1";
15 0 0 16,392 "Odd-6-B-1";
16 0 1 17,18 "Odd-6-S-2";
17 0 0 19,391 "Odd-6-A-2";
18 0 0 19,390 "Odd-6-B-2";
19 0 1 20,21 "Odd-6-S-3";
20 0 0 22,389 "Odd-6-A-3";
21 0 0 22,388 "Odd-6-B-3";
22 0 1 23,36 "Odd-6-S-4";
23 0 0 73,387 "Odd-6-A-4";
24 0 0 38,395 "Odd-5-A-0";
25 0 1 26,27 "Odd-4-S-3";
26 0 0 28,389 "Odd-4-A-3";
27 0 0 28,388 "Odd-4-B-3";
28 0 1 253,386,384,382,380,378,376,374 "Odd-4-Z";
29 0 1 172,169 "Odd-10-S-2";
30 0 0 29,392 "Odd-10-B-1";
31 0 0 29,393 "Odd-10-A-1";
32 0 1 170,168 "Odd-9-S-0";
33 0 1 31,30 "Odd-10-S-1";
34 0 0 33,394 "Odd-10-B-0";
35 0 1 24,37 "Odd-5-S-0";
36 0 0 73,386 "Odd-6-B-4";
37 0 0 38,394 "Odd-5-B-0";
38 0 1 39,40 "Odd-5-S-1";
39 0 0 41,393 "Odd-5-A-1";
40 0 0 41,392 "Odd-5-B-1";
41 0 1 42,43 "Odd-5-S-2";
42 0 0 44,391 "Odd-5-A-2";
43 0 0 44,390 "Odd-5-B-2";
44 0 1 45,46 "Odd-5-S-3";
45 0 0 47,389 "Odd-5-A-3";
46 0 0 47,388 "Odd-5-B-3";
47 0 1 12,1 "Odd-5-S-4";
48 0 0 62,389 "Odd-7-A-3";
49 0 1 60,94 "Odd-8-S-0";
50 0 1 51,52 "Odd-7-S-0";
51 0 0 53,395 "Odd-7-A-0";
52 0 0 53,394 "Odd-7-B-0";
53 0 1 54,55 "Odd-7-S-1";
54 0 0 56,393 "Odd-7-A-1";
55 0 0 56,392 "Odd-7-B-1";
56 0 1 57,58 "Odd-7-S-2";
57 0 0 59,391 "Odd-7-A-2";
58 0 0 59,390 "Odd-7-B-2";
59 0 1 48,61 "Odd-7-S-3";
60 0 0 93,395 "Odd-8-A-0";
61 0 0 62,388 "Odd-7-B-3";
62 0 1 63,64 "Odd-7-S-4";
63 0 0 65,387 "Odd-7-A-4";
64 0 0 65,386 "Odd-7-B-4";
65 0 1 66,67 "Odd-7-S-5";
66 0 0 68,385 "Odd-7-A-5";
67 0 0 68,384 "Odd-7-B-5";
68 0 1 69,70 "Odd-7-S-6";
69 0 0 71,383 "Odd-7-A-6";
70 0 0 71,382 "Odd-7-B-6";
71 0 1 320,380,378,376,374 "Odd-7-Z";
72 0 1 83,82 "Odd-8-S-4";
73 0 1 74,75 "Odd-6-S-5";
74 0 0 76,385 "Odd-6-A-5";
75 0 0 76,384 "Odd-6-B-5";
76 0 1 352,382,380,378,376,374 "Odd-6-Z";
77 0 0 8,383 "Odd-8-A-6";
78 0 1 77,9 "Odd-8-S-6";
79 0 0 78,384 "Odd-8-B-5";
80 0 0 78,385 "Odd-8-A-5";
81 0 1 80,79 "Odd-8-S-5";
82 0 0 81,386 "Odd-8-B-4";
83 0 0 81,387 "Odd-8-A-4";
84 0 1 271,374 "Odd-10-Z";
85 0 0 72,388 "Odd-8-B-3";
86 0 0 72,389 "Odd-8-A-3";
87 0 1 86,85 "Odd-8-S-3";
88 0 0 87,390 "Odd-8-B-2";
89 0 0 87,391 "Odd-8-A-2";
90 0 1 89,88 "Odd-8-S-2";
91 0 0 90,392 "Odd-8-B-1";
92 0 0 90,393 "Odd-8-A-1";
93 0 1 92,91 "Odd-8-S-1";
94 0 0 93,394 "Odd-8-B-0";
95 0 0 107,385 "Odd-9-A-5";
96 0 1 273,390,388,386,384,382,380,378,376,374 "Odd-2-Z";
97 0 0 140,385 "Odd-10-A-5";
98 0 1 97,142 "Odd-10-S-5";
99 0 0 98,386 "Odd-10-B-4";
100 0 0 139,379 "Odd-9-A-8";
101 0 1 100,141 "Odd-9-S-8";
102 0 0 101,380 "Odd-9-B-7";
103 0 0 101,381 "Odd-9-A-7";
104 0 1 103,102 "Odd-9-S-7";
105 0 0 104,382 "Odd-9-B-6";
106 0 0 104,383 "Odd-9-A-6";
107 0 1 106,105 "Odd-9-S-6";
108 0 0 107,384 "Odd-9-B-5";
109 0 0 96,392 "Odd-2-B-1";
110 0 0 98,387 "Odd-10-A-4";
111 0 1 95,108 "Odd-9-S-5";
112 0 1 110,99 "Odd-10-S-4";
113 0 1 114,115 "Odd-3-S-0";
114 0 0 116,395 "Odd-3-A-0";
115 0 0 116,394 "Odd-3-B-0";
116 0 1 117,118 "Odd-3-S-1";
117 0 0 119,393 "Odd-3-A-1";
118 0 0 119,392 "Odd-3-B-1";
119 0 1 120,121 "Odd-3-S-2";
120 0 0 160,391 "Odd-3-A-2";
121 0 0 160,390 "Odd-3-B-2";
122 0 1 280,392,390,388,386,384,382,380,378,376,374 "Odd-1-Z";
123 0 0 84,376 "Odd-10-B-9";
124 0 0 84,377 "Odd-10-A-9";
125 0 1 124,123 "Odd-10-S-9";
126 0 1 275,394,392,390,388,386,384,382,380,378,376,374 "Odd-0-Z";
127 0 0 125,378 "Odd-10-B-8";
128 0 0 125,379 "Odd-10-A-8";
129 0 1 128,127 "Odd-10-S-8";
130 0 0 129,380 "Odd-10-B-7";
131 0 0 129,381 "Odd-10-A-7";
132 0 1 133,134 "Odd-1-S-0";
133 0 0 122,395 "Odd-1-A-0";
134 0 0 122,394 "Odd-1-B-0";
135 0 0 25,391 "Odd-4-A-2";
136 0 1 131,130 "Odd-10-S-7";
137 0 0 136,382 "Odd-10-B-6";
138 0 0 136,383 "Odd-10-A-6";
139 0 1 182,376,374 "Odd-9-Z";
140 0 1 138,137 "Odd-10-S-6";
141 0 0 139,378 "Odd-9-B-8";
142 0 0 140,384 "Odd-10-B-5";
143 0 1 144,145 "Odd-2-S-0";
144 0 0 146,395 "Odd-2-A-0";
145 0 0 146,394 "Odd-2-B-0";
146 0 1 147,109 "Odd-2-S-1";
147 0 0 96,393 "Odd-2-A-1";
148 0 1 135,164 "Odd-4-S-2";
149 0 0 151,391 "Odd-9-A-2";
150 0 0 151,390 "Odd-9-B-2";
151 0 1 152,153 "Odd-9-S-3";
152 0 0 154,389 "Odd-9-A-3";
153 0 0 154,388 "Odd-9-B-3";
154 0 1 155,156 "Odd-9-S-4";
155 0 0 111,387 "Odd-9-A-4";
156 0 0 111,386 "Odd-9-B-4";
157 0 1 158,159 "Odd-10-S-3";
158 0 0 112,389 "Odd-10-A-3";
159 0 0 112,388 "Odd-10-B-3";
160 0 1 299,388,386,384,382,380,378,376,374 "Odd-3-Z";
161 0 0 148,392 "Odd-4-B-1";
162 0 1 149,150 "Odd-9-S-2";
163 0 0 162,392 "Odd-9-B-1";
164 0 0 25,390 "Odd-4-B-2";
165 0 1 175,174 "Odd-4-S-0";
166 0 0 162,393 "Odd-9-A-1";
167 0 1 166,163 "Odd-9-S-1";
168 0 0 167,394 "Odd-9-B-0";
169 0 0 157,390 "Odd-10-B-2";
170 0 0 167,395 "Odd-9-A-0";
171 0 0 148,393 "Odd-4-A-1";
172 0 0 157,391 "Odd-10-A-2";
173 0 1 171,161 "Odd-4-S-1";
174 0 0 173,394 "Odd-4-B-0";
175 0 0 173,395 "Odd-4-A-0";
176 1 0 191,192 "Even-10-S-2";
177 1 1 234,381 "Even-8-B-7";
178 1 1 176,393 "Even-10-B-1";
179 1 1 176,392 "Even-10-A-1";
180 1 0 179,178 "Even-10-S-1";
181 1 1 183,387 "Even-10-B-4";
182 1 0 399,32 "Odd-9-T";
183 1 0 218,217 "Even-10-S-5";
184 1 0 367,375 "Even-9-Z";
185 1 1 184,379 "Even-9-B-8";
186 1 1 184,378 "Even-9-A-8";
187 1 1 188,383 "Even-8-B-6";
188 1 0 189,177 "Even-8-S-7";
189 1 1 234,380 "Even-8-A-7";
190 1 0 236,181 "Even-10-S-4";
191 1 1 193,390 "Even-10-A-2";
192 1 1 193,391 "Even-10-B-2";
193 1 0 194,225 "Even-10-S-3";
194 1 1 190,388 "Even-10-A-3";
195 1 1 188,382 "Even-8-A-6";
196 1 0 195,187 "Even-8-S-6";
197 1 1 196,385 "Even-8-B-5";
198 1 1 196,384 "Even-8-A-5";
199 1 0 198,197 "Even-8-S-5";
200 1 1 199,387 "Even-8-B-4";
201 1 1 199,386 "Even-8-A-4";
202 1 0 201,200 "Even-8-S-4";
203 1 1 202,389 "Even-8-B-3";
204 1 1 202,388 "Even-8-A-3";
205 1 0 204,203 "Even-8-S-3";
206 1 0 228,226 "Even-10-S-6";
207 1 0 216,242 "Even-9-S-5";
208 1 1 207,387 "Even-9-B-4";
209 1 1 207,386 "Even-9-A-4";
210 1 0 209,208 "Even-9-S-4";
211 1 1 210,389 "Even-9-B-3";
212 1 1 210,388 "Even-9-A-3";
213 1 0 212,211 "Even-9-S-3";
214 1 1 213,391 "Even-9-B-2";
215 1 1 213,390 "Even-9-A-2";
216 1 1 241,384 "Even-9-A-5";
217 1 1 206,385 "Even-10-B-5";
218 1 1 206,384 "Even-10-A-5";
219 1 0 220,221 "Even-9-S-0";
220 1 1 222,394 "Even-9-A-0";
221 1 1 222,395 "Even-9-B-0";
222 1 0 223,224 "Even-9-S-1";
223 1 1 235,392 "Even-9-A-1";
224 1 1 235,393 "Even-9-B-1";
225 1 1 190,389 "Even-10-B-3";
226 1 1 324,383 "Even-10-B-6";
227 1 0 401,49 "Odd-8-T";
228 1 1 324,382 "Even-10-A-6";
229 1 0 186,185 "Even-9-S-8";
230 1 1 229,381 "Even-9-B-7";
231 1 1 180,395 "Even-10-B-0";
232 1 1 180,394 "Even-10-A-0";
233 1 0 232,231 "Even-10-S-0";
234 1 0 371,377,375 "Even-8-Z";
235 1 0 215,214 "Even-9-S-2";
236 1 1 183,386 "Even-10-A-4";
237 1 1 229,380 "Even-9-A-7";
238 1 0 237,230 "Even-9-S-7";
239 1 1 238,383 "Even-9-B-6";
240 1 1 238,382 "Even-9-A-6";
241 1 0 240,239 "Even-9-S-6";
242 1 1 241,385 "Even-9-B-5";
243 1 1 260,392 "Even-5-A-1";
244 1 1 246,392 "Even-4-A-1";
245 1 1 246,393 "Even-4-B-1";
246 1 0 247,248 "Even-4-S-2";
247 1 1 249,390 "Even-4-A-2";
248 1 1 249,391 "Even-4-B-2";
249 1 0 250,251 "Even-4-S-3";
250 1 1 252,388 "Even-4-A-3";
251 1 1 252,389 "Even-4-B-3";
252 1 0 369,385,383,381,379,377,375 "Even-4-Z";
253 1 0 409,165 "Odd-4-T";
254 1 0 255,256 "Even-5-S-0";
255 1 1 257,394 "Even-5-A-0";
256 1 1 257,395 "Even-5-B-0";
257 1 0 243,259 "Even-5-S-1";
258 1 0 244,245 "Even-4-S-1";
259 1 1 260,393 "Even-5-B-1";
260 1 0 261,262 "Even-5-S-2";
261 1 1 263,390 "Even-5-A-2";
262 1 1 263,391 "Even-5-B-2";
263 1 0 264,265 "Even-5-S-3";
264 1 1 266,388 "Even-5-A-3";
265 1 1 266,389 "Even-5-B-3";
266 1 0 267,268 "Even-5-S-4";
267 1 1 269,386 "Even-5-A-4";
268 1 1 269,387 "Even-5-B-4";
269 1 0 372,383,381,379,377,375 "Even-5-Z";
270 1 0 407,35 "Odd-5-T";
271 1 0 397,4 "Odd-10-T";
272 1 0 334,318 "Even-6-S-0";
273 1 0 413,143 "Odd-2-T";
274 1 0 363,393,391,389,387,385,383,381,379,377,375 "Even-0-Z";
275 1 0 417,126 "Odd-0-T";
276 1 0 277,278 "Even-1-S-0";
277 1 1 279,394 "Even-1-A-0";
278 1 1 279,395 "Even-1-B-0";
279 1 0 365,391,389,387,385,383,381,379,377,375 "Even-1-Z";
280 1 0 415,132 "Odd-1-T";
281 1 0 282,283 "Even-2-S-0";
282 1 1 284,394 "Even-2-A-0";
283 1 1 284,395 "Even-2-B-0";
284 1 0 285,286 "Even-2-S-1";
285 1 1 287,392 "Even-2-A-1";
286 1 1 287,393 "Even-2-B-1";
287 1 0 366,389,387,385,383,381,379,377,375 "Even-2-Z";
288 1 1 205,390 "Even-8-A-2";
289 1 0 290,291 "Even-3-S-0";
290 1 1 292,394 "Even-3-A-0";
291 1 1 292,395 "Even-3-B-0";
292 1 0 293,294 "Even-3-S-1";
293 1 1 295,392 "Even-3-A-1";
294 1 1 295,393 "Even-3-B-1";
295 1 0 296,297 "Even-3-S-2";
296 1 1 298,390 "Even-3-A-2";
297 1 1 298,391 "Even-3-B-2";
298 1 0 368,387,385,383,381,379,377,375 "Even-3-Z";
299 1 0 411,113 "Odd-3-T";
300 1 0 301,302 "Even-4-S-0";
301 1 1 258,394 "Even-4-A-0";
302 1 1 258,395 "Even-4-B-0";
303 1 0 373,379,377,375 "Even-7-Z";
304 1 1 306,390 "Even-7-A-2";
305 1 1 306,391 "Even-7-B-2";
306 1 0 307,308 "Even-7-S-3";
307 1 1 309,388 "Even-7-A-3";
308 1 1 309,389 "Even-7-B-3";
309 1 0 310,311 "Even-7-S-4";
310 1 1 312,386 "Even-7-A-4";
311 1 1 312,387 "Even-7-B-4";
312 1 0 313,314 "Even-7-S-5";
313 1 1 315,384 "Even-7-A-5";
314 1 1 315,385 "Even-7-B-5";
315 1 0 316,317 "Even-7-S-6";
316 1 1 303,382 "Even-7-A-6";
317 1 1 303,383 "Even-7-B-6";
318 1 1 335,395 "Even-6-B-0";
319 1 1 355,378 "Even-10-A-8";
320 1 0 403,50 "Odd-7-T";
321 1 0 319,356 "Even-10-S-8";
322 1 1 321,381 "Even-10-B-7";
323 1 1 321,380 "Even-10-A-7";
324 1 0 323,322 "Even-10-S-7";
325 1 0 326,327 "Even-8-S-0";
326 1 1 328,394 "Even-8-A-0";
327 1 1 328,395 "Even-8-B-0";
328 1 0 329,330 "Even-8-S-1";
329 1 1 331,392 "Even-8-A-1";
330 1 1 331,393 "Even-8-B-1";
331 1 0 288,332 "Even-8-S-2";
332 1 1 205,391 "Even-8-B-2";
333 1 1 362,393 "Even-7-B-1";
334 1 1 335,394 "Even-6-A-0";
335 1 0 336,337 "Even-6-S-1";
336 1 1 338,392 "Even-6-A-1";
337 1 1 338,393 "Even-6-B-1";
338 1 0 339,340 "Even-6-S-2";
339 1 1 341,390 "Even-6-A-2";
340 1 1 341,391 "Even-6-B-2";
341 1 0 342,343 "Even-6-S-3";
342 1 1 344,388 "Even-6-A-3";
343 1 1 344,389 "Even-6-B-3";
344 1 0 345,346 "Even-6-S-4";
345 1 1 347,386 "Even-6-A-4";
346 1 1 347,387 "Even-6-B-4";
347 1 0 348,349 "Even-6-S-5";
348 1 1 350,384 "Even-6-A-5";
349 1 1 350,385 "Even-6-B-5";
350 1 0 370,381,379,377,375 "Even-6-Z";
351 1 0 364 "Even-10-Z";
352 1 0 405,10 "Odd-6-T";
353 1 1 351,377 "Even-10-B-9";
354 1 1 351,376 "Even-10-A-9";
355 1 0 354,353 "Even-10-S-9";
356 1 1 355,379 "Even-10-B-8";
357 1 0 358,359 "Even-7-S-0";
358 1 1 360,394 "Even-7-A-0";
359 1 1 360,395 "Even-7-B-0";
360 1 0 361,333 "Even-7-S-1";
361 1 1 362,392 "Even-7-A-1";
362 1 0 304,305 "Even-7-S-2";
363 2 1 416,274 "Even-0-T";
364 2 1 396,233 "Even-10-T";
365 2 1 414,276 "Even-1-T";
366 2 1 412,281 "Even-2-T";
367 2 1 398,219 "Even-9-T";
368 2 1 410,289 "Even-3-T";
369 2 1 408,300 "Even-4-T";
370 2 1 404,272 "Even-6-T";
371 2 1 400,325 "Even-8-T";
372 2 1 406,254 "Even-5-T";
373 2 1 402,357 "Even-7-T";
374 3 1 364 "Even-10-L";
375 4 0 271 "Odd-10-L";
376 5 1 367 "Even-9-L";
377 6 0 182 "Odd-9-L";
378 7 1 371 "Even-8-L";
379 8 0 227 "Odd-8-L";
380 9 1 373 "Even-7-L";
381 10 0 320 "Odd-7-L";
382 11 1 370 "Even-6-L";
383 12 0 352 "Odd-6-L";
384 13 1 372 "Even-5-L";
385 14 0 270 "Odd-5-L";
386 15 1 369 "Even-4-L";
387 16 0 253 "Odd-4-L";
388 17 1 368 "Even-3-L";
389 18 0 299 "Odd-3-L";
390 19 1 366 "Even-2-L";
391 20 0 273 "Odd-2-L";
392 21 1 365 "Even-1-L";
393 22 0 280 "Odd-1-L";
394 23 1 363 "Even-0-L";
395 24 0 275 "Odd-0-L";
396 26 0 376 "Even-10-H";
397 27 1 377 "Odd-10-H";
398 28 0 378 "Even-9-H";
399 29 1 379 "Odd-9-H";
400 30 0 380 "Even-8-H";
401 31 1 381 "Odd-8-H";
402 32 0 382 "Even-7-H";
403 33 1 383 "Odd-7-H";
404 34 0 384 "Even-6-H";
405 35 1 385 "Odd-6-H";
406 36 0 386 "Even-5-H";
407 37 1 387 "Odd-5-H";
408 38 0 388 "Even-4-H";
409 39 1 389 "Odd-4-H";
410 40 0 390 "Even-3-H";
411 41 1 391 "Odd-3-H";
412 42 0 392 "Even-2-H";
413 43 1 393 "Odd-2-H";
414 44 0 394 "Even-1-H";
415 45 1 395 "Odd-1-H";
416 46 0 374 "Even-0-H";
417 47 1 375 "Odd-0-H";
