parity 492;
0 0 1 403,454,452,450,448,446,444 "Odd-6-Z";
1 0 1 2,3 "Odd-6-S-1";
2 0 0 4,465 "Odd-6-A-1";
3 0 0 4,464 "Odd-6-B-1";
4 0 1 5,6 "Odd-6-S-2";
5 0 0 7,463 "Odd-6-A-2";
6 0 0 7,462 "Odd-6-B-2";
7 0 1 8,9 "Odd-6-S-3";
8 0 0 10,461 "Odd-6-A-3";
9 0 0 10,460 "Odd-6-B-3";
10 0 1 11,12 "Odd-6-S-4";
11 0 0 13,459 "Odd-6-A-4";
12 0 0 13,458 "Odd-6-B-4";
13 0 1 14,15 "Odd-6-S-5";
14 0 0 0,457 "Odd-6-A-5";
15 0 0 0,456 "Odd-6-B-5";
16 0 0 1,466 "Odd-6-B-0";
17 0 1 216,448,446,444 "Odd-9-Z";
18 0 0 17,450 "Odd-9-B-8";
19 0 0 17,451 "Odd-9-A-8";
20 0 1 19,18 "Odd-9-S-8";
21 0 0 20,452 "Odd-9-B-7";
22 0 0 20,453 "Odd-9-A-7";
23 0 1 22,21 "Odd-9-S-7";
24 0 1 25,26 "Odd-7-S-0";
25 0 0 27,467 "Odd-7-A-0";
26 0 0 27,466 "Odd-7-B-0";
27 0 1 28,29 "Odd-7-S-1";
28 0 0 30,465 "Odd-7-A-1";
29 0 0 30,464 "Odd-7-B-1";
30 0 1 47,94 "Odd-7-S-2";
31 0 1 46,199 "Odd-10-S-4";
32 0 0 33,466 "Odd-5-B-0";
33 0 1 34,35 "Odd-5-S-1";
34 0 0 36,465 "Odd-5-A-1";
35 0 0 36,464 "Odd-5-B-1";
36 0 1 37,38 "Odd-5-S-2";
37 0 0 39,463 "Odd-5-A-2";
38 0 0 39,462 "Odd-5-B-2";
39 0 1 40,41 "Odd-5-S-3";
40 0 0 42,461 "Odd-5-A-3";
41 0 0 42,460 "Odd-5-B-3";
42 0 1 43,44 "Odd-5-S-4";
43 0 0 45,459 "Odd-5-A-4";
44 0 0 45,458 "Odd-5-B-4";
45 0 1 300,456,454,452,450,448,446,444 "Odd-5-Z";
46 0 0 198,459 "Odd-10-A-4";
47 0 0 95,463 "Odd-7-A-2";
48 0 0 31,460 "Odd-10-B-3";
49 0 0 31,461 "Odd-10-A-3";
50 0 1 49,48 "Odd-10-S-3";
51 0 0 50,462 "Odd-10-B-2";
52 0 0 50,463 "Odd-10-A-2";
53 0 1 52,51 "Odd-10-S-2";
54 0 0 53,464 "Odd-10-B-1";
55 0 0 53,465 "Odd-10-A-1";
56 0 1 55,54 "Odd-10-S-1";
57 0 0 56,466 "Odd-10-B-0";
58 0 0 56,467 "Odd-10-A-0";
59 0 1 58,57 "Odd-10-S-0";
60 0 1 61,16 "Odd-6-S-0";
61 0 0 1,467 "Odd-6-A-0";
62 0 0 80,461 "Odd-8-A-3";
63 0 0 122,465 "Odd-9-A-1";
64 0 1 63,78 "Odd-9-S-1";
65 0 0 64,466 "Odd-9-B-0";
66 0 0 64,467 "Odd-9-A-0";
67 0 1 66,65 "Odd-9-S-0";
68 0 1 69,70 "Odd-8-S-0";
69 0 0 71,467 "Odd-8-A-0";
70 0 0 71,466 "Odd-8-B-0";
71 0 1 72,73 "Odd-8-S-1";
72 0 0 74,465 "Odd-8-A-1";
73 0 0 74,464 "Odd-8-B-1";
74 0 1 75,76 "Odd-8-S-2";
75 0 0 77,463 "Odd-8-A-2";
76 0 0 77,462 "Odd-8-B-2";
77 0 1 62,79 "Odd-8-S-3";
78 0 0 122,464 "Odd-9-B-1";
79 0 0 80,460 "Odd-8-B-3";
80 0 1 81,82 "Odd-8-S-4";
81 0 0 83,459 "Odd-8-A-4";
82 0 0 83,458 "Odd-8-B-4";
83 0 1 84,85 "Odd-8-S-5";
84 0 0 86,457 "Odd-8-A-5";
85 0 0 86,456 "Odd-8-B-5";
86 0 1 87,88 "Odd-8-S-6";
87 0 0 89,455 "Odd-8-A-6";
88 0 0 89,454 "Odd-8-B-6";
89 0 1 90,91 "Odd-8-S-7";
90 0 0 92,453 "Odd-8-A-7";
91 0 0 92,452 "Odd-8-B-7";
92 0 1 402,450,448,446,444 "Odd-8-Z";
93 0 0 23,454 "Odd-9-B-6";
94 0 0 95,462 "Odd-7-B-2";
95 0 1 96,97 "Odd-7-S-3";
96 0 0 98,461 "Odd-7-A-3";
97 0 0 98,460 "Odd-7-B-3";
98 0 1 99,100 "Odd-7-S-4";
99 0 0 101,459 "Odd-7-A-4";
100 0 0 101,458 "Odd-7-B-4";
101 0 1 102,103 "Odd-7-S-5";
102 0 0 104,457 "Odd-7-A-5";
103 0 0 104,456 "Odd-7-B-5";
104 0 1 105,106 "Odd-7-S-6";
105 0 0 107,455 "Odd-7-A-6";
106 0 0 107,454 "Odd-7-B-6";
107 0 1 391,452,450,448,446,444 "Odd-7-Z";
108 0 1 277,444 "Odd-11-Z";
109 0 0 23,455 "Odd-9-A-6";
110 0 1 109,93 "Odd-9-S-6";
111 0 0 110,456 "Odd-9-B-5";
112 0 0 110,457 "Odd-9-A-5";
113 0 1 112,111 "Odd-9-S-5";
114 0 0 113,458 "Odd-9-B-4";
115 0 0 113,459 "Odd-9-A-4";
116 0 1 115,114 "Odd-9-S-4";
117 0 0 116,460 "Odd-9-B-3";
118 0 0 116,461 "Odd-9-A-3";
119 0 1 118,117 "Odd-9-S-3";
120 0 0 119,462 "Odd-9-B-2";
121 0 0 119,463 "Odd-9-A-2";
122 0 1 121,120 "Odd-9-S-2";
123 0 1 136,128 "Odd-11-S-1";
124 0 1 137,178 "Odd-11-S-3";
125 0 0 124,462 "Odd-11-B-2";
126 0 0 124,463 "Odd-11-A-2";
127 0 1 126,125 "Odd-11-S-2";
128 0 0 127,464 "Odd-11-B-1";
129 0 1 130,131 "Odd-2-S-0";
130 0 0 132,467 "Odd-2-A-0";
131 0 0 132,466 "Odd-2-B-0";
132 0 1 133,134 "Odd-2-S-1";
133 0 0 135,465 "Odd-2-A-1";
134 0 0 135,464 "Odd-2-B-1";
135 0 1 342,462,460,458,456,454,452,450,448,446,444 "Odd-2-Z";
136 0 0 127,465 "Odd-11-A-1";
137 0 0 177,461 "Odd-11-A-3";
138 0 0 123,466 "Odd-11-B-0";
139 0 0 123,467 "Odd-11-A-0";
140 0 1 139,138 "Odd-11-S-0";
141 0 1 142,143 "Odd-3-S-0";
142 0 0 144,467 "Odd-3-A-0";
143 0 0 144,466 "Odd-3-B-0";
144 0 1 145,146 "Odd-3-S-1";
145 0 0 147,465 "Odd-3-A-1";
146 0 0 147,464 "Odd-3-B-1";
147 0 1 148,149 "Odd-3-S-2";
148 0 0 150,463 "Odd-3-A-2";
149 0 0 150,462 "Odd-3-B-2";
150 0 1 369,460,458,456,454,452,450,448,446,444 "Odd-3-Z";
151 0 0 164,454 "Odd-11-B-6";
152 0 0 108,446 "Odd-11-B-10";
153 0 0 108,447 "Odd-11-A-10";
154 0 1 153,152 "Odd-11-S-10";
155 0 0 154,448 "Odd-11-B-9";
156 0 0 154,449 "Odd-11-A-9";
157 0 1 355,466,464,462,460,458,456,454,452,450,448,446,444 "Odd-0-Z";
158 0 1 156,155 "Odd-11-S-9";
159 0 0 158,450 "Odd-11-B-8";
160 0 0 158,451 "Odd-11-A-8";
161 0 1 160,159 "Odd-11-S-8";
162 0 0 161,452 "Odd-11-B-7";
163 0 0 161,453 "Odd-11-A-7";
164 0 1 163,162 "Odd-11-S-7";
165 0 1 200,32 "Odd-5-S-0";
166 0 0 164,455 "Odd-11-A-6";
167 0 1 166,151 "Odd-11-S-6";
168 0 1 169,170 "Odd-1-S-0";
169 0 0 171,467 "Odd-1-A-0";
170 0 0 171,466 "Odd-1-B-0";
171 0 1 350,464,462,460,458,456,454,452,450,448,446,444 "Odd-1-Z";
172 0 0 167,456 "Odd-11-B-5";
173 0 0 167,457 "Odd-11-A-5";
174 0 1 173,172 "Odd-11-S-5";
175 0 0 174,458 "Odd-11-B-4";
176 0 0 174,459 "Odd-11-A-4";
177 0 1 176,175 "Odd-11-S-4";
178 0 0 177,460 "Odd-11-B-3";
179 0 1 189,190 "Odd-10-S-9";
180 0 0 182,455 "Odd-10-A-6";
181 0 0 182,454 "Odd-10-B-6";
182 0 1 183,184 "Odd-10-S-7";
183 0 0 185,453 "Odd-10-A-7";
184 0 0 185,452 "Odd-10-B-7";
185 0 1 186,187 "Odd-10-S-8";
186 0 0 179,451 "Odd-10-A-8";
187 0 0 179,450 "Odd-10-B-8";
188 0 1 180,181 "Odd-10-S-6";
189 0 0 191,449 "Odd-10-A-9";
190 0 0 191,448 "Odd-10-B-9";
191 0 1 217,446,444 "Odd-10-Z";
192 0 1 193,194 "Odd-4-S-3";
193 0 0 195,461 "Odd-4-A-3";
194 0 0 195,460 "Odd-4-B-3";
195 0 1 317,458,456,454,452,450,448,446,444 "Odd-4-Z";
196 0 0 188,456 "Odd-10-B-5";
197 0 0 188,457 "Odd-10-A-5";
198 0 1 197,196 "Odd-10-S-5";
199 0 0 198,458 "Odd-10-B-4";
200 0 0 33,467 "Odd-5-A-0";
201 0 0 192,462 "Odd-4-B-2";
202 0 0 203,466 "Odd-4-B-0";
203 0 1 204,205 "Odd-4-S-1";
204 0 0 206,465 "Odd-4-A-1";
205 0 0 206,464 "Odd-4-B-1";
206 0 1 207,201 "Odd-4-S-2";
207 0 0 192,463 "Odd-4-A-2";
208 0 0 203,467 "Odd-4-A-0";
209 0 1 208,202 "Odd-4-S-0";
210 1 1 238,466 "Even-11-A-0";
211 1 1 215,451 "Even-9-B-8";
212 1 0 213,211 "Even-9-S-8";
213 1 1 215,450 "Even-9-A-8";
214 1 1 212,453 "Even-9-B-7";
215 1 0 437,447,445 "Even-9-Z";
216 1 0 473,67 "Odd-9-T";
217 1 0 471,59 "Odd-10-T";
218 1 0 442,445 "Even-10-Z";
219 1 1 218,449 "Even-10-B-9";
220 1 1 218,448 "Even-10-A-9";
221 1 0 220,219 "Even-10-S-9";
222 1 0 240,241 "Even-9-S-6";
223 1 1 224,463 "Even-9-B-2";
224 1 0 225,226 "Even-9-S-3";
225 1 1 227,460 "Even-9-A-3";
226 1 1 227,461 "Even-9-B-3";
227 1 0 228,229 "Even-9-S-4";
228 1 1 230,458 "Even-9-A-4";
229 1 1 230,459 "Even-9-B-4";
230 1 0 231,232 "Even-9-S-5";
231 1 1 222,456 "Even-9-A-5";
232 1 1 222,457 "Even-9-B-5";
233 1 1 212,452 "Even-9-A-7";
234 1 1 379,461 "Even-8-B-3";
235 1 0 210,237 "Even-11-S-0";
236 1 1 273,452 "Even-10-A-7";
237 1 1 238,467 "Even-11-B-0";
238 1 0 239,288 "Even-11-S-1";
239 1 1 289,464 "Even-11-A-1";
240 1 1 242,454 "Even-9-A-6";
241 1 1 242,455 "Even-9-B-6";
242 1 0 233,214 "Even-9-S-7";
243 1 0 258,259 "Even-10-S-3";
244 1 1 298,454 "Even-11-A-6";
245 1 0 244,257 "Even-11-S-6";
246 1 1 245,457 "Even-11-B-5";
247 1 1 245,456 "Even-11-A-5";
248 1 0 249,250 "Even-10-S-0";
249 1 1 251,466 "Even-10-A-0";
250 1 1 251,467 "Even-10-B-0";
251 1 0 252,253 "Even-10-S-1";
252 1 1 254,464 "Even-10-A-1";
253 1 1 254,465 "Even-10-B-1";
254 1 0 255,256 "Even-10-S-2";
255 1 1 243,462 "Even-10-A-2";
256 1 1 243,463 "Even-10-B-2";
257 1 1 298,455 "Even-11-B-6";
258 1 1 260,460 "Even-10-A-3";
259 1 1 260,461 "Even-10-B-3";
260 1 0 261,262 "Even-10-S-4";
261 1 1 263,458 "Even-10-A-4";
262 1 1 263,459 "Even-10-B-4";
263 1 0 264,265 "Even-10-S-5";
264 1 1 266,456 "Even-10-A-5";
265 1 1 266,457 "Even-10-B-5";
266 1 0 267,268 "Even-10-S-6";
267 1 1 276,454 "Even-10-A-6";
268 1 1 276,455 "Even-10-B-6";
269 1 0 247,246 "Even-11-S-5";
270 1 1 269,459 "Even-11-B-4";
271 1 1 284,451 "Even-11-B-8";
272 1 1 221,450 "Even-10-A-8";
273 1 0 272,285 "Even-10-S-8";
274 1 1 273,453 "Even-10-B-7";
275 1 1 269,458 "Even-11-A-4";
276 1 0 236,274 "Even-10-S-7";
277 1 0 469,140 "Odd-11-T";
278 1 0 438 "Even-11-Z";
279 1 1 278,447 "Even-11-B-10";
280 1 1 278,446 "Even-11-A-10";
281 1 0 280,279 "Even-11-S-10";
282 1 1 281,449 "Even-11-B-9";
283 1 1 281,448 "Even-11-A-9";
284 1 0 283,282 "Even-11-S-9";
285 1 1 221,451 "Even-10-B-8";
286 1 1 284,450 "Even-11-A-8";
287 1 0 286,271 "Even-11-S-8";
288 1 1 289,465 "Even-11-B-1";
289 1 0 290,291 "Even-11-S-2";
290 1 1 292,462 "Even-11-A-2";
291 1 1 292,463 "Even-11-B-2";
292 1 0 293,294 "Even-11-S-3";
293 1 1 295,460 "Even-11-A-3";
294 1 1 295,461 "Even-11-B-3";
295 1 0 275,270 "Even-11-S-4";
296 1 1 287,453 "Even-11-B-7";
297 1 1 287,452 "Even-11-A-7";
298 1 0 297,296 "Even-11-S-7";
299 1 1 307,462 "Even-5-A-2";
300 1 0 481,165 "Odd-5-T";
301 1 0 440,455,453,451,449,447,445 "Even-5-Z";
302 1 1 301,459 "Even-5-B-4";
303 1 1 301,458 "Even-5-A-4";
304 1 0 303,302 "Even-5-S-4";
305 1 1 304,461 "Even-5-B-3";
306 1 1 304,460 "Even-5-A-3";
307 1 0 306,305 "Even-5-S-3";
308 1 1 307,463 "Even-5-B-2";
309 1 0 337,336 "Even-6-S-0";
310 1 0 299,308 "Even-5-S-2";
311 1 1 310,465 "Even-5-B-1";
312 1 1 310,464 "Even-5-A-1";
313 1 0 312,311 "Even-5-S-1";
314 1 1 313,467 "Even-5-B-0";
315 1 1 313,466 "Even-5-A-0";
316 1 0 315,314 "Even-5-S-0";
317 1 0 483,209 "Odd-4-T";
318 1 0 441,457,455,453,451,449,447,445 "Even-4-Z";
319 1 0 328,327 "Even-6-S-3";
320 1 0 443,453,451,449,447,445 "Even-6-Z";
321 1 1 320,457 "Even-6-B-5";
322 1 1 320,456 "Even-6-A-5";
323 1 0 322,321 "Even-6-S-5";
324 1 1 323,459 "Even-6-B-4";
325 1 1 323,458 "Even-6-A-4";
326 1 0 325,324 "Even-6-S-4";
327 1 1 326,461 "Even-6-B-3";
328 1 1 326,460 "Even-6-A-3";
329 1 1 318,461 "Even-4-B-3";
330 1 1 319,463 "Even-6-B-2";
331 1 1 319,462 "Even-6-A-2";
332 1 0 331,330 "Even-6-S-2";
333 1 1 332,465 "Even-6-B-1";
334 1 1 332,464 "Even-6-A-1";
335 1 0 334,333 "Even-6-S-1";
336 1 1 335,467 "Even-6-B-0";
337 1 1 335,466 "Even-6-A-0";
338 1 1 346,466 "Even-2-A-0";
339 1 1 348,467 "Even-3-B-0";
340 1 1 348,466 "Even-3-A-0";
341 1 0 340,339 "Even-3-S-0";
342 1 0 487,129 "Odd-2-T";
343 1 0 436,461,459,457,455,453,451,449,447,445 "Even-2-Z";
344 1 1 343,465 "Even-2-B-1";
345 1 1 343,464 "Even-2-A-1";
346 1 0 345,344 "Even-2-S-1";
347 1 1 346,467 "Even-2-B-0";
348 1 0 375,374 "Even-3-S-1";
349 1 0 338,347 "Even-2-S-0";
350 1 0 489,168 "Odd-1-T";
351 1 0 434,463,461,459,457,455,453,451,449,447,445 "Even-1-Z";
352 1 1 351,467 "Even-1-B-0";
353 1 1 351,466 "Even-1-A-0";
354 1 0 353,352 "Even-1-S-0";
355 1 0 491,157 "Odd-0-T";
356 1 0 433,465,463,461,459,457,455,453,451,449,447,445 "Even-0-Z";
357 1 1 365,466 "Even-4-A-0";
358 1 1 318,460 "Even-4-A-3";
359 1 0 358,329 "Even-4-S-3";
360 1 1 359,463 "Even-4-B-2";
361 1 1 359,462 "Even-4-A-2";
362 1 0 361,360 "Even-4-S-2";
363 1 1 362,465 "Even-4-B-1";
364 1 1 362,464 "Even-4-A-1";
365 1 0 364,363 "Even-4-S-1";
366 1 1 365,467 "Even-4-B-0";
367 1 0 395,223 "Even-9-S-2";
368 1 0 357,366 "Even-4-S-0";
369 1 0 485,141 "Odd-3-T";
370 1 0 432,459,457,455,453,451,449,447,445 "Even-3-Z";
371 1 1 370,463 "Even-3-B-2";
372 1 1 370,462 "Even-3-A-2";
373 1 0 372,371 "Even-3-S-2";
374 1 1 373,465 "Even-3-B-1";
375 1 1 373,464 "Even-3-A-1";
376 1 1 384,465 "Even-8-B-1";
377 1 1 385,459 "Even-8-B-4";
378 1 1 385,458 "Even-8-A-4";
379 1 0 378,377 "Even-8-S-4";
380 1 1 379,460 "Even-8-A-3";
381 1 0 380,234 "Even-8-S-3";
382 1 1 381,463 "Even-8-B-2";
383 1 1 381,462 "Even-8-A-2";
384 1 0 383,382 "Even-8-S-2";
385 1 0 411,410 "Even-8-S-5";
386 1 1 384,464 "Even-8-A-1";
387 1 0 386,376 "Even-8-S-1";
388 1 1 387,467 "Even-8-B-0";
389 1 1 387,466 "Even-8-A-0";
390 1 0 389,388 "Even-8-S-0";
391 1 0 477,24 "Odd-7-T";
392 1 0 435,451,449,447,445 "Even-7-Z";
393 1 1 392,455 "Even-7-B-6";
394 1 0 439,449,447,445 "Even-8-Z";
395 1 1 224,462 "Even-9-A-2";
396 1 1 367,465 "Even-9-B-1";
397 1 1 367,464 "Even-9-A-1";
398 1 0 397,396 "Even-9-S-1";
399 1 1 398,467 "Even-9-B-0";
400 1 1 398,466 "Even-9-A-0";
401 1 0 400,399 "Even-9-S-0";
402 1 0 475,68 "Odd-8-T";
403 1 0 479,60 "Odd-6-T";
404 1 1 394,453 "Even-8-B-7";
405 1 1 394,452 "Even-8-A-7";
406 1 0 405,404 "Even-8-S-7";
407 1 1 406,455 "Even-8-B-6";
408 1 1 406,454 "Even-8-A-6";
409 1 0 408,407 "Even-8-S-6";
410 1 1 409,457 "Even-8-B-5";
411 1 1 409,456 "Even-8-A-5";
412 1 1 420,463 "Even-7-B-2";
413 1 1 421,456 "Even-7-A-5";
414 1 0 413,431 "Even-7-S-5";
415 1 1 414,459 "Even-7-B-4";
416 1 1 414,458 "Even-7-A-4";
417 1 0 416,415 "Even-7-S-4";
418 1 1 417,461 "Even-7-B-3";
419 1 1 417,460 "Even-7-A-3";
420 1 0 419,418 "Even-7-S-3";
421 1 0 430,393 "Even-7-S-6";
422 1 1 420,462 "Even-7-A-2";
423 1 0 422,412 "Even-7-S-2";
424 1 1 423,465 "Even-7-B-1";
425 1 1 423,464 "Even-7-A-1";
426 1 0 425,424 "Even-7-S-1";
427 1 1 426,467 "Even-7-B-0";
428 1 1 426,466 "Even-7-A-0";
429 1 0 428,427 "Even-7-S-0";
430 1 1 392,454 "Even-7-A-6";
431 1 1 421,457 "Even-7-B-5";
432 2 1 484,341 "Even-3-T";
433 2 1 490,356 "Even-0-T";
434 2 1 488,354 "Even-1-T";
435 2 1 476,429 "Even-7-T";
436 2 1 486,349 "Even-2-T";
437 2 1 472,401 "Even-9-T";
438 2 1 468,235 "Even-11-T";
439 2 1 474,390 "Even-8-T";
440 2 1 480,316 "Even-5-T";
441 2 1 482,368 "Even-4-T";
442 2 1 470,248 "Even-10-T";
443 2 1 478,309 "Even-6-T";
444 3 1 438 "Even-11-L";
445 4 0 277 "Odd-11-L";
446 5 1 442 "Even-10-L";
447 6 0 217 "Odd-10-L";
448 7 1 437 "Even-9-L";
449 8 0 216 "Odd-9-L";
450 9 1 439 "Even-8-L";
451 10 0 402 "Odd-8-L";
452 11 1 435 "Even-7-L";
453 12 0 391 "Odd-7-L";
454 13 1 443 "Even-6-L";
455 14 0 403 "Odd-6-L";
456 15 1 440 "Even-5-L";
457 16 0 300 "Odd-5-L";
458 17 1 441 "Even-4-L";
459 18 0 317 "Odd-4-L";
460 19 1 432 "Even-3-L";
461 20 0 369 "Odd-3-L";
462 21 1 436 "Even-2-L";
463 22 0 342 "Odd-2-L";
464 23 1 434 "Even-1-L";
465 24 0 350 "Odd-1-L";
466 25 1 433 "Even-0-L";
467 26 0 355 "Odd-0-L";
468 28 0 446 "Even-11-H";
469 29 1 447 "Odd-11-H";
470 30 0 448 "Even-10-H";
471 31 1 449 "Odd-10-H";
472 32 0 450 "Even-9-H";
473 33 1 451 "Odd-9-H";
474 34 0 452 "Even-8-H";
475 35 1 453 "Odd-8-H";
476 36 0 454 "Even-7-H";
477 37 1 455 "Odd-7-H";
478 38 0 456 "Even-6-H";
479 39 1 457 "Odd-6-H";
480 40 0 458 "Even-5-H";
481 41 1 459 "Odd-5-H";
482 42 0 460 "Even-4-H";
483 43 1 461 "Odd-4-H";
484 44 0 462 "Even-3-H";
485 45 1 463 "Odd-3-H";
486 46 0 464 "Even-2-H";
487 47 1 465 "Odd-2-H";
488 48 0 466 "Even-1-H";
489 49 1 467 "Odd-1-H";
490 50 0 444 "Even-0-H";
491 51 1 445 "Odd-0-H";
