parity 848;
0 0 1 12,11 "Odd-12-S-9";
1 0 0 48,813 "Odd-8-A-1";
2 0 1 1,13 "Odd-8-S-1";
3 0 0 2,814 "Odd-8-B-0";
4 0 0 2,815 "Odd-8-A-0";
5 0 1 4,3 "Odd-8-S-0";
6 0 0 28,793 "Odd-12-A-11";
7 0 1 6,29 "Odd-12-S-11";
8 0 0 7,794 "Odd-12-B-10";
9 0 0 7,795 "Odd-12-A-10";
10 0 1 9,8 "Odd-12-S-10";
11 0 0 10,796 "Odd-12-B-9";
12 0 0 10,797 "Odd-12-A-9";
13 0 0 48,812 "Odd-8-B-1";
14 0 0 0,798 "Odd-12-B-8";
15 0 0 0,799 "Odd-12-A-8";
16 0 1 15,14 "Odd-12-S-8";
17 0 0 16,800 "Odd-12-B-7";
18 0 0 16,801 "Odd-12-A-7";
19 0 1 18,17 "Odd-12-S-7";
20 0 0 19,802 "Odd-12-B-6";
21 0 0 19,803 "Odd-12-A-6";
22 0 1 21,20 "Odd-12-S-6";
23 0 0 22,804 "Odd-12-B-5";
24 0 1 37,74 "Odd-11-S-0";
25 0 0 36,804 "Odd-8-B-5";
26 0 0 27,790 "Odd-13-B-12";
27 0 1 473,788,786,784 "Odd-13-Z";
28 0 1 388,790,788,786,784 "Odd-12-Z";
29 0 0 28,792 "Odd-12-B-11";
30 0 1 563,798,796,794,792,790,788,786,784 "Odd-8-Z";
31 0 0 30,800 "Odd-8-B-7";
32 0 0 30,801 "Odd-8-A-7";
33 0 1 32,31 "Odd-8-S-7";
34 0 0 33,802 "Odd-8-B-6";
35 0 0 33,803 "Odd-8-A-6";
36 0 1 35,34 "Odd-8-S-6";
37 0 0 75,815 "Odd-11-A-0";
38 0 0 36,805 "Odd-8-A-5";
39 0 1 38,25 "Odd-8-S-5";
40 0 0 39,806 "Odd-8-B-4";
41 0 0 39,807 "Odd-8-A-4";
42 0 1 41,40 "Odd-8-S-4";
43 0 0 42,808 "Odd-8-B-3";
44 0 0 42,809 "Odd-8-A-3";
45 0 1 44,43 "Odd-8-S-3";
46 0 0 45,810 "Odd-8-B-2";
47 0 0 45,811 "Odd-8-A-2";
48 0 1 47,46 "Odd-8-S-2";
49 0 1 309,310 "Odd-11-S-5";
50 0 0 61,810 "Odd-7-B-2";
51 0 0 61,811 "Odd-7-A-2";
52 0 1 51,50 "Odd-7-S-2";
53 0 0 52,812 "Odd-7-B-1";
54 0 0 52,813 "Odd-7-A-1";
55 0 1 54,53 "Odd-7-S-1";
56 0 0 55,814 "Odd-7-B-0";
57 0 0 55,815 "Odd-7-A-0";
58 0 1 57,56 "Odd-7-S-0";
59 0 0 49,807 "Odd-11-A-4";
60 0 0 49,806 "Odd-11-B-4";
61 0 1 96,95 "Odd-7-S-3";
62 0 1 63,182 "Odd-14-S-0";
63 0 0 64,815 "Odd-14-A-0";
64 0 1 65,66 "Odd-14-S-1";
65 0 0 67,813 "Odd-14-A-1";
66 0 0 67,812 "Odd-14-B-1";
67 0 1 68,69 "Odd-14-S-2";
68 0 0 70,811 "Odd-14-A-2";
69 0 0 70,810 "Odd-14-B-2";
70 0 1 71,72 "Odd-14-S-3";
71 0 0 225,809 "Odd-14-A-3";
72 0 0 225,808 "Odd-14-B-3";
73 0 1 537,800,798,796,794,792,790,788,786,784 "Odd-7-Z";
74 0 0 75,814 "Odd-11-B-0";
75 0 1 76,77 "Odd-11-S-1";
76 0 0 78,813 "Odd-11-A-1";
77 0 0 78,812 "Odd-11-B-1";
78 0 1 79,80 "Odd-11-S-2";
79 0 0 81,811 "Odd-11-A-2";
80 0 0 81,810 "Odd-11-B-2";
81 0 1 82,83 "Odd-11-S-3";
82 0 0 84,809 "Odd-11-A-3";
83 0 0 84,808 "Odd-11-B-3";
84 0 1 59,60 "Odd-11-S-4";
85 0 0 27,791 "Odd-13-A-12";
86 0 0 73,802 "Odd-7-B-6";
87 0 0 73,803 "Odd-7-A-6";
88 0 1 87,86 "Odd-7-S-6";
89 0 0 88,804 "Odd-7-B-5";
90 0 0 88,805 "Odd-7-A-5";
91 0 1 90,89 "Odd-7-S-5";
92 0 0 91,806 "Odd-7-B-4";
93 0 0 91,807 "Odd-7-A-4";
94 0 1 93,92 "Odd-7-S-4";
95 0 0 94,808 "Odd-7-B-3";
96 0 0 94,809 "Odd-7-A-3";
97 0 0 111,812 "Odd-13-B-1";
98 0 1 99,100 "Odd-10-S-8";
99 0 0 101,799 "Odd-10-A-8";
100 0 0 101,798 "Odd-10-B-8";
101 0 1 102,103 "Odd-10-S-9";
102 0 0 104,797 "Odd-10-A-9";
103 0 0 104,796 "Odd-10-B-9";
104 0 1 663,794,792,790,788,786,784 "Odd-10-Z";
105 0 1 106,107 "Odd-13-S-0";
106 0 0 108,815 "Odd-13-A-0";
107 0 0 108,814 "Odd-13-B-0";
108 0 1 109,97 "Odd-13-S-1";
109 0 0 111,813 "Odd-13-A-1";
110 0 0 98,800 "Odd-10-B-7";
111 0 1 112,113 "Odd-13-S-2";
112 0 0 114,811 "Odd-13-A-2";
113 0 0 114,810 "Odd-13-B-2";
114 0 1 115,116 "Odd-13-S-3";
115 0 0 117,809 "Odd-13-A-3";
116 0 0 117,808 "Odd-13-B-3";
117 0 1 118,119 "Odd-13-S-4";
118 0 0 120,807 "Odd-13-A-4";
119 0 0 120,806 "Odd-13-B-4";
120 0 1 149,150 "Odd-13-S-5";
121 0 1 718,796,794,792,790,788,786,784 "Odd-9-Z";
122 0 0 132,809 "Odd-10-A-3";
123 0 1 145,110 "Odd-10-S-7";
124 0 0 123,802 "Odd-10-B-6";
125 0 0 123,803 "Odd-10-A-6";
126 0 1 125,124 "Odd-10-S-6";
127 0 0 126,804 "Odd-10-B-5";
128 0 0 126,805 "Odd-10-A-5";
129 0 1 128,127 "Odd-10-S-5";
130 0 0 129,806 "Odd-10-B-4";
131 0 0 129,807 "Odd-10-A-4";
132 0 1 131,130 "Odd-10-S-4";
133 0 0 132,808 "Odd-10-B-3";
134 0 0 121,798 "Odd-9-B-8";
135 0 1 122,133 "Odd-10-S-3";
136 0 0 135,810 "Odd-10-B-2";
137 0 0 135,811 "Odd-10-A-2";
138 0 1 137,136 "Odd-10-S-2";
139 0 0 138,812 "Odd-10-B-1";
140 0 0 138,813 "Odd-10-A-1";
141 0 1 140,139 "Odd-10-S-1";
142 0 0 141,814 "Odd-10-B-0";
143 0 0 141,815 "Odd-10-A-0";
144 0 1 143,142 "Odd-10-S-0";
145 0 0 98,801 "Odd-10-A-7";
146 0 0 160,799 "Odd-13-A-8";
147 0 0 193,815 "Odd-9-A-0";
148 0 1 147,158 "Odd-9-S-0";
149 0 0 151,805 "Odd-13-A-5";
150 0 0 151,804 "Odd-13-B-5";
151 0 1 152,153 "Odd-13-S-6";
152 0 0 154,803 "Odd-13-A-6";
153 0 0 154,802 "Odd-13-B-6";
154 0 1 155,156 "Odd-13-S-7";
155 0 0 157,801 "Odd-13-A-7";
156 0 0 157,800 "Odd-13-B-7";
157 0 1 146,159 "Odd-13-S-8";
158 0 0 193,814 "Odd-9-B-0";
159 0 0 160,798 "Odd-13-B-8";
160 0 1 161,162 "Odd-13-S-9";
161 0 0 163,797 "Odd-13-A-9";
162 0 0 163,796 "Odd-13-B-9";
163 0 1 164,165 "Odd-13-S-10";
164 0 0 166,795 "Odd-13-A-10";
165 0 0 166,794 "Odd-13-B-10";
166 0 1 167,168 "Odd-13-S-11";
167 0 0 169,793 "Odd-13-A-11";
168 0 0 169,792 "Odd-13-B-11";
169 0 1 85,26 "Odd-13-S-12";
170 0 0 181,806 "Odd-9-B-4";
171 0 0 121,799 "Odd-9-A-8";
172 0 1 171,134 "Odd-9-S-8";
173 0 0 172,800 "Odd-9-B-7";
174 0 0 172,801 "Odd-9-A-7";
175 0 1 174,173 "Odd-9-S-7";
176 0 0 175,802 "Odd-9-B-6";
177 0 0 175,803 "Odd-9-A-6";
178 0 1 177,176 "Odd-9-S-6";
179 0 0 178,804 "Odd-9-B-5";
180 0 0 178,805 "Odd-9-A-5";
181 0 1 180,179 "Odd-9-S-5";
182 0 0 64,814 "Odd-14-B-0";
183 0 0 181,807 "Odd-9-A-4";
184 0 1 183,170 "Odd-9-S-4";
185 0 0 184,808 "Odd-9-B-3";
186 0 0 184,809 "Odd-9-A-3";
187 0 1 186,185 "Odd-9-S-3";
188 0 0 187,810 "Odd-9-B-2";
189 0 0 187,811 "Odd-9-A-2";
190 0 1 189,188 "Odd-9-S-2";
191 0 0 190,812 "Odd-9-B-1";
192 0 0 190,813 "Odd-9-A-1";
193 0 1 192,191 "Odd-9-S-1";
194 0 0 208,815 "Odd-15-A-0";
195 0 1 194,207 "Odd-15-S-0";
196 0 1 589,808,806,804,802,800,798,796,794,792,790,788,786,784 "Odd-3-Z";
197 0 0 196,810 "Odd-3-B-2";
198 0 0 196,811 "Odd-3-A-2";
199 0 1 198,197 "Odd-3-S-2";
200 0 0 199,812 "Odd-3-B-1";
201 0 0 199,813 "Odd-3-A-1";
202 0 1 201,200 "Odd-3-S-1";
203 0 0 202,814 "Odd-3-B-0";
204 0 0 202,815 "Odd-3-A-0";
205 0 1 204,203 "Odd-3-S-0";
206 0 1 239,238 "Odd-12-S-0";
207 0 0 208,814 "Odd-15-B-0";
208 0 1 209,210 "Odd-15-S-1";
209 0 0 211,813 "Odd-15-A-1";
210 0 0 211,812 "Odd-15-B-1";
211 0 1 212,213 "Odd-15-S-2";
212 0 0 214,811 "Odd-15-A-2";
213 0 0 214,810 "Odd-15-B-2";
214 0 1 215,216 "Odd-15-S-3";
215 0 0 229,809 "Odd-15-A-3";
216 0 0 229,808 "Odd-15-B-3";
217 0 0 228,812 "Odd-4-B-1";
218 0 1 308,363 "Odd-12-S-3";
219 0 0 218,810 "Odd-12-B-2";
220 0 0 218,811 "Odd-12-A-2";
221 0 1 220,219 "Odd-12-S-2";
222 0 1 650,806,804,802,800,798,796,794,792,790,788,786,784 "Odd-4-Z";
223 0 0 222,808 "Odd-4-B-3";
224 0 0 222,809 "Odd-4-A-3";
225 0 1 315,316 "Odd-14-S-4";
226 0 0 275,810 "Odd-4-B-2";
227 0 0 275,811 "Odd-4-A-2";
228 0 1 227,226 "Odd-4-S-2";
229 0 1 264,265 "Odd-15-S-4";
230 0 0 228,813 "Odd-4-A-1";
231 0 1 230,217 "Odd-4-S-1";
232 0 0 231,814 "Odd-4-B-0";
233 0 0 231,815 "Odd-4-A-0";
234 0 1 233,232 "Odd-4-S-0";
235 0 0 221,812 "Odd-12-B-1";
236 0 0 221,813 "Odd-12-A-1";
237 0 1 236,235 "Odd-12-S-1";
238 0 0 237,814 "Odd-12-B-0";
239 0 0 237,815 "Odd-12-A-0";
240 0 1 253,254 "Odd-15-S-12";
241 0 0 246,796 "Odd-15-B-9";
242 0 1 613,812,810,808,806,804,802,800,798,796,794,792,790,788,786,784 "Odd-1-Z";
243 0 0 242,814 "Odd-1-B-0";
244 0 0 242,815 "Odd-1-A-0";
245 0 1 244,243 "Odd-1-S-0";
246 0 1 247,248 "Odd-15-S-10";
247 0 0 249,795 "Odd-15-A-10";
248 0 0 249,794 "Odd-15-B-10";
249 0 1 250,251 "Odd-15-S-11";
250 0 0 240,793 "Odd-15-A-11";
251 0 0 240,792 "Odd-15-B-11";
252 0 0 246,797 "Odd-15-A-9";
253 0 0 255,791 "Odd-15-A-12";
254 0 0 255,790 "Odd-15-B-12";
255 0 1 257,258 "Odd-15-S-13";
256 0 1 608,814,812,810,808,806,804,802,800,798,796,794,792,790,788,786,784 "Odd-0-Z";
257 0 0 259,789 "Odd-15-A-13";
258 0 0 259,788 "Odd-15-B-13";
259 0 1 260,261 "Odd-15-S-14";
260 0 0 262,787 "Odd-15-A-14";
261 0 0 262,786 "Odd-15-B-14";
262 0 1 438,784 "Odd-15-Z";
263 0 0 276,804 "Odd-15-B-5";
264 0 0 266,807 "Odd-15-A-4";
265 0 0 266,806 "Odd-15-B-4";
266 0 1 267,263 "Odd-15-S-5";
267 0 0 276,805 "Odd-15-A-5";
268 0 1 621,810,808,806,804,802,800,798,796,794,792,790,788,786,784 "Odd-2-Z";
269 0 0 268,812 "Odd-2-B-1";
270 0 0 268,813 "Odd-2-A-1";
271 0 1 270,269 "Odd-2-S-1";
272 0 0 271,814 "Odd-2-B-0";
273 0 0 271,815 "Odd-2-A-0";
274 0 1 273,272 "Odd-2-S-0";
275 0 1 224,223 "Odd-4-S-3";
276 0 1 277,278 "Odd-15-S-6";
277 0 0 279,803 "Odd-15-A-6";
278 0 0 279,802 "Odd-15-B-6";
279 0 1 280,281 "Odd-15-S-7";
280 0 0 282,801 "Odd-15-A-7";
281 0 0 282,800 "Odd-15-B-7";
282 0 1 283,284 "Odd-15-S-8";
283 0 0 285,799 "Odd-15-A-8";
284 0 0 285,798 "Odd-15-B-8";
285 0 1 252,241 "Odd-15-S-9";
286 0 0 302,793 "Odd-14-A-11";
287 0 1 300,340 "Odd-6-S-1";
288 0 0 287,814 "Odd-6-B-0";
289 0 0 287,815 "Odd-6-A-0";
290 0 1 289,288 "Odd-6-S-0";
291 0 0 293,799 "Odd-14-A-8";
292 0 0 293,798 "Odd-14-B-8";
293 0 1 294,295 "Odd-14-S-9";
294 0 0 296,797 "Odd-14-A-9";
295 0 0 296,796 "Odd-14-B-9";
296 0 1 297,298 "Odd-14-S-10";
297 0 0 299,795 "Odd-14-A-10";
298 0 0 299,794 "Odd-14-B-10";
299 0 1 286,301 "Odd-14-S-11";
300 0 0 339,813 "Odd-6-A-1";
301 0 0 302,792 "Odd-14-B-11";
302 0 1 303,304 "Odd-14-S-12";
303 0 0 305,791 "Odd-14-A-12";
304 0 0 305,790 "Odd-14-B-12";
305 0 1 306,307 "Odd-14-S-13";
306 0 0 328,789 "Odd-14-A-13";
307 0 0 328,788 "Odd-14-B-13";
308 0 0 362,809 "Odd-12-A-3";
309 0 0 311,805 "Odd-11-A-5";
310 0 0 311,804 "Odd-11-B-5";
311 0 1 312,313 "Odd-11-S-6";
312 0 0 364,803 "Odd-11-A-6";
313 0 0 364,802 "Odd-11-B-6";
314 0 0 327,804 "Odd-6-B-5";
315 0 0 317,807 "Odd-14-A-4";
316 0 0 317,806 "Odd-14-B-4";
317 0 1 318,319 "Odd-14-S-5";
318 0 0 320,805 "Odd-14-A-5";
319 0 0 320,804 "Odd-14-B-5";
320 0 1 321,322 "Odd-14-S-6";
321 0 0 323,803 "Odd-14-A-6";
322 0 0 323,802 "Odd-14-B-6";
323 0 1 324,325 "Odd-14-S-7";
324 0 0 326,801 "Odd-14-A-7";
325 0 0 326,800 "Odd-14-B-7";
326 0 1 291,292 "Odd-14-S-8";
327 0 1 548,802,800,798,796,794,792,790,788,786,784 "Odd-6-Z";
328 0 1 429,786,784 "Odd-14-Z";
329 0 0 327,805 "Odd-6-A-5";
330 0 1 329,314 "Odd-6-S-5";
331 0 0 330,806 "Odd-6-B-4";
332 0 0 330,807 "Odd-6-A-4";
333 0 1 332,331 "Odd-6-S-4";
334 0 0 333,808 "Odd-6-B-3";
335 0 0 333,809 "Odd-6-A-3";
336 0 1 335,334 "Odd-6-S-3";
337 0 0 336,810 "Odd-6-B-2";
338 0 0 336,811 "Odd-6-A-2";
339 0 1 338,337 "Odd-6-S-2";
340 0 0 339,812 "Odd-6-B-1";
341 0 0 354,796 "Odd-11-B-9";
342 0 0 368,813 "Odd-5-A-1";
343 0 1 342,367 "Odd-5-S-1";
344 0 0 343,814 "Odd-5-B-0";
345 0 0 343,815 "Odd-5-A-0";
346 0 1 345,344 "Odd-5-S-0";
347 0 0 348,800 "Odd-11-B-7";
348 0 1 349,350 "Odd-11-S-8";
349 0 0 351,799 "Odd-11-A-8";
350 0 0 351,798 "Odd-11-B-8";
351 0 1 352,341 "Odd-11-S-9";
352 0 0 354,797 "Odd-11-A-9";
353 0 0 348,801 "Odd-11-A-7";
354 0 1 355,356 "Odd-11-S-10";
355 0 0 357,795 "Odd-11-A-10";
356 0 0 357,794 "Odd-11-B-10";
357 0 1 661,792,790,788,786,784 "Odd-11-Z";
358 0 0 22,805 "Odd-12-A-5";
359 0 1 358,23 "Odd-12-S-5";
360 0 0 359,806 "Odd-12-B-4";
361 0 0 359,807 "Odd-12-A-4";
362 0 1 361,360 "Odd-12-S-4";
363 0 0 362,808 "Odd-12-B-3";
364 0 1 353,347 "Odd-11-S-7";
365 0 1 630,804,802,800,798,796,794,792,790,788,786,784 "Odd-5-Z";
366 0 0 365,806 "Odd-5-B-4";
367 0 0 368,812 "Odd-5-B-1";
368 0 1 369,370 "Odd-5-S-2";
369 0 0 371,811 "Odd-5-A-2";
370 0 0 371,810 "Odd-5-B-2";
371 0 1 372,373 "Odd-5-S-3";
372 0 0 374,809 "Odd-5-A-3";
373 0 0 374,808 "Odd-5-B-3";
374 0 1 375,366 "Odd-5-S-4";
375 0 0 365,807 "Odd-5-A-4";
376 1 0 671,713 "Even-11-S-1";
377 1 0 408,407 "Even-12-S-9";
378 1 1 390,810 "Even-13-A-2";
379 1 0 378,389 "Even-13-S-2";
380 1 1 377,799 "Even-12-B-8";
381 1 1 379,813 "Even-13-B-1";
382 1 1 379,812 "Even-13-A-1";
383 1 0 382,381 "Even-13-S-1";
384 1 1 383,815 "Even-13-B-0";
385 1 1 383,814 "Even-13-A-0";
386 1 0 385,384 "Even-13-S-0";
387 1 1 399,805 "Even-13-B-5";
388 1 0 823,206 "Odd-12-T";
389 1 1 390,811 "Even-13-B-2";
390 1 0 391,392 "Even-13-S-3";
391 1 1 393,808 "Even-13-A-3";
392 1 1 393,809 "Even-13-B-3";
393 1 0 394,395 "Even-13-S-4";
394 1 1 396,806 "Even-13-A-4";
395 1 1 396,807 "Even-13-B-4";
396 1 0 397,387 "Even-13-S-5";
397 1 1 399,804 "Even-13-A-5";
398 1 0 771,789,787,785 "Even-12-Z";
399 1 0 400,507 "Even-13-S-6";
400 1 1 492,802 "Even-13-A-6";
401 1 1 398,793 "Even-12-B-11";
402 1 1 398,792 "Even-12-A-11";
403 1 0 402,401 "Even-12-S-11";
404 1 1 403,795 "Even-12-B-10";
405 1 1 403,794 "Even-12-A-10";
406 1 0 405,404 "Even-12-S-10";
407 1 1 406,797 "Even-12-B-9";
408 1 1 406,796 "Even-12-A-9";
409 1 1 422,813 "Even-15-B-1";
410 1 0 423,464 "Even-15-S-6";
411 1 1 410,805 "Even-15-B-5";
412 1 1 410,804 "Even-15-A-5";
413 1 0 412,411 "Even-15-S-5";
414 1 1 413,807 "Even-15-B-4";
415 1 1 413,806 "Even-15-A-4";
416 1 0 415,414 "Even-15-S-4";
417 1 1 416,809 "Even-15-B-3";
418 1 1 416,808 "Even-15-A-3";
419 1 0 418,417 "Even-15-S-3";
420 1 1 419,811 "Even-15-B-2";
421 1 1 419,810 "Even-15-A-2";
422 1 0 421,420 "Even-15-S-2";
423 1 1 463,802 "Even-15-A-6";
424 1 1 422,812 "Even-15-A-1";
425 1 0 424,409 "Even-15-S-1";
426 1 1 425,815 "Even-15-B-0";
427 1 1 425,814 "Even-15-A-0";
428 1 0 427,426 "Even-15-S-0";
429 1 0 819,62 "Odd-14-T";
430 1 0 780,785 "Even-14-Z";
431 1 1 430,789 "Even-14-B-13";
432 1 1 430,788 "Even-14-A-13";
433 1 0 432,431 "Even-14-S-13";
434 1 1 433,791 "Even-14-B-12";
435 1 1 433,790 "Even-14-A-12";
436 1 0 435,434 "Even-14-S-12";
437 1 0 450,449 "Even-15-S-11";
438 1 0 817,195 "Odd-15-T";
439 1 0 781 "Even-15-Z";
440 1 1 439,787 "Even-15-B-14";
441 1 1 439,786 "Even-15-A-14";
442 1 0 441,440 "Even-15-S-14";
443 1 1 442,789 "Even-15-B-13";
444 1 1 442,788 "Even-15-A-13";
445 1 0 444,443 "Even-15-S-13";
446 1 1 445,791 "Even-15-B-12";
447 1 1 445,790 "Even-15-A-12";
448 1 0 447,446 "Even-15-S-12";
449 1 1 448,793 "Even-15-B-11";
450 1 1 448,792 "Even-15-A-11";
451 1 1 436,793 "Even-14-B-11";
452 1 1 437,795 "Even-15-B-10";
453 1 1 437,794 "Even-15-A-10";
454 1 0 453,452 "Even-15-S-10";
455 1 1 454,797 "Even-15-B-9";
456 1 1 454,796 "Even-15-A-9";
457 1 0 456,455 "Even-15-S-9";
458 1 1 457,799 "Even-15-B-8";
459 1 1 457,798 "Even-15-A-8";
460 1 0 459,458 "Even-15-S-8";
461 1 1 460,801 "Even-15-B-7";
462 1 1 460,800 "Even-15-A-7";
463 1 0 462,461 "Even-15-S-7";
464 1 1 463,803 "Even-15-B-6";
465 1 1 477,792 "Even-13-A-11";
466 1 0 479,520 "Even-14-S-2";
467 1 1 466,813 "Even-14-B-1";
468 1 1 466,812 "Even-14-A-1";
469 1 0 468,467 "Even-14-S-1";
470 1 1 469,815 "Even-14-B-0";
471 1 1 469,814 "Even-14-A-0";
472 1 0 471,470 "Even-14-S-0";
473 1 0 821,105 "Odd-13-T";
474 1 0 775,787,785 "Even-13-Z";
475 1 1 474,791 "Even-13-B-12";
476 1 1 474,790 "Even-13-A-12";
477 1 0 476,475 "Even-13-S-12";
478 1 1 477,793 "Even-13-B-11";
479 1 1 519,810 "Even-14-A-2";
480 1 0 465,478 "Even-13-S-11";
481 1 1 480,795 "Even-13-B-10";
482 1 1 480,794 "Even-13-A-10";
483 1 0 482,481 "Even-13-S-10";
484 1 1 483,797 "Even-13-B-9";
485 1 1 483,796 "Even-13-A-9";
486 1 0 485,484 "Even-13-S-9";
487 1 1 486,799 "Even-13-B-8";
488 1 1 486,798 "Even-13-A-8";
489 1 0 488,487 "Even-13-S-8";
490 1 1 489,801 "Even-13-B-7";
491 1 1 489,800 "Even-13-A-7";
492 1 0 491,490 "Even-13-S-7";
493 1 0 506,505 "Even-14-S-7";
494 1 1 436,792 "Even-14-A-11";
495 1 0 494,451 "Even-14-S-11";
496 1 1 495,795 "Even-14-B-10";
497 1 1 495,794 "Even-14-A-10";
498 1 0 497,496 "Even-14-S-10";
499 1 1 498,797 "Even-14-B-9";
500 1 1 498,796 "Even-14-A-9";
501 1 0 500,499 "Even-14-S-9";
502 1 1 501,799 "Even-14-B-8";
503 1 1 501,798 "Even-14-A-8";
504 1 0 503,502 "Even-14-S-8";
505 1 1 504,801 "Even-14-B-7";
506 1 1 504,800 "Even-14-A-7";
507 1 1 492,803 "Even-13-B-6";
508 1 1 493,803 "Even-14-B-6";
509 1 1 493,802 "Even-14-A-6";
510 1 0 509,508 "Even-14-S-6";
511 1 1 510,805 "Even-14-B-5";
512 1 1 510,804 "Even-14-A-5";
513 1 0 512,511 "Even-14-S-5";
514 1 1 513,807 "Even-14-B-4";
515 1 1 513,806 "Even-14-A-4";
516 1 0 515,514 "Even-14-S-4";
517 1 1 516,809 "Even-14-B-3";
518 1 1 516,808 "Even-14-A-3";
519 1 0 518,517 "Even-14-S-3";
520 1 1 519,811 "Even-14-B-2";
521 1 0 531,532 "Even-7-S-5";
522 1 1 524,810 "Even-7-A-2";
523 1 1 524,811 "Even-7-B-2";
524 1 0 525,526 "Even-7-S-3";
525 1 1 527,808 "Even-7-A-3";
526 1 1 527,809 "Even-7-B-3";
527 1 0 528,529 "Even-7-S-4";
528 1 1 521,806 "Even-7-A-4";
529 1 1 521,807 "Even-7-B-4";
530 1 0 522,523 "Even-7-S-2";
531 1 1 533,804 "Even-7-A-5";
532 1 1 533,805 "Even-7-B-5";
533 1 0 534,535 "Even-7-S-6";
534 1 1 536,802 "Even-7-A-6";
535 1 1 536,803 "Even-7-B-6";
536 1 0 782,799,797,795,793,791,789,787,785 "Even-7-Z";
537 1 0 833,58 "Odd-7-T";
538 1 0 783,801,799,797,795,793,791,789,787,785 "Even-6-Z";
539 1 1 541,808 "Even-6-A-3";
540 1 1 541,809 "Even-6-B-3";
541 1 0 542,543 "Even-6-S-4";
542 1 1 544,806 "Even-6-A-4";
543 1 1 544,807 "Even-6-B-4";
544 1 0 545,546 "Even-6-S-5";
545 1 1 538,804 "Even-6-A-5";
546 1 1 538,805 "Even-6-B-5";
547 1 0 573,574 "Even-8-S-0";
548 1 0 835,290 "Odd-6-T";
549 1 0 550,551 "Even-7-S-0";
550 1 1 552,814 "Even-7-A-0";
551 1 1 552,815 "Even-7-B-0";
552 1 0 553,554 "Even-7-S-1";
553 1 1 530,812 "Even-7-A-1";
554 1 1 530,813 "Even-7-B-1";
555 1 0 565,566 "Even-9-S-0";
556 1 0 557,558 "Even-8-S-6";
557 1 1 559,802 "Even-8-A-6";
558 1 1 559,803 "Even-8-B-6";
559 1 0 560,561 "Even-8-S-7";
560 1 1 562,800 "Even-8-A-7";
561 1 1 562,801 "Even-8-B-7";
562 1 0 777,797,795,793,791,789,787,785 "Even-8-Z";
563 1 0 831,5 "Odd-8-T";
564 1 1 556,805 "Even-8-B-5";
565 1 1 567,814 "Even-9-A-0";
566 1 1 567,815 "Even-9-B-0";
567 1 0 568,569 "Even-9-S-1";
568 1 1 570,812 "Even-9-A-1";
569 1 1 570,813 "Even-9-B-1";
570 1 0 571,754 "Even-9-S-2";
571 1 1 743,810 "Even-9-A-2";
572 1 0 582,583 "Even-8-S-3";
573 1 1 575,814 "Even-8-A-0";
574 1 1 575,815 "Even-8-B-0";
575 1 0 576,577 "Even-8-S-1";
576 1 1 578,812 "Even-8-A-1";
577 1 1 578,813 "Even-8-B-1";
578 1 0 579,580 "Even-8-S-2";
579 1 1 572,810 "Even-8-A-2";
580 1 1 572,811 "Even-8-B-2";
581 1 0 539,540 "Even-6-S-3";
582 1 1 584,808 "Even-8-A-3";
583 1 1 584,809 "Even-8-B-3";
584 1 0 585,586 "Even-8-S-4";
585 1 1 587,806 "Even-8-A-4";
586 1 1 587,807 "Even-8-B-4";
587 1 0 588,564 "Even-8-S-5";
588 1 1 556,804 "Even-8-A-5";
589 1 0 841,205 "Odd-3-T";
590 1 1 591,815 "Even-3-B-0";
591 1 0 592,593 "Even-3-S-1";
592 1 1 594,812 "Even-3-A-1";
593 1 1 594,813 "Even-3-B-1";
594 1 0 595,596 "Even-3-S-2";
595 1 1 597,810 "Even-3-A-2";
596 1 1 597,811 "Even-3-B-2";
597 1 0 773,807,805,803,801,799,797,795,793,791,789,787,785 "Even-3-Z";
598 1 1 591,814 "Even-3-A-0";
599 1 0 600,601 "Even-4-S-0";
600 1 1 602,814 "Even-4-A-0";
601 1 1 602,815 "Even-4-B-0";
602 1 0 603,604 "Even-4-S-1";
603 1 1 605,812 "Even-4-A-1";
604 1 1 605,813 "Even-4-B-1";
605 1 0 615,655 "Even-4-S-2";
606 1 1 617,814 "Even-2-A-0";
607 1 0 774,813,811,809,807,805,803,801,799,797,795,793,791,789,787,785 "Even-0-Z";
608 1 0 847,256 "Odd-0-T";
609 1 0 610,611 "Even-1-S-0";
610 1 1 612,814 "Even-1-A-0";
611 1 1 612,815 "Even-1-B-0";
612 1 0 769,811,809,807,805,803,801,799,797,795,793,791,789,787,785 "Even-1-Z";
613 1 0 845,245 "Odd-1-T";
614 1 0 606,616 "Even-2-S-0";
615 1 1 654,810 "Even-4-A-2";
616 1 1 617,815 "Even-2-B-0";
617 1 0 618,619 "Even-2-S-1";
618 1 1 620,812 "Even-2-A-1";
619 1 1 620,813 "Even-2-B-1";
620 1 0 768,809,807,805,803,801,799,797,795,793,791,789,787,785 "Even-2-Z";
621 1 0 843,274 "Odd-2-T";
622 1 0 598,590 "Even-3-S-0";
623 1 1 634,814 "Even-6-A-0";
624 1 1 626,808 "Even-5-A-3";
625 1 1 626,809 "Even-5-B-3";
626 1 0 627,628 "Even-5-S-4";
627 1 1 629,806 "Even-5-A-4";
628 1 1 629,807 "Even-5-B-4";
629 1 0 770,803,801,799,797,795,793,791,789,787,785 "Even-5-Z";
630 1 0 837,346 "Odd-5-T";
631 1 0 623,633 "Even-6-S-0";
632 1 0 624,625 "Even-5-S-3";
633 1 1 634,815 "Even-6-B-0";
634 1 0 635,636 "Even-6-S-1";
635 1 1 637,812 "Even-6-A-1";
636 1 1 637,813 "Even-6-B-1";
637 1 0 638,639 "Even-6-S-2";
638 1 1 581,810 "Even-6-A-2";
639 1 1 581,811 "Even-6-B-2";
640 1 0 764,380 "Even-12-S-8";
641 1 1 632,811 "Even-5-B-2";
642 1 1 632,810 "Even-5-A-2";
643 1 0 642,641 "Even-5-S-2";
644 1 1 643,813 "Even-5-B-1";
645 1 1 643,812 "Even-5-A-1";
646 1 0 645,644 "Even-5-S-1";
647 1 1 646,815 "Even-5-B-0";
648 1 1 646,814 "Even-5-A-0";
649 1 0 648,647 "Even-5-S-0";
650 1 0 839,234 "Odd-4-T";
651 1 0 772,805,803,801,799,797,795,793,791,789,787,785 "Even-4-Z";
652 1 1 651,809 "Even-4-B-3";
653 1 1 651,808 "Even-4-A-3";
654 1 0 653,652 "Even-4-S-3";
655 1 1 654,811 "Even-4-B-2";
656 1 1 666,797 "Even-10-B-9";
657 1 0 776,791,789,787,785 "Even-11-Z";
658 1 1 376,815 "Even-11-B-0";
659 1 1 376,814 "Even-11-A-0";
660 1 0 659,658 "Even-11-S-0";
661 1 0 825,24 "Odd-11-T";
662 1 0 664,665 "Even-12-S-0";
663 1 0 827,144 "Odd-10-T";
664 1 1 667,814 "Even-12-A-0";
665 1 1 667,815 "Even-12-B-0";
666 1 0 779,793,791,789,787,785 "Even-10-Z";
667 1 0 668,669 "Even-12-S-1";
668 1 1 670,812 "Even-12-A-1";
669 1 1 670,813 "Even-12-B-1";
670 1 0 744,746 "Even-12-S-2";
671 1 1 712,812 "Even-11-A-1";
672 1 1 666,796 "Even-10-A-9";
673 1 0 672,656 "Even-10-S-9";
674 1 1 673,799 "Even-10-B-8";
675 1 1 673,798 "Even-10-A-8";
676 1 0 675,674 "Even-10-S-8";
677 1 1 676,801 "Even-10-B-7";
678 1 1 676,800 "Even-10-A-7";
679 1 0 678,677 "Even-10-S-7";
680 1 1 679,803 "Even-10-B-6";
681 1 1 679,802 "Even-10-A-6";
682 1 0 681,680 "Even-10-S-6";
683 1 1 682,805 "Even-10-B-5";
684 1 0 700,683 "Even-10-S-5";
685 1 0 701,702 "Even-11-S-9";
686 1 1 693,800 "Even-11-A-7";
687 1 0 686,692 "Even-11-S-7";
688 1 1 687,803 "Even-11-B-6";
689 1 1 687,802 "Even-11-A-6";
690 1 0 689,688 "Even-11-S-6";
691 1 1 690,805 "Even-11-B-5";
692 1 1 693,801 "Even-11-B-7";
693 1 0 694,698 "Even-11-S-8";
694 1 1 685,798 "Even-11-A-8";
695 1 1 690,804 "Even-11-A-5";
696 1 0 695,691 "Even-11-S-5";
697 1 1 696,807 "Even-11-B-4";
698 1 1 685,799 "Even-11-B-8";
699 1 1 696,806 "Even-11-A-4";
700 1 1 682,804 "Even-10-A-5";
701 1 1 707,796 "Even-11-A-9";
702 1 1 707,797 "Even-11-B-9";
703 1 0 699,697 "Even-11-S-4";
704 1 1 703,809 "Even-11-B-3";
705 1 1 703,808 "Even-11-A-3";
706 1 0 705,704 "Even-11-S-3";
707 1 0 708,709 "Even-11-S-10";
708 1 1 657,794 "Even-11-A-10";
709 1 1 657,795 "Even-11-B-10";
710 1 1 706,811 "Even-11-B-2";
711 1 1 706,810 "Even-11-A-2";
712 1 0 711,710 "Even-11-S-2";
713 1 1 712,813 "Even-11-B-1";
714 1 1 726,802 "Even-9-A-6";
715 1 1 719,804 "Even-12-A-5";
716 1 1 719,805 "Even-12-B-5";
717 1 1 684,807 "Even-10-B-4";
718 1 0 829,148 "Odd-9-T";
719 1 0 730,732 "Even-12-S-6";
720 1 0 778,795,793,791,789,787,785 "Even-9-Z";
721 1 1 720,799 "Even-9-B-8";
722 1 1 720,798 "Even-9-A-8";
723 1 0 722,721 "Even-9-S-8";
724 1 1 723,801 "Even-9-B-7";
725 1 1 723,800 "Even-9-A-7";
726 1 0 725,724 "Even-9-S-7";
727 1 1 726,803 "Even-9-B-6";
728 1 0 715,716 "Even-12-S-5";
729 1 0 714,727 "Even-9-S-6";
730 1 1 734,802 "Even-12-A-6";
731 1 1 729,805 "Even-9-B-5";
732 1 1 734,803 "Even-12-B-6";
733 1 1 741,808 "Even-9-A-3";
734 1 0 735,766 "Even-12-S-7";
735 1 1 640,800 "Even-12-A-7";
736 1 1 741,809 "Even-9-B-3";
737 1 1 729,804 "Even-9-A-5";
738 1 0 737,731 "Even-9-S-5";
739 1 1 738,807 "Even-9-B-4";
740 1 1 738,806 "Even-9-A-4";
741 1 0 740,739 "Even-9-S-4";
742 1 1 728,806 "Even-12-A-4";
743 1 0 733,736 "Even-9-S-3";
744 1 1 750,810 "Even-12-A-2";
745 1 1 684,806 "Even-10-A-4";
746 1 1 750,811 "Even-12-B-2";
747 1 0 745,717 "Even-10-S-4";
748 1 1 747,809 "Even-10-B-3";
749 1 1 747,808 "Even-10-A-3";
750 1 0 751,752 "Even-12-S-3";
751 1 1 755,808 "Even-12-A-3";
752 1 1 755,809 "Even-12-B-3";
753 1 0 749,748 "Even-10-S-3";
754 1 1 743,811 "Even-9-B-2";
755 1 0 742,756 "Even-12-S-4";
756 1 1 728,807 "Even-12-B-4";
757 1 1 753,811 "Even-10-B-2";
758 1 1 753,810 "Even-10-A-2";
759 1 0 758,757 "Even-10-S-2";
760 1 1 759,813 "Even-10-B-1";
761 1 1 759,812 "Even-10-A-1";
762 1 0 761,760 "Even-10-S-1";
763 1 1 762,815 "Even-10-B-0";
764 1 1 377,798 "Even-12-A-8";
765 1 1 762,814 "Even-10-A-0";
766 1 1 640,801 "Even-12-B-7";
767 1 0 765,763 "Even-10-S-0";
768 2 1 842,614 "Even-2-T";
769 2 1 844,609 "Even-1-T";
770 2 1 836,649 "Even-5-T";
771 2 1 822,662 "Even-12-T";
772 2 1 838,599 "Even-4-T";
773 2 1 840,622 "Even-3-T";
774 2 1 846,607 "Even-0-T";
775 2 1 820,386 "Even-13-T";
776 2 1 824,660 "Even-11-T";
777 2 1 830,547 "Even-8-T";
778 2 1 828,555 "Even-9-T";
779 2 1 826,767 "Even-10-T";
780 2 1 818,472 "Even-14-T";
781 2 1 816,428 "Even-15-T";
782 2 1 832,549 "Even-7-T";
783 2 1 834,631 "Even-6-T";
784 3 1 781 "Even-15-L";
785 4 0 438 "Odd-15-L";
786 5 1 780 "Even-14-L";
787 6 0 429 "Odd-14-L";
788 7 1 775 "Even-13-L";
789 8 0 473 "Odd-13-L";
790 9 1 771 "Even-12-L";
791 10 0 388 "Odd-12-L";
792 11 1 776 "Even-11-L";
793 12 0 661 "Odd-11-L";
794 13 1 779 "Even-10-L";
795 14 0 663 "Odd-10-L";
796 15 1 778 "Even-9-L";
797 16 0 718 "Odd-9-L";
798 17 1 777 "Even-8-L";
799 18 0 563 "Odd-8-L";
800 19 1 782 "Even-7-L";
801 20 0 537 "Odd-7-L";
802 21 1 783 "Even-6-L";
803 22 0 548 "Odd-6-L";
804 23 1 770 "Even-5-L";
805 24 0 630 "Odd-5-L";
806 25 1 772 "Even-4-L";
807 26 0 650 "Odd-4-L";
808 27 1 773 "Even-3-L";
809 28 0 589 "Odd-3-L";
810 29 1 768 "Even-2-L";
811 30 0 621 "Odd-2-L";
812 31 1 769 "Even-1-L";
813 32 0 613 "Odd-1-L";
814 33 1 774 "Even-0-L";
815 34 0 608 "Odd-0-L";
816 36 0 786 "Even-15-H";
817 37 1 787 "Odd-15-H";
818 38 0 788 "Even-14-H";
819 39 1 789 "Odd-14-H";
820 40 0 790 "Even-13-H";
821 41 1 791 "Odd-13-H";
822 42 0 792 "Even-12-H";
823 43 1 793 "Odd-12-H";
824 44 0 794 "Even-11-H";
825 45 1 795 "Odd-11-H";
826 46 0 796 "Even-10-H";
827 47 1 797 "Odd-10-H";
828 48 0 798 "Even-9-H";
829 49 1 799 "Odd-9-H";
830 50 0 800 "Even-8-H";
831 51 1 801 "Odd-8-H";
832 52 0 802 "Even-7-H";
833 53 1 803 "Odd-7-H";
834 54 0 804 "Even-6-H";
835 55 1 805 "Odd-6-H";
836 56 0 806 "Even-5-H";
837 57 1 807 "Odd-5-H";
838 58 0 808 "Even-4-H";
839 59 1 809 "Odd-4-H";
840 60 0 810 "Even-3-H";
841 61 1 811 "Odd-3-H";
842 62 0 812 "Even-2-H";
843 63 1 813 "Odd-2-H";
844 64 0 814 "Even-1-H";
845 65 1 815 "Odd-1-H";
846 66 0 784 "Even-0-H";
847 67 1 785 "Odd-0-H";
