parity 750;
0 0 1 486,702,700,698,696,694,692,690 "Odd-8-Z";
1 0 1 2,3 "Odd-12-S-8";
2 0 0 4,703 "Odd-12-A-8";
3 0 0 4,702 "Odd-12-B-8";
4 0 1 5,6 "Odd-12-S-9";
5 0 0 7,701 "Odd-12-A-9";
6 0 0 7,700 "Odd-12-B-9";
7 0 1 8,9 "Odd-12-S-10";
8 0 0 10,699 "Odd-12-A-10";
9 0 0 10,698 "Odd-12-B-10";
10 0 1 11,84 "Odd-12-S-11";
11 0 0 85,697 "Odd-12-A-11";
12 0 0 1,704 "Odd-12-B-7";
13 0 0 0,704 "Odd-8-B-7";
14 0 0 0,705 "Odd-8-A-7";
15 0 1 14,13 "Odd-8-S-7";
16 0 0 15,706 "Odd-8-B-6";
17 0 0 15,707 "Odd-8-A-6";
18 0 1 17,16 "Odd-8-S-6";
19 0 0 18,708 "Odd-8-B-5";
20 0 0 18,709 "Odd-8-A-5";
21 0 1 20,19 "Odd-8-S-5";
22 0 0 21,710 "Odd-8-B-4";
23 0 0 21,711 "Odd-8-A-4";
24 0 1 37,38 "Odd-12-S-4";
25 0 0 27,719 "Odd-12-A-0";
26 0 0 27,718 "Odd-12-B-0";
27 0 1 28,29 "Odd-12-S-1";
28 0 0 30,717 "Odd-12-A-1";
29 0 0 30,716 "Odd-12-B-1";
30 0 1 31,32 "Odd-12-S-2";
31 0 0 33,715 "Odd-12-A-2";
32 0 0 33,714 "Odd-12-B-2";
33 0 1 34,35 "Odd-12-S-3";
34 0 0 24,713 "Odd-12-A-3";
35 0 0 24,712 "Odd-12-B-3";
36 0 1 23,22 "Odd-8-S-4";
37 0 0 39,711 "Odd-12-A-4";
38 0 0 39,710 "Odd-12-B-4";
39 0 1 40,41 "Odd-12-S-5";
40 0 0 42,709 "Odd-12-A-5";
41 0 0 42,708 "Odd-12-B-5";
42 0 1 43,44 "Odd-12-S-6";
43 0 0 45,707 "Odd-12-A-6";
44 0 0 45,706 "Odd-12-B-6";
45 0 1 46,12 "Odd-12-S-7";
46 0 0 1,705 "Odd-12-A-7";
47 0 0 57,719 "Odd-7-A-0";
48 0 1 59,93 "Odd-7-S-4";
49 0 0 48,712 "Odd-7-B-3";
50 0 0 48,713 "Odd-7-A-3";
51 0 1 50,49 "Odd-7-S-3";
52 0 0 51,714 "Odd-7-B-2";
53 0 0 51,715 "Odd-7-A-2";
54 0 1 53,52 "Odd-7-S-2";
55 0 0 54,716 "Odd-7-B-1";
56 0 0 54,717 "Odd-7-A-1";
57 0 1 56,55 "Odd-7-S-1";
58 0 0 57,718 "Odd-7-B-0";
59 0 0 92,711 "Odd-7-A-4";
60 0 1 47,58 "Odd-7-S-0";
61 0 1 62,63 "Odd-13-S-0";
62 0 0 64,719 "Odd-13-A-0";
63 0 0 64,718 "Odd-13-B-0";
64 0 1 65,66 "Odd-13-S-1";
65 0 0 67,717 "Odd-13-A-1";
66 0 0 67,716 "Odd-13-B-1";
67 0 1 68,69 "Odd-13-S-2";
68 0 0 70,715 "Odd-13-A-2";
69 0 0 70,714 "Odd-13-B-2";
70 0 1 320,269 "Odd-13-S-3";
71 0 1 82,81 "Odd-8-S-0";
72 0 0 36,712 "Odd-8-B-3";
73 0 0 36,713 "Odd-8-A-3";
74 0 1 73,72 "Odd-8-S-3";
75 0 0 74,714 "Odd-8-B-2";
76 0 0 74,715 "Odd-8-A-2";
77 0 1 76,75 "Odd-8-S-2";
78 0 0 77,716 "Odd-8-B-1";
79 0 0 77,717 "Odd-8-A-1";
80 0 1 79,78 "Odd-8-S-1";
81 0 0 80,718 "Odd-8-B-0";
82 0 0 80,719 "Odd-8-A-0";
83 0 1 164,163 "Odd-9-S-0";
84 0 0 85,696 "Odd-12-B-11";
85 0 1 450,694,692,690 "Odd-12-Z";
86 0 1 464,704,702,700,698,696,694,692,690 "Odd-7-Z";
87 0 0 86,706 "Odd-7-B-6";
88 0 0 86,707 "Odd-7-A-6";
89 0 1 88,87 "Odd-7-S-6";
90 0 0 89,708 "Odd-7-B-5";
91 0 0 89,709 "Odd-7-A-5";
92 0 1 91,90 "Odd-7-S-5";
93 0 0 92,710 "Odd-7-B-4";
94 0 1 566,698,696,694,692,690 "Odd-10-Z";
95 0 0 96,704 "Odd-11-B-7";
96 0 1 97,98 "Odd-11-S-8";
97 0 0 99,703 "Odd-11-A-8";
98 0 0 99,702 "Odd-11-B-8";
99 0 1 100,101 "Odd-11-S-9";
100 0 0 102,701 "Odd-11-A-9";
101 0 0 102,700 "Odd-11-B-9";
102 0 1 103,104 "Odd-11-S-10";
103 0 0 105,699 "Odd-11-A-10";
104 0 0 105,698 "Odd-11-B-10";
105 0 1 369,696,694,692,690 "Odd-11-Z";
106 0 0 96,705 "Odd-11-A-7";
107 0 0 94,700 "Odd-10-B-9";
108 0 0 94,701 "Odd-10-A-9";
109 0 1 108,107 "Odd-10-S-9";
110 0 0 109,702 "Odd-10-B-8";
111 0 0 109,703 "Odd-10-A-8";
112 0 1 111,110 "Odd-10-S-8";
113 0 0 112,704 "Odd-10-B-7";
114 0 0 112,705 "Odd-10-A-7";
115 0 1 114,113 "Odd-10-S-7";
116 0 0 115,706 "Odd-10-B-6";
117 0 0 115,707 "Odd-10-A-6";
118 0 0 131,712 "Odd-11-B-3";
119 0 1 120,121 "Odd-11-S-0";
120 0 0 122,719 "Odd-11-A-0";
121 0 0 122,718 "Odd-11-B-0";
122 0 1 123,124 "Odd-11-S-1";
123 0 0 125,717 "Odd-11-A-1";
124 0 0 125,716 "Odd-11-B-1";
125 0 1 126,127 "Odd-11-S-2";
126 0 0 128,715 "Odd-11-A-2";
127 0 0 128,714 "Odd-11-B-2";
128 0 1 129,118 "Odd-11-S-3";
129 0 0 131,713 "Odd-11-A-3";
130 0 1 117,116 "Odd-10-S-6";
131 0 1 132,133 "Odd-11-S-4";
132 0 0 134,711 "Odd-11-A-4";
133 0 0 134,710 "Odd-11-B-4";
134 0 1 135,136 "Odd-11-S-5";
135 0 0 137,709 "Odd-11-A-5";
136 0 0 137,708 "Odd-11-B-5";
137 0 1 138,139 "Odd-11-S-6";
138 0 0 140,707 "Odd-11-A-6";
139 0 0 140,706 "Odd-11-B-6";
140 0 1 106,95 "Odd-11-S-7";
141 0 1 152,151 "Odd-9-S-4";
142 0 0 153,704 "Odd-9-B-7";
143 0 0 153,705 "Odd-9-A-7";
144 0 1 143,142 "Odd-9-S-7";
145 0 0 144,706 "Odd-9-B-6";
146 0 0 144,707 "Odd-9-A-6";
147 0 1 146,145 "Odd-9-S-6";
148 0 0 147,708 "Odd-9-B-5";
149 0 0 147,709 "Odd-9-A-5";
150 0 1 149,148 "Odd-9-S-5";
151 0 0 150,710 "Odd-9-B-4";
152 0 0 150,711 "Odd-9-A-4";
153 0 1 187,186 "Odd-9-S-8";
154 0 0 141,712 "Odd-9-B-3";
155 0 0 141,713 "Odd-9-A-3";
156 0 1 155,154 "Odd-9-S-3";
157 0 0 156,714 "Odd-9-B-2";
158 0 0 156,715 "Odd-9-A-2";
159 0 1 158,157 "Odd-9-S-2";
160 0 0 159,716 "Odd-9-B-1";
161 0 0 159,717 "Odd-9-A-1";
162 0 1 161,160 "Odd-9-S-1";
163 0 0 162,718 "Odd-9-B-0";
164 0 0 162,719 "Odd-9-A-0";
165 0 1 176,175 "Odd-10-S-2";
166 0 0 130,708 "Odd-10-B-5";
167 0 0 130,709 "Odd-10-A-5";
168 0 1 167,166 "Odd-10-S-5";
169 0 0 168,710 "Odd-10-B-4";
170 0 0 168,711 "Odd-10-A-4";
171 0 1 170,169 "Odd-10-S-4";
172 0 0 171,712 "Odd-10-B-3";
173 0 0 171,713 "Odd-10-A-3";
174 0 1 173,172 "Odd-10-S-3";
175 0 0 174,714 "Odd-10-B-2";
176 0 0 174,715 "Odd-10-A-2";
177 0 1 336,690 "Odd-14-Z";
178 0 0 165,716 "Odd-10-B-1";
179 0 0 165,717 "Odd-10-A-1";
180 0 1 179,178 "Odd-10-S-1";
181 0 0 180,718 "Odd-10-B-0";
182 0 0 180,719 "Odd-10-A-0";
183 0 1 182,181 "Odd-10-S-0";
184 0 1 25,26 "Odd-12-S-0";
185 0 1 674,700,698,696,694,692,690 "Odd-9-Z";
186 0 0 185,702 "Odd-9-B-8";
187 0 0 185,703 "Odd-9-A-8";
188 0 0 199,718 "Odd-3-B-0";
189 0 1 200,233 "Odd-4-S-1";
190 0 0 189,718 "Odd-4-B-0";
191 0 0 189,719 "Odd-4-A-0";
192 0 1 191,190 "Odd-4-S-0";
193 0 1 463,712,710,708,706,704,702,700,698,696,694,692,690 "Odd-3-Z";
194 0 0 193,714 "Odd-3-B-2";
195 0 0 193,715 "Odd-3-A-2";
196 0 1 195,194 "Odd-3-S-2";
197 0 0 196,716 "Odd-3-B-1";
198 0 0 196,717 "Odd-3-A-1";
199 0 1 198,197 "Odd-3-S-1";
200 0 0 232,717 "Odd-4-A-1";
201 0 0 199,719 "Odd-3-A-0";
202 0 1 201,188 "Odd-3-S-0";
203 0 1 204,205 "Odd-14-S-0";
204 0 0 206,719 "Odd-14-A-0";
205 0 0 206,718 "Odd-14-B-0";
206 0 1 207,208 "Odd-14-S-1";
207 0 0 209,717 "Odd-14-A-1";
208 0 0 209,716 "Odd-14-B-1";
209 0 1 210,223 "Odd-14-S-2";
210 0 0 258,715 "Odd-14-A-2";
211 0 0 222,718 "Odd-5-B-0";
212 0 0 294,711 "Odd-5-A-4";
213 0 1 212,329 "Odd-5-S-4";
214 0 0 213,712 "Odd-5-B-3";
215 0 0 213,713 "Odd-5-A-3";
216 0 1 215,214 "Odd-5-S-3";
217 0 0 216,714 "Odd-5-B-2";
218 0 0 216,715 "Odd-5-A-2";
219 0 1 218,217 "Odd-5-S-2";
220 0 0 219,716 "Odd-5-B-1";
221 0 0 219,717 "Odd-5-A-1";
222 0 1 221,220 "Odd-5-S-1";
223 0 0 258,714 "Odd-14-B-2";
224 0 0 222,719 "Odd-5-A-0";
225 0 1 224,211 "Odd-5-S-0";
226 0 1 521,710,708,706,704,702,700,698,696,694,692,690 "Odd-4-Z";
227 0 0 226,712 "Odd-4-B-3";
228 0 0 226,713 "Odd-4-A-3";
229 0 1 228,227 "Odd-4-S-3";
230 0 0 229,714 "Odd-4-B-2";
231 0 0 229,715 "Odd-4-A-2";
232 0 1 231,230 "Odd-4-S-2";
233 0 0 232,716 "Odd-4-B-1";
234 0 0 247,698 "Odd-14-B-10";
235 0 0 241,703 "Odd-14-A-8";
236 0 0 241,702 "Odd-14-B-8";
237 0 1 579,716,714,712,710,708,706,704,702,700,698,696,694,692,690 "Odd-1-Z";
238 0 0 237,718 "Odd-1-B-0";
239 0 0 237,719 "Odd-1-A-0";
240 0 1 239,238 "Odd-1-S-0";
241 0 1 242,243 "Odd-14-S-9";
242 0 0 244,701 "Odd-14-A-9";
243 0 0 244,700 "Odd-14-B-9";
244 0 1 245,234 "Odd-14-S-10";
245 0 0 247,699 "Odd-14-A-10";
246 0 1 235,236 "Odd-14-S-8";
247 0 1 248,249 "Odd-14-S-11";
248 0 0 250,697 "Odd-14-A-11";
249 0 0 250,696 "Odd-14-B-11";
250 0 1 252,253 "Odd-14-S-12";
251 0 1 574,718,716,714,712,710,708,706,704,702,700,698,696,694,692,690 "Odd-0-Z";
252 0 0 254,695 "Odd-14-A-12";
253 0 0 254,694 "Odd-14-B-12";
254 0 1 255,256 "Odd-14-S-13";
255 0 0 177,693 "Odd-14-A-13";
256 0 0 177,692 "Odd-14-B-13";
257 0 1 268,267 "Odd-2-S-0";
258 0 1 259,260 "Odd-14-S-3";
259 0 0 261,713 "Odd-14-A-3";
260 0 0 261,712 "Odd-14-B-3";
261 0 1 262,270 "Odd-14-S-4";
262 0 0 271,711 "Odd-14-A-4";
263 0 1 668,714,712,710,708,706,704,702,700,698,696,694,692,690 "Odd-2-Z";
264 0 0 263,716 "Odd-2-B-1";
265 0 0 263,717 "Odd-2-A-1";
266 0 1 265,264 "Odd-2-S-1";
267 0 0 266,718 "Odd-2-B-0";
268 0 0 266,719 "Odd-2-A-0";
269 0 0 321,712 "Odd-13-B-3";
270 0 0 271,710 "Odd-14-B-4";
271 0 1 272,273 "Odd-14-S-5";
272 0 0 274,709 "Odd-14-A-5";
273 0 0 274,708 "Odd-14-B-5";
274 0 1 275,276 "Odd-14-S-6";
275 0 0 277,707 "Odd-14-A-6";
276 0 0 277,706 "Odd-14-B-6";
277 0 1 278,279 "Odd-14-S-7";
278 0 0 246,705 "Odd-14-A-7";
279 0 0 246,704 "Odd-14-B-7";
280 0 1 293,292 "Odd-6-S-2";
281 0 1 318,317 "Odd-13-S-9";
282 0 0 281,702 "Odd-13-B-8";
283 0 0 281,703 "Odd-13-A-8";
284 0 1 283,282 "Odd-13-S-8";
285 0 0 284,704 "Odd-13-B-7";
286 0 0 327,710 "Odd-6-B-4";
287 0 0 327,711 "Odd-6-A-4";
288 0 1 287,286 "Odd-6-S-4";
289 0 0 288,712 "Odd-6-B-3";
290 0 0 288,713 "Odd-6-A-3";
291 0 1 290,289 "Odd-6-S-3";
292 0 0 291,714 "Odd-6-B-2";
293 0 0 291,715 "Odd-6-A-2";
294 0 1 522,708,706,704,702,700,698,696,694,692,690 "Odd-5-Z";
295 0 0 280,716 "Odd-6-B-1";
296 0 0 280,717 "Odd-6-A-1";
297 0 1 296,295 "Odd-6-S-1";
298 0 0 297,718 "Odd-6-B-0";
299 0 0 297,719 "Odd-6-A-0";
300 0 1 299,298 "Odd-6-S-0";
301 0 0 303,709 "Odd-13-A-5";
302 0 0 303,708 "Odd-13-B-5";
303 0 1 304,305 "Odd-13-S-6";
304 0 0 306,707 "Odd-13-A-6";
305 0 0 306,706 "Odd-13-B-6";
306 0 1 307,285 "Odd-13-S-7";
307 0 0 284,705 "Odd-13-A-7";
308 0 1 301,302 "Odd-13-S-5";
309 0 0 313,696 "Odd-13-B-11";
310 0 0 313,697 "Odd-13-A-11";
311 0 1 310,309 "Odd-13-S-11";
312 0 0 311,698 "Odd-13-B-10";
313 0 1 314,319 "Odd-13-S-12";
314 0 0 328,695 "Odd-13-A-12";
315 0 0 311,699 "Odd-13-A-10";
316 0 1 315,312 "Odd-13-S-10";
317 0 0 316,700 "Odd-13-B-9";
318 0 0 316,701 "Odd-13-A-9";
319 0 0 328,694 "Odd-13-B-12";
320 0 0 321,713 "Odd-13-A-3";
321 0 1 322,323 "Odd-13-S-4";
322 0 0 308,711 "Odd-13-A-4";
323 0 0 308,710 "Odd-13-B-4";
324 0 1 549,706,704,702,700,698,696,694,692,690 "Odd-6-Z";
325 0 0 324,708 "Odd-6-B-5";
326 0 0 324,709 "Odd-6-A-5";
327 0 1 326,325 "Odd-6-S-5";
328 0 1 365,692,690 "Odd-13-Z";
329 0 0 294,710 "Odd-5-B-4";
330 1 1 366,707 "Even-13-B-6";
331 1 1 332,711 "Even-13-B-4";
332 1 0 333,334 "Even-13-S-5";
333 1 1 337,708 "Even-13-A-5";
334 1 1 337,709 "Even-13-B-5";
335 1 0 689 "Even-14-Z";
336 1 0 721,203 "Odd-14-T";
337 1 0 338,330 "Even-13-S-6";
338 1 1 366,706 "Even-13-A-6";
339 1 1 446,713 "Even-12-B-3";
340 1 1 332,710 "Even-13-A-4";
341 1 0 340,331 "Even-13-S-4";
342 1 1 341,713 "Even-13-B-3";
343 1 1 341,712 "Even-13-A-3";
344 1 1 345,719 "Even-12-B-0";
345 1 0 346,347 "Even-12-S-1";
346 1 1 348,716 "Even-12-A-1";
347 1 1 348,717 "Even-12-B-1";
348 1 0 349,350 "Even-12-S-2";
349 1 1 351,714 "Even-12-A-2";
350 1 1 351,715 "Even-12-B-2";
351 1 0 352,339 "Even-12-S-3";
352 1 1 446,712 "Even-12-A-3";
353 1 1 364,694 "Even-13-A-12";
354 1 1 587,704 "Even-10-A-7";
355 1 0 353,363 "Even-13-S-12";
356 1 1 355,697 "Even-13-B-11";
357 1 1 355,696 "Even-13-A-11";
358 1 0 357,356 "Even-13-S-11";
359 1 1 358,699 "Even-13-B-10";
360 1 1 358,698 "Even-13-A-10";
361 1 0 360,359 "Even-13-S-10";
362 1 1 361,701 "Even-13-B-9";
363 1 1 364,695 "Even-13-B-12";
364 1 0 685,691 "Even-13-Z";
365 1 0 723,61 "Odd-13-T";
366 1 0 376,375 "Even-13-S-7";
367 1 0 368,344 "Even-12-S-0";
368 1 1 345,718 "Even-12-A-0";
369 1 0 727,119 "Odd-11-T";
370 1 1 361,700 "Even-13-A-9";
371 1 0 370,362 "Even-13-S-9";
372 1 1 371,703 "Even-13-B-8";
373 1 1 371,702 "Even-13-A-8";
374 1 0 373,372 "Even-13-S-8";
375 1 1 374,705 "Even-13-B-7";
376 1 1 374,704 "Even-13-A-7";
377 1 1 388,717 "Even-13-B-1";
378 1 1 380,706 "Even-14-A-6";
379 1 1 380,707 "Even-14-B-6";
380 1 0 381,390 "Even-14-S-7";
381 1 1 391,704 "Even-14-A-7";
382 1 0 383,384 "Even-13-S-0";
383 1 1 385,718 "Even-13-A-0";
384 1 1 385,719 "Even-13-B-0";
385 1 0 386,377 "Even-13-S-1";
386 1 1 388,716 "Even-13-A-1";
387 1 0 378,379 "Even-14-S-6";
388 1 0 389,448 "Even-13-S-2";
389 1 1 449,714 "Even-13-A-2";
390 1 1 391,705 "Even-14-B-7";
391 1 0 392,393 "Even-14-S-8";
392 1 1 394,702 "Even-14-A-8";
393 1 1 394,703 "Even-14-B-8";
394 1 0 395,396 "Even-14-S-9";
395 1 1 407,700 "Even-14-A-9";
396 1 1 407,701 "Even-14-B-9";
397 1 0 408,409 "Even-14-S-3";
398 1 0 399,400 "Even-14-S-0";
399 1 1 401,718 "Even-14-A-0";
400 1 1 401,719 "Even-14-B-0";
401 1 0 402,403 "Even-14-S-1";
402 1 1 404,716 "Even-14-A-1";
403 1 1 404,717 "Even-14-B-1";
404 1 0 405,406 "Even-14-S-2";
405 1 1 397,714 "Even-14-A-2";
406 1 1 397,715 "Even-14-B-2";
407 1 0 437,438 "Even-14-S-10";
408 1 1 410,712 "Even-14-A-3";
409 1 1 410,713 "Even-14-B-3";
410 1 0 411,412 "Even-14-S-4";
411 1 1 413,710 "Even-14-A-4";
412 1 1 413,711 "Even-14-B-4";
413 1 0 414,415 "Even-14-S-5";
414 1 1 387,708 "Even-14-A-5";
415 1 1 387,709 "Even-14-B-5";
416 1 1 424,704 "Even-12-A-7";
417 1 1 454,698 "Even-12-A-10";
418 1 0 417,426 "Even-12-S-10";
419 1 1 418,701 "Even-12-B-9";
420 1 1 418,700 "Even-12-A-9";
421 1 0 420,419 "Even-12-S-9";
422 1 1 421,703 "Even-12-B-8";
423 1 1 421,702 "Even-12-A-8";
424 1 0 423,422 "Even-12-S-8";
425 1 1 424,705 "Even-12-B-7";
426 1 1 454,699 "Even-12-B-10";
427 1 0 416,425 "Even-12-S-7";
428 1 1 427,707 "Even-12-B-6";
429 1 1 427,706 "Even-12-A-6";
430 1 0 429,428 "Even-12-S-6";
431 1 1 430,709 "Even-12-B-5";
432 1 1 430,708 "Even-12-A-5";
433 1 0 432,431 "Even-12-S-5";
434 1 1 433,711 "Even-12-B-4";
435 1 1 433,710 "Even-12-A-4";
436 1 1 335,692 "Even-14-A-13";
437 1 1 439,698 "Even-14-A-10";
438 1 1 439,699 "Even-14-B-10";
439 1 0 440,441 "Even-14-S-11";
440 1 1 442,696 "Even-14-A-11";
441 1 1 442,697 "Even-14-B-11";
442 1 0 443,444 "Even-14-S-12";
443 1 1 445,694 "Even-14-A-12";
444 1 1 445,695 "Even-14-B-12";
445 1 0 436,447 "Even-14-S-13";
446 1 0 435,434 "Even-12-S-4";
447 1 1 335,693 "Even-14-B-13";
448 1 1 449,715 "Even-13-B-2";
449 1 0 343,342 "Even-13-S-3";
450 1 0 725,184 "Odd-12-T";
451 1 0 684,693,691 "Even-12-Z";
452 1 1 451,697 "Even-12-B-11";
453 1 1 451,696 "Even-12-A-11";
454 1 0 453,452 "Even-12-S-11";
455 1 1 468,709 "Even-7-B-5";
456 1 0 469,510 "Even-8-S-1";
457 1 1 456,719 "Even-8-B-0";
458 1 1 456,718 "Even-8-A-0";
459 1 0 458,457 "Even-8-S-0";
460 1 1 462,714 "Even-3-A-2";
461 1 1 462,715 "Even-3-B-2";
462 1 0 675,711,709,707,705,703,701,699,697,695,693,691 "Even-3-Z";
463 1 0 743,202 "Odd-3-T";
464 1 0 735,60 "Odd-7-T";
465 1 0 686,703,701,699,697,695,693,691 "Even-7-Z";
466 1 1 465,707 "Even-7-B-6";
467 1 1 465,706 "Even-7-A-6";
468 1 0 467,466 "Even-7-S-6";
469 1 1 509,716 "Even-8-A-1";
470 1 1 468,708 "Even-7-A-5";
471 1 0 470,455 "Even-7-S-5";
472 1 1 471,711 "Even-7-B-4";
473 1 0 475,545 "Even-4-S-0";
474 1 1 471,710 "Even-7-A-4";
475 1 1 546,718 "Even-4-A-0";
476 1 0 474,472 "Even-7-S-4";
477 1 1 476,713 "Even-7-B-3";
478 1 1 476,712 "Even-7-A-3";
479 1 0 478,477 "Even-7-S-3";
480 1 1 479,715 "Even-7-B-2";
481 1 1 479,714 "Even-7-A-2";
482 1 0 481,480 "Even-7-S-2";
483 1 0 496,495 "Even-8-S-6";
484 1 1 487,718 "Even-3-A-0";
485 1 1 487,719 "Even-3-B-0";
486 1 0 733,71 "Odd-8-T";
487 1 0 488,489 "Even-3-S-1";
488 1 1 490,716 "Even-3-A-1";
489 1 1 490,717 "Even-3-B-1";
490 1 0 460,461 "Even-3-S-2";
491 1 0 683,701,699,697,695,693,691 "Even-8-Z";
492 1 1 491,705 "Even-8-B-7";
493 1 1 491,704 "Even-8-A-7";
494 1 0 493,492 "Even-8-S-7";
495 1 1 494,707 "Even-8-B-6";
496 1 1 494,706 "Even-8-A-6";
497 1 1 482,717 "Even-7-B-1";
498 1 1 483,709 "Even-8-B-5";
499 1 1 483,708 "Even-8-A-5";
500 1 0 499,498 "Even-8-S-5";
501 1 1 500,711 "Even-8-B-4";
502 1 1 500,710 "Even-8-A-4";
503 1 0 502,501 "Even-8-S-4";
504 1 1 503,713 "Even-8-B-3";
505 1 1 503,712 "Even-8-A-3";
506 1 0 505,504 "Even-8-S-3";
507 1 1 506,715 "Even-8-B-2";
508 1 1 506,714 "Even-8-A-2";
509 1 0 508,507 "Even-8-S-2";
510 1 1 509,717 "Even-8-B-1";
511 1 1 523,710 "Even-5-A-4";
512 1 1 525,719 "Even-6-B-0";
513 1 1 525,718 "Even-6-A-0";
514 1 0 513,512 "Even-6-S-0";
515 1 1 517,714 "Even-4-A-2";
516 1 1 517,715 "Even-4-B-2";
517 1 0 518,519 "Even-4-S-3";
518 1 1 520,712 "Even-4-A-3";
519 1 1 520,713 "Even-4-B-3";
520 1 0 679,709,707,705,703,701,699,697,695,693,691 "Even-4-Z";
521 1 0 741,192 "Odd-4-T";
522 1 0 739,225 "Odd-5-T";
523 1 0 678,707,705,703,701,699,697,695,693,691 "Even-5-Z";
524 1 1 523,711 "Even-5-B-4";
525 1 0 565,564 "Even-6-S-1";
526 1 0 511,524 "Even-5-S-4";
527 1 1 526,713 "Even-5-B-3";
528 1 1 526,712 "Even-5-A-3";
529 1 0 528,527 "Even-5-S-3";
530 1 1 529,715 "Even-5-B-2";
531 1 1 529,714 "Even-5-A-2";
532 1 0 531,530 "Even-5-S-2";
533 1 1 532,717 "Even-5-B-1";
534 1 1 532,716 "Even-5-A-1";
535 1 0 534,533 "Even-5-S-1";
536 1 1 535,719 "Even-5-B-0";
537 1 1 535,718 "Even-5-A-0";
538 1 0 537,536 "Even-5-S-0";
539 1 1 551,708 "Even-6-A-5";
540 1 1 482,716 "Even-7-A-1";
541 1 0 540,497 "Even-7-S-1";
542 1 1 541,719 "Even-7-B-0";
543 1 1 541,718 "Even-7-A-0";
544 1 0 543,542 "Even-7-S-0";
545 1 1 546,719 "Even-4-B-0";
546 1 0 547,548 "Even-4-S-1";
547 1 1 550,716 "Even-4-A-1";
548 1 1 550,717 "Even-4-B-1";
549 1 0 737,300 "Odd-6-T";
550 1 0 515,516 "Even-4-S-2";
551 1 0 688,705,703,701,699,697,695,693,691 "Even-6-Z";
552 1 1 551,709 "Even-6-B-5";
553 1 0 484,485 "Even-3-S-0";
554 1 0 539,552 "Even-6-S-5";
555 1 1 554,711 "Even-6-B-4";
556 1 1 554,710 "Even-6-A-4";
557 1 0 556,555 "Even-6-S-4";
558 1 1 557,713 "Even-6-B-3";
559 1 1 557,712 "Even-6-A-3";
560 1 0 559,558 "Even-6-S-3";
561 1 1 560,715 "Even-6-B-2";
562 1 1 560,714 "Even-6-A-2";
563 1 0 562,561 "Even-6-S-2";
564 1 1 563,717 "Even-6-B-1";
565 1 1 563,716 "Even-6-A-1";
566 1 0 729,183 "Odd-10-T";
567 1 0 580,621 "Even-11-S-2";
568 1 1 567,717 "Even-11-B-1";
569 1 1 567,716 "Even-11-A-1";
570 1 0 569,568 "Even-11-S-1";
571 1 1 570,719 "Even-11-B-0";
572 1 1 570,718 "Even-11-A-0";
573 1 0 572,571 "Even-11-S-0";
574 1 0 749,251 "Odd-0-T";
575 1 0 576,577 "Even-1-S-0";
576 1 1 578,718 "Even-1-A-0";
577 1 1 578,719 "Even-1-B-0";
578 1 0 680,715,713,711,709,707,705,703,701,699,697,695,693,691 "Even-1-Z";
579 1 0 747,240 "Odd-1-T";
580 1 1 620,714 "Even-11-A-2";
581 1 0 681,697,695,693,691 "Even-10-Z";
582 1 1 581,701 "Even-10-B-9";
583 1 1 581,700 "Even-10-A-9";
584 1 0 583,582 "Even-10-S-9";
585 1 1 584,703 "Even-10-B-8";
586 1 1 584,702 "Even-10-A-8";
587 1 0 586,585 "Even-10-S-8";
588 1 1 587,705 "Even-10-B-7";
589 1 0 667,669 "Even-2-S-0";
590 1 0 354,588 "Even-10-S-7";
591 1 1 590,707 "Even-10-B-6";
592 1 1 590,706 "Even-10-A-6";
593 1 0 649,648 "Even-9-S-0";
594 1 0 607,606 "Even-11-S-7";
595 1 0 682,695,693,691 "Even-11-Z";
596 1 0 676,717,715,713,711,709,707,705,703,701,699,697,695,693,691 "Even-0-Z";
597 1 1 595,699 "Even-11-B-10";
598 1 1 595,698 "Even-11-A-10";
599 1 0 598,597 "Even-11-S-10";
600 1 1 599,701 "Even-11-B-9";
601 1 1 599,700 "Even-11-A-9";
602 1 0 601,600 "Even-11-S-9";
603 1 1 602,703 "Even-11-B-8";
604 1 1 602,702 "Even-11-A-8";
605 1 0 604,603 "Even-11-S-8";
606 1 1 605,705 "Even-11-B-7";
607 1 1 605,704 "Even-11-A-7";
608 1 0 592,591 "Even-10-S-6";
609 1 1 594,707 "Even-11-B-6";
610 1 1 594,706 "Even-11-A-6";
611 1 0 610,609 "Even-11-S-6";
612 1 1 611,709 "Even-11-B-5";
613 1 1 611,708 "Even-11-A-5";
614 1 0 613,612 "Even-11-S-5";
615 1 1 614,711 "Even-11-B-4";
616 1 1 614,710 "Even-11-A-4";
617 1 0 616,615 "Even-11-S-4";
618 1 1 617,713 "Even-11-B-3";
619 1 1 617,712 "Even-11-A-3";
620 1 0 619,618 "Even-11-S-3";
621 1 1 620,715 "Even-11-B-2";
622 1 1 635,711 "Even-9-B-4";
623 1 0 687,699,697,695,693,691 "Even-9-Z";
624 1 1 623,703 "Even-9-B-8";
625 1 1 623,702 "Even-9-A-8";
626 1 0 625,624 "Even-9-S-8";
627 1 1 626,705 "Even-9-B-7";
628 1 1 626,704 "Even-9-A-7";
629 1 0 628,627 "Even-9-S-7";
630 1 1 629,707 "Even-9-B-6";
631 1 1 629,706 "Even-9-A-6";
632 1 0 631,630 "Even-9-S-6";
633 1 1 632,709 "Even-9-B-5";
634 1 1 632,708 "Even-9-A-5";
635 1 0 634,633 "Even-9-S-5";
636 1 1 608,708 "Even-10-A-5";
637 1 1 635,710 "Even-9-A-4";
638 1 0 637,622 "Even-9-S-4";
639 1 1 638,713 "Even-9-B-3";
640 1 1 638,712 "Even-9-A-3";
641 1 0 640,639 "Even-9-S-3";
642 1 1 641,715 "Even-9-B-2";
643 1 1 641,714 "Even-9-A-2";
644 1 0 643,642 "Even-9-S-2";
645 1 1 644,717 "Even-9-B-1";
646 1 1 644,716 "Even-9-A-1";
647 1 0 646,645 "Even-9-S-1";
648 1 1 647,719 "Even-9-B-0";
649 1 1 647,718 "Even-9-A-0";
650 1 0 661,660 "Even-10-S-1";
651 1 1 662,711 "Even-10-B-4";
652 1 1 662,710 "Even-10-A-4";
653 1 0 652,651 "Even-10-S-4";
654 1 1 653,713 "Even-10-B-3";
655 1 1 653,712 "Even-10-A-3";
656 1 0 655,654 "Even-10-S-3";
657 1 1 656,715 "Even-10-B-2";
658 1 1 656,714 "Even-10-A-2";
659 1 0 658,657 "Even-10-S-2";
660 1 1 659,717 "Even-10-B-1";
661 1 1 659,716 "Even-10-A-1";
662 1 0 636,663 "Even-10-S-5";
663 1 1 608,709 "Even-10-B-5";
664 1 1 650,719 "Even-10-B-0";
665 1 1 650,718 "Even-10-A-0";
666 1 0 665,664 "Even-10-S-0";
667 1 1 670,718 "Even-2-A-0";
668 1 0 745,257 "Odd-2-T";
669 1 1 670,719 "Even-2-B-0";
670 1 0 671,672 "Even-2-S-1";
671 1 1 673,716 "Even-2-A-1";
672 1 1 673,717 "Even-2-B-1";
673 1 0 677,713,711,709,707,705,703,701,699,697,695,693,691 "Even-2-Z";
674 1 0 731,83 "Odd-9-T";
675 2 1 742,553 "Even-3-T";
676 2 1 748,596 "Even-0-T";
677 2 1 744,589 "Even-2-T";
678 2 1 738,538 "Even-5-T";
679 2 1 740,473 "Even-4-T";
680 2 1 746,575 "Even-1-T";
681 2 1 728,666 "Even-10-T";
682 2 1 726,573 "Even-11-T";
683 2 1 732,459 "Even-8-T";
684 2 1 724,367 "Even-12-T";
685 2 1 722,382 "Even-13-T";
686 2 1 734,544 "Even-7-T";
687 2 1 730,593 "Even-9-T";
688 2 1 736,514 "Even-6-T";
689 2 1 720,398 "Even-14-T";
690 3 1 689 "Even-14-L";
691 4 0 336 "Odd-14-L";
692 5 1 685 "Even-13-L";
693 6 0 365 "Odd-13-L";
694 7 1 684 "Even-12-L";
695 8 0 450 "Odd-12-L";
696 9 1 682 "Even-11-L";
697 10 0 369 "Odd-11-L";
698 11 1 681 "Even-10-L";
699 12 0 566 "Odd-10-L";
700 13 1 687 "Even-9-L";
701 14 0 674 "Odd-9-L";
702 15 1 683 "Even-8-L";
703 16 0 486 "Odd-8-L";
704 17 1 686 "Even-7-L";
705 18 0 464 "Odd-7-L";
706 19 1 688 "Even-6-L";
707 20 0 549 "Odd-6-L";
708 21 1 678 "Even-5-L";
709 22 0 522 "Odd-5-L";
710 23 1 679 "Even-4-L";
711 24 0 521 "Odd-4-L";
712 25 1 675 "Even-3-L";
713 26 0 463 "Odd-3-L";
714 27 1 677 "Even-2-L";
715 28 0 668 "Odd-2-L";
716 29 1 680 "Even-1-L";
717 30 0 579 "Odd-1-L";
718 31 1 676 "Even-0-L";
719 32 0 574 "Odd-0-L";
720 34 0 692 "Even-14-H";
721 35 1 693 "Odd-14-H";
722 36 0 694 "Even-13-H";
723 37 1 695 "Odd-13-H";
724 38 0 696 "Even-12-H";
725 39 1 697 "Odd-12-H";
726 40 0 698 "Even-11-H";
727 41 1 699 "Odd-11-H";
728 42 0 700 "Even-10-H";
729 43 1 701 "Odd-10-H";
730 44 0 702 "Even-9-H";
731 45 1 703 "Odd-9-H";
732 46 0 704 "Even-8-H";
733 47 1 705 "Odd-8-H";
734 48 0 706 "Even-7-H";
735 49 1 707 "Odd-7-H";
736 50 0 708 "Even-6-H";
737 51 1 709 "Odd-6-H";
738 52 0 710 "Even-5-H";
739 53 1 711 "Odd-5-H";
740 54 0 712 "Even-4-H";
741 55 1 713 "Odd-4-H";
742 56 0 714 "Even-3-H";
743 57 1 715 "Odd-3-H";
744 58 0 716 "Even-2-H";
745 59 1 717 "Odd-2-H";
746 60 0 718 "Even-1-H";
747 61 1 719 "Odd-1-H";
748 62 0 690 "Even-0-H";
749 63 1 691 "Odd-0-H";
