parity 1428;
0 0 1 16,17 "Odd-15-S-5";
1 0 0 3,1385 "Odd-15-A-0";
2 0 0 3,1384 "Odd-15-B-0";
3 0 1 4,5 "Odd-15-S-1";
4 0 0 6,1383 "Odd-15-A-1";
5 0 0 6,1382 "Odd-15-B-1";
6 0 1 7,8 "Odd-15-S-2";
7 0 0 9,1381 "Odd-15-A-2";
8 0 0 9,1380 "Odd-15-B-2";
9 0 1 10,11 "Odd-15-S-3";
10 0 0 12,1379 "Odd-15-A-3";
11 0 0 12,1378 "Odd-15-B-3";
12 0 1 13,14 "Odd-15-S-4";
13 0 0 0,1377 "Odd-15-A-4";
14 0 0 0,1376 "Odd-15-B-4";
15 0 1 1,2 "Odd-15-S-0";
16 0 0 18,1375 "Odd-15-A-5";
17 0 0 18,1374 "Odd-15-B-5";
18 0 1 19,20 "Odd-15-S-6";
19 0 0 21,1373 "Odd-15-A-6";
20 0 0 21,1372 "Odd-15-B-6";
21 0 1 22,23 "Odd-15-S-7";
22 0 0 24,1371 "Odd-15-A-7";
23 0 0 24,1370 "Odd-15-B-7";
24 0 1 25,26 "Odd-15-S-8";
25 0 0 27,1369 "Odd-15-A-8";
26 0 0 27,1368 "Odd-15-B-8";
27 0 1 28,29 "Odd-15-S-9";
28 0 0 45,1367 "Odd-15-A-9";
29 0 0 45,1366 "Odd-15-B-9";
30 0 0 46,1366 "Odd-14-B-9";
31 0 1 32,33 "Odd-14-S-5";
32 0 0 34,1375 "Odd-14-A-5";
33 0 0 34,1374 "Odd-14-B-5";
34 0 1 35,36 "Odd-14-S-6";
35 0 0 37,1373 "Odd-14-A-6";
36 0 0 37,1372 "Odd-14-B-6";
37 0 1 38,39 "Odd-14-S-7";
38 0 0 40,1371 "Odd-14-A-7";
39 0 0 40,1370 "Odd-14-B-7";
40 0 1 41,42 "Odd-14-S-8";
41 0 0 43,1369 "Odd-14-A-8";
42 0 0 43,1368 "Odd-14-B-8";
43 0 1 44,30 "Odd-14-S-9";
44 0 0 46,1367 "Odd-14-A-9";
45 0 1 89,90 "Odd-15-S-10";
46 0 1 47,48 "Odd-14-S-10";
47 0 0 49,1365 "Odd-14-A-10";
48 0 0 49,1364 "Odd-14-B-10";
49 0 1 50,51 "Odd-14-S-11";
50 0 0 52,1363 "Odd-14-A-11";
51 0 0 52,1362 "Odd-14-B-11";
52 0 1 53,54 "Odd-14-S-12";
53 0 0 55,1361 "Odd-14-A-12";
54 0 0 55,1360 "Odd-14-B-12";
55 0 1 56,57 "Odd-14-S-13";
56 0 0 58,1359 "Odd-14-A-13";
57 0 0 58,1358 "Odd-14-B-13";
58 0 1 1142,1356,1354,1352,1350,1348,1346,1344 "Odd-14-Z";
59 0 0 76,1367 "Odd-16-A-9";
60 0 0 61,1376 "Odd-16-B-4";
61 0 1 62,63 "Odd-16-S-5";
62 0 0 64,1375 "Odd-16-A-5";
63 0 0 64,1374 "Odd-16-B-5";
64 0 1 65,66 "Odd-16-S-6";
65 0 0 67,1373 "Odd-16-A-6";
66 0 0 67,1372 "Odd-16-B-6";
67 0 1 68,69 "Odd-16-S-7";
68 0 0 70,1371 "Odd-16-A-7";
69 0 0 70,1370 "Odd-16-B-7";
70 0 1 71,72 "Odd-16-S-8";
71 0 0 73,1369 "Odd-16-A-8";
72 0 0 73,1368 "Odd-16-B-8";
73 0 1 59,75 "Odd-16-S-9";
74 0 0 61,1377 "Odd-16-A-4";
75 0 0 76,1366 "Odd-16-B-9";
76 0 1 77,78 "Odd-16-S-10";
77 0 0 79,1365 "Odd-16-A-10";
78 0 0 79,1364 "Odd-16-B-10";
79 0 1 80,81 "Odd-16-S-11";
80 0 0 82,1363 "Odd-16-A-11";
81 0 0 82,1362 "Odd-16-B-11";
82 0 1 83,84 "Odd-16-S-12";
83 0 0 85,1361 "Odd-16-A-12";
84 0 0 85,1360 "Odd-16-B-12";
85 0 1 86,87 "Odd-16-S-13";
86 0 0 219,1359 "Odd-16-A-13";
87 0 0 219,1358 "Odd-16-B-13";
88 0 1 1091,1354,1352,1350,1348,1346,1344 "Odd-15-Z";
89 0 0 91,1365 "Odd-15-A-10";
90 0 0 91,1364 "Odd-15-B-10";
91 0 1 92,93 "Odd-15-S-11";
92 0 0 94,1363 "Odd-15-A-11";
93 0 0 94,1362 "Odd-15-B-11";
94 0 1 95,96 "Odd-15-S-12";
95 0 0 97,1361 "Odd-15-A-12";
96 0 0 97,1360 "Odd-15-B-12";
97 0 1 98,99 "Odd-15-S-13";
98 0 0 100,1359 "Odd-15-A-13";
99 0 0 100,1358 "Odd-15-B-13";
100 0 1 101,102 "Odd-15-S-14";
101 0 0 88,1357 "Odd-15-A-14";
102 0 0 88,1356 "Odd-15-B-14";
103 0 0 31,1376 "Odd-14-B-4";
104 0 1 105,106 "Odd-16-S-0";
105 0 0 107,1385 "Odd-16-A-0";
106 0 0 107,1384 "Odd-16-B-0";
107 0 1 108,109 "Odd-16-S-1";
108 0 0 110,1383 "Odd-16-A-1";
109 0 0 110,1382 "Odd-16-B-1";
110 0 1 111,112 "Odd-16-S-2";
111 0 0 113,1381 "Odd-16-A-2";
112 0 0 113,1380 "Odd-16-B-2";
113 0 1 114,115 "Odd-16-S-3";
114 0 0 116,1379 "Odd-16-A-3";
115 0 0 116,1378 "Odd-16-B-3";
116 0 1 74,60 "Odd-16-S-4";
117 0 1 133,134 "Odd-12-S-6";
118 0 0 120,1383 "Odd-12-A-1";
119 0 0 120,1382 "Odd-12-B-1";
120 0 1 121,122 "Odd-12-S-2";
121 0 0 123,1381 "Odd-12-A-2";
122 0 0 123,1380 "Odd-12-B-2";
123 0 1 124,125 "Odd-12-S-3";
124 0 0 126,1379 "Odd-12-A-3";
125 0 0 126,1378 "Odd-12-B-3";
126 0 1 127,128 "Odd-12-S-4";
127 0 0 129,1377 "Odd-12-A-4";
128 0 0 129,1376 "Odd-12-B-4";
129 0 1 130,131 "Odd-12-S-5";
130 0 0 117,1375 "Odd-12-A-5";
131 0 0 117,1374 "Odd-12-B-5";
132 0 1 118,119 "Odd-12-S-1";
133 0 0 135,1373 "Odd-12-A-6";
134 0 0 135,1372 "Odd-12-B-6";
135 0 1 136,137 "Odd-12-S-7";
136 0 0 138,1371 "Odd-12-A-7";
137 0 0 138,1370 "Odd-12-B-7";
138 0 1 139,140 "Odd-12-S-8";
139 0 0 141,1369 "Odd-12-A-8";
140 0 0 141,1368 "Odd-12-B-8";
141 0 1 142,143 "Odd-12-S-9";
142 0 0 144,1367 "Odd-12-A-9";
143 0 0 144,1366 "Odd-12-B-9";
144 0 1 145,161 "Odd-12-S-10";
145 0 0 205,1365 "Odd-12-A-10";
146 0 0 162,1370 "Odd-11-B-7";
147 0 1 148,149 "Odd-11-S-3";
148 0 0 150,1379 "Odd-11-A-3";
149 0 0 150,1378 "Odd-11-B-3";
150 0 1 151,152 "Odd-11-S-4";
151 0 0 153,1377 "Odd-11-A-4";
152 0 0 153,1376 "Odd-11-B-4";
153 0 1 154,155 "Odd-11-S-5";
154 0 0 156,1375 "Odd-11-A-5";
155 0 0 156,1374 "Odd-11-B-5";
156 0 1 157,158 "Odd-11-S-6";
157 0 0 159,1373 "Odd-11-A-6";
158 0 0 159,1372 "Odd-11-B-6";
159 0 1 160,146 "Odd-11-S-7";
160 0 0 162,1371 "Odd-11-A-7";
161 0 0 205,1364 "Odd-12-B-10";
162 0 1 163,164 "Odd-11-S-8";
163 0 0 165,1369 "Odd-11-A-8";
164 0 0 165,1368 "Odd-11-B-8";
165 0 1 166,167 "Odd-11-S-9";
166 0 0 168,1367 "Odd-11-A-9";
167 0 0 168,1366 "Odd-11-B-9";
168 0 1 169,170 "Odd-11-S-10";
169 0 0 171,1365 "Odd-11-A-10";
170 0 0 171,1364 "Odd-11-B-10";
171 0 1 873,1362,1360,1358,1356,1354,1352,1350,1348,1346,1344 "Odd-11-Z";
172 0 1 173,174 "Odd-12-S-0";
173 0 0 132,1385 "Odd-12-A-0";
174 0 0 132,1384 "Odd-12-B-0";
175 0 1 1119,1358,1356,1354,1352,1350,1348,1346,1344 "Odd-13-Z";
176 0 0 178,1369 "Odd-13-A-8";
177 0 0 178,1368 "Odd-13-B-8";
178 0 1 179,180 "Odd-13-S-9";
179 0 0 181,1367 "Odd-13-A-9";
180 0 0 181,1366 "Odd-13-B-9";
181 0 1 182,183 "Odd-13-S-10";
182 0 0 184,1365 "Odd-13-A-10";
183 0 0 184,1364 "Odd-13-B-10";
184 0 1 185,186 "Odd-13-S-11";
185 0 0 187,1363 "Odd-13-A-11";
186 0 0 187,1362 "Odd-13-B-11";
187 0 1 188,189 "Odd-13-S-12";
188 0 0 175,1361 "Odd-13-A-12";
189 0 0 175,1360 "Odd-13-B-12";
190 0 1 176,177 "Odd-13-S-8";
191 0 1 192,193 "Odd-14-S-0";
192 0 0 194,1385 "Odd-14-A-0";
193 0 0 194,1384 "Odd-14-B-0";
194 0 1 195,196 "Odd-14-S-1";
195 0 0 197,1383 "Odd-14-A-1";
196 0 0 197,1382 "Odd-14-B-1";
197 0 1 452,198 "Odd-14-S-2";
198 0 0 199,1380 "Odd-14-B-2";
199 0 1 200,201 "Odd-14-S-3";
200 0 0 202,1379 "Odd-14-A-3";
201 0 0 202,1378 "Odd-14-B-3";
202 0 1 203,103 "Odd-14-S-4";
203 0 0 31,1377 "Odd-14-A-4";
204 0 0 221,1379 "Odd-13-A-3";
205 0 1 206,207 "Odd-12-S-11";
206 0 0 208,1363 "Odd-12-A-11";
207 0 0 208,1362 "Odd-12-B-11";
208 0 1 802,1360,1358,1356,1354,1352,1350,1348,1346,1344 "Odd-12-Z";
209 0 1 210,211 "Odd-13-S-0";
210 0 0 212,1385 "Odd-13-A-0";
211 0 0 212,1384 "Odd-13-B-0";
212 0 1 213,214 "Odd-13-S-1";
213 0 0 215,1383 "Odd-13-A-1";
214 0 0 215,1382 "Odd-13-B-1";
215 0 1 216,217 "Odd-13-S-2";
216 0 0 218,1381 "Odd-13-A-2";
217 0 0 218,1380 "Odd-13-B-2";
218 0 1 204,220 "Odd-13-S-3";
219 0 1 380,381 "Odd-16-S-14";
220 0 0 221,1378 "Odd-13-B-3";
221 0 1 222,223 "Odd-13-S-4";
222 0 0 224,1377 "Odd-13-A-4";
223 0 0 224,1376 "Odd-13-B-4";
224 0 1 225,226 "Odd-13-S-5";
225 0 0 227,1375 "Odd-13-A-5";
226 0 0 227,1374 "Odd-13-B-5";
227 0 1 228,229 "Odd-13-S-6";
228 0 0 230,1373 "Odd-13-A-6";
229 0 0 230,1372 "Odd-13-B-6";
230 0 1 231,232 "Odd-13-S-7";
231 0 0 190,1371 "Odd-13-A-7";
232 0 0 190,1370 "Odd-13-B-7";
233 0 0 250,1355 "Odd-19-A-15";
234 0 0 235,1364 "Odd-19-B-10";
235 0 1 236,237 "Odd-19-S-11";
236 0 0 238,1363 "Odd-19-A-11";
237 0 0 238,1362 "Odd-19-B-11";
238 0 1 239,240 "Odd-19-S-12";
239 0 0 241,1361 "Odd-19-A-12";
240 0 0 241,1360 "Odd-19-B-12";
241 0 1 242,243 "Odd-19-S-13";
242 0 0 244,1359 "Odd-19-A-13";
243 0 0 244,1358 "Odd-19-B-13";
244 0 1 245,246 "Odd-19-S-14";
245 0 0 247,1357 "Odd-19-A-14";
246 0 0 247,1356 "Odd-19-B-14";
247 0 1 233,249 "Odd-19-S-15";
248 0 0 235,1365 "Odd-19-A-10";
249 0 0 250,1354 "Odd-19-B-15";
250 0 1 251,252 "Odd-19-S-16";
251 0 0 253,1353 "Odd-19-A-16";
252 0 0 253,1352 "Odd-19-B-16";
253 0 1 254,255 "Odd-19-S-17";
254 0 0 256,1351 "Odd-19-A-17";
255 0 0 256,1350 "Odd-19-B-17";
256 0 1 257,258 "Odd-19-S-18";
257 0 0 259,1349 "Odd-19-A-18";
258 0 0 259,1348 "Odd-19-B-18";
259 0 1 932,1346,1344 "Odd-19-Z";
260 0 1 261,262 "Odd-20-S-0";
261 0 0 278,1385 "Odd-20-A-0";
262 0 0 278,1384 "Odd-20-B-0";
263 0 0 279,1374 "Odd-19-B-5";
264 0 1 265,266 "Odd-19-S-1";
265 0 0 267,1383 "Odd-19-A-1";
266 0 0 267,1382 "Odd-19-B-1";
267 0 1 268,269 "Odd-19-S-2";
268 0 0 270,1381 "Odd-19-A-2";
269 0 0 270,1380 "Odd-19-B-2";
270 0 1 271,272 "Odd-19-S-3";
271 0 0 273,1379 "Odd-19-A-3";
272 0 0 273,1378 "Odd-19-B-3";
273 0 1 274,275 "Odd-19-S-4";
274 0 0 276,1377 "Odd-19-A-4";
275 0 0 276,1376 "Odd-19-B-4";
276 0 1 277,263 "Odd-19-S-5";
277 0 0 279,1375 "Odd-19-A-5";
278 0 1 322,323 "Odd-20-S-1";
279 0 1 280,281 "Odd-19-S-6";
280 0 0 282,1373 "Odd-19-A-6";
281 0 0 282,1372 "Odd-19-B-6";
282 0 1 283,284 "Odd-19-S-7";
283 0 0 285,1371 "Odd-19-A-7";
284 0 0 285,1370 "Odd-19-B-7";
285 0 1 286,287 "Odd-19-S-8";
286 0 0 288,1369 "Odd-19-A-8";
287 0 0 288,1368 "Odd-19-B-8";
288 0 1 289,290 "Odd-19-S-9";
289 0 0 291,1367 "Odd-19-A-9";
290 0 0 291,1366 "Odd-19-B-9";
291 0 1 248,234 "Odd-19-S-10";
292 0 0 308,1354 "Odd-20-B-15";
293 0 1 294,295 "Odd-20-S-11";
294 0 0 296,1363 "Odd-20-A-11";
295 0 0 296,1362 "Odd-20-B-11";
296 0 1 297,298 "Odd-20-S-12";
297 0 0 299,1361 "Odd-20-A-12";
298 0 0 299,1360 "Odd-20-B-12";
299 0 1 300,301 "Odd-20-S-13";
300 0 0 302,1359 "Odd-20-A-13";
301 0 0 302,1358 "Odd-20-B-13";
302 0 1 303,304 "Odd-20-S-14";
303 0 0 305,1357 "Odd-20-A-14";
304 0 0 305,1356 "Odd-20-B-14";
305 0 1 306,292 "Odd-20-S-15";
306 0 0 308,1355 "Odd-20-A-15";
307 0 0 293,1364 "Odd-20-B-10";
308 0 1 309,310 "Odd-20-S-16";
309 0 0 311,1353 "Odd-20-A-16";
310 0 0 311,1352 "Odd-20-B-16";
311 0 1 312,313 "Odd-20-S-17";
312 0 0 314,1351 "Odd-20-A-17";
313 0 0 314,1350 "Odd-20-B-17";
314 0 1 315,316 "Odd-20-S-18";
315 0 0 317,1349 "Odd-20-A-18";
316 0 0 317,1348 "Odd-20-B-18";
317 0 1 318,319 "Odd-20-S-19";
318 0 0 320,1347 "Odd-20-A-19";
319 0 0 320,1346 "Odd-20-B-19";
320 0 1 902,1344 "Odd-20-Z";
321 0 1 337,338 "Odd-20-S-6";
322 0 0 324,1383 "Odd-20-A-1";
323 0 0 324,1382 "Odd-20-B-1";
324 0 1 325,326 "Odd-20-S-2";
325 0 0 327,1381 "Odd-20-A-2";
326 0 0 327,1380 "Odd-20-B-2";
327 0 1 328,329 "Odd-20-S-3";
328 0 0 330,1379 "Odd-20-A-3";
329 0 0 330,1378 "Odd-20-B-3";
330 0 1 331,332 "Odd-20-S-4";
331 0 0 333,1377 "Odd-20-A-4";
332 0 0 333,1376 "Odd-20-B-4";
333 0 1 334,335 "Odd-20-S-5";
334 0 0 321,1375 "Odd-20-A-5";
335 0 0 321,1374 "Odd-20-B-5";
336 0 0 264,1384 "Odd-19-B-0";
337 0 0 339,1373 "Odd-20-A-6";
338 0 0 339,1372 "Odd-20-B-6";
339 0 1 340,341 "Odd-20-S-7";
340 0 0 342,1371 "Odd-20-A-7";
341 0 0 342,1370 "Odd-20-B-7";
342 0 1 343,344 "Odd-20-S-8";
343 0 0 345,1369 "Odd-20-A-8";
344 0 0 345,1368 "Odd-20-B-8";
345 0 1 346,347 "Odd-20-S-9";
346 0 0 348,1367 "Odd-20-A-9";
347 0 0 348,1366 "Odd-20-B-9";
348 0 1 349,307 "Odd-20-S-10";
349 0 0 293,1365 "Odd-20-A-10";
350 0 0 367,1361 "Odd-17-A-12";
351 0 0 352,1370 "Odd-17-B-7";
352 0 1 353,354 "Odd-17-S-8";
353 0 0 355,1369 "Odd-17-A-8";
354 0 0 355,1368 "Odd-17-B-8";
355 0 1 356,357 "Odd-17-S-9";
356 0 0 358,1367 "Odd-17-A-9";
357 0 0 358,1366 "Odd-17-B-9";
358 0 1 359,360 "Odd-17-S-10";
359 0 0 361,1365 "Odd-17-A-10";
360 0 0 361,1364 "Odd-17-B-10";
361 0 1 362,363 "Odd-17-S-11";
362 0 0 364,1363 "Odd-17-A-11";
363 0 0 364,1362 "Odd-17-B-11";
364 0 1 350,366 "Odd-17-S-12";
365 0 0 352,1371 "Odd-17-A-7";
366 0 0 367,1360 "Odd-17-B-12";
367 0 1 368,369 "Odd-17-S-13";
368 0 0 370,1359 "Odd-17-A-13";
369 0 0 370,1358 "Odd-17-B-13";
370 0 1 371,372 "Odd-17-S-14";
371 0 0 373,1357 "Odd-17-A-14";
372 0 0 373,1356 "Odd-17-B-14";
373 0 1 374,375 "Odd-17-S-15";
374 0 0 376,1355 "Odd-17-A-15";
375 0 0 376,1354 "Odd-17-B-15";
376 0 1 377,378 "Odd-17-S-16";
377 0 0 394,1353 "Odd-17-A-16";
378 0 0 394,1352 "Odd-17-B-16";
379 0 0 395,1380 "Odd-17-B-2";
380 0 0 382,1357 "Odd-16-A-14";
381 0 0 382,1356 "Odd-16-B-14";
382 0 1 383,384 "Odd-16-S-15";
383 0 0 385,1355 "Odd-16-A-15";
384 0 0 385,1354 "Odd-16-B-15";
385 0 1 1217,1352,1350,1348,1346,1344 "Odd-16-Z";
386 0 1 387,388 "Odd-17-S-0";
387 0 0 389,1385 "Odd-17-A-0";
388 0 0 389,1384 "Odd-17-B-0";
389 0 1 390,391 "Odd-17-S-1";
390 0 0 392,1383 "Odd-17-A-1";
391 0 0 392,1382 "Odd-17-B-1";
392 0 1 393,379 "Odd-17-S-2";
393 0 0 395,1381 "Odd-17-A-2";
394 0 1 760,1350,1348,1346,1344 "Odd-17-Z";
395 0 1 396,397 "Odd-17-S-3";
396 0 0 398,1379 "Odd-17-A-3";
397 0 0 398,1378 "Odd-17-B-3";
398 0 1 399,400 "Odd-17-S-4";
399 0 0 401,1377 "Odd-17-A-4";
400 0 0 401,1376 "Odd-17-B-4";
401 0 1 402,403 "Odd-17-S-5";
402 0 0 404,1375 "Odd-17-A-5";
403 0 0 404,1374 "Odd-17-B-5";
404 0 1 405,406 "Odd-17-S-6";
405 0 0 407,1373 "Odd-17-A-6";
406 0 0 407,1372 "Odd-17-B-6";
407 0 1 365,351 "Odd-17-S-7";
408 0 0 425,1357 "Odd-18-A-14";
409 0 0 410,1366 "Odd-18-B-9";
410 0 1 411,412 "Odd-18-S-10";
411 0 0 413,1365 "Odd-18-A-10";
412 0 0 413,1364 "Odd-18-B-10";
413 0 1 414,415 "Odd-18-S-11";
414 0 0 416,1363 "Odd-18-A-11";
415 0 0 416,1362 "Odd-18-B-11";
416 0 1 417,418 "Odd-18-S-12";
417 0 0 419,1361 "Odd-18-A-12";
418 0 0 419,1360 "Odd-18-B-12";
419 0 1 420,421 "Odd-18-S-13";
420 0 0 422,1359 "Odd-18-A-13";
421 0 0 422,1358 "Odd-18-B-13";
422 0 1 408,424 "Odd-18-S-14";
423 0 0 410,1367 "Odd-18-A-9";
424 0 0 425,1356 "Odd-18-B-14";
425 0 1 426,427 "Odd-18-S-15";
426 0 0 428,1355 "Odd-18-A-15";
427 0 0 428,1354 "Odd-18-B-15";
428 0 1 429,430 "Odd-18-S-16";
429 0 0 431,1353 "Odd-18-A-16";
430 0 0 431,1352 "Odd-18-B-16";
431 0 1 432,433 "Odd-18-S-17";
432 0 0 434,1351 "Odd-18-A-17";
433 0 0 434,1350 "Odd-18-B-17";
434 0 1 655,1348,1346,1344 "Odd-18-Z";
435 0 1 436,336 "Odd-19-S-0";
436 0 0 264,1385 "Odd-19-A-0";
437 0 0 453,1376 "Odd-18-B-4";
438 0 1 439,440 "Odd-18-S-0";
439 0 0 441,1385 "Odd-18-A-0";
440 0 0 441,1384 "Odd-18-B-0";
441 0 1 442,443 "Odd-18-S-1";
442 0 0 444,1383 "Odd-18-A-1";
443 0 0 444,1382 "Odd-18-B-1";
444 0 1 445,446 "Odd-18-S-2";
445 0 0 447,1381 "Odd-18-A-2";
446 0 0 447,1380 "Odd-18-B-2";
447 0 1 448,449 "Odd-18-S-3";
448 0 0 450,1379 "Odd-18-A-3";
449 0 0 450,1378 "Odd-18-B-3";
450 0 1 451,437 "Odd-18-S-4";
451 0 0 453,1377 "Odd-18-A-4";
452 0 0 199,1381 "Odd-14-A-2";
453 0 1 454,455 "Odd-18-S-5";
454 0 0 456,1375 "Odd-18-A-5";
455 0 0 456,1374 "Odd-18-B-5";
456 0 1 457,458 "Odd-18-S-6";
457 0 0 459,1373 "Odd-18-A-6";
458 0 0 459,1372 "Odd-18-B-6";
459 0 1 460,461 "Odd-18-S-7";
460 0 0 462,1371 "Odd-18-A-7";
461 0 0 462,1370 "Odd-18-B-7";
462 0 1 463,464 "Odd-18-S-8";
463 0 0 465,1369 "Odd-18-A-8";
464 0 0 465,1368 "Odd-18-B-8";
465 0 1 423,409 "Odd-18-S-9";
466 0 1 477,478 "Odd-8-S-5";
467 0 1 468,469 "Odd-8-S-2";
468 0 0 470,1381 "Odd-8-A-2";
469 0 0 470,1380 "Odd-8-B-2";
470 0 1 471,472 "Odd-8-S-3";
471 0 0 473,1379 "Odd-8-A-3";
472 0 0 473,1378 "Odd-8-B-3";
473 0 1 474,475 "Odd-8-S-4";
474 0 0 466,1377 "Odd-8-A-4";
475 0 0 466,1376 "Odd-8-B-4";
476 0 0 467,1382 "Odd-8-B-1";
477 0 0 479,1375 "Odd-8-A-5";
478 0 0 479,1374 "Odd-8-B-5";
479 0 1 480,481 "Odd-8-S-6";
480 0 0 482,1373 "Odd-8-A-6";
481 0 0 482,1372 "Odd-8-B-6";
482 0 1 483,484 "Odd-8-S-7";
483 0 0 485,1371 "Odd-8-A-7";
484 0 0 485,1370 "Odd-8-B-7";
485 0 1 1218,1368,1366,1364,1362,1360,1358,1356,1354,1352,1350,1348,1346,1344 "Odd-8-Z";
486 0 0 497,1374 "Odd-7-B-5";
487 0 0 488,1380 "Odd-7-B-2";
488 0 1 489,490 "Odd-7-S-3";
489 0 0 491,1379 "Odd-7-A-3";
490 0 0 491,1378 "Odd-7-B-3";
491 0 1 492,493 "Odd-7-S-4";
492 0 0 494,1377 "Odd-7-A-4";
493 0 0 494,1376 "Odd-7-B-4";
494 0 1 495,486 "Odd-7-S-5";
495 0 0 497,1375 "Odd-7-A-5";
496 0 1 527,528 "Odd-9-S-0";
497 0 1 498,499 "Odd-7-S-6";
498 0 0 500,1373 "Odd-7-A-6";
499 0 0 500,1372 "Odd-7-B-6";
500 0 1 745,1370,1368,1366,1364,1362,1360,1358,1356,1354,1352,1350,1348,1346,1344 "Odd-7-Z";
501 0 1 502,503 "Odd-8-S-0";
502 0 0 504,1385 "Odd-8-A-0";
503 0 0 504,1384 "Odd-8-B-0";
504 0 1 505,476 "Odd-8-S-1";
505 0 0 467,1383 "Odd-8-A-1";
506 0 0 518,1385 "Odd-10-A-0";
507 0 0 508,1372 "Odd-9-B-6";
508 0 1 509,510 "Odd-9-S-7";
509 0 0 511,1371 "Odd-9-A-7";
510 0 0 511,1370 "Odd-9-B-7";
511 0 1 512,513 "Odd-9-S-8";
512 0 0 514,1369 "Odd-9-A-8";
513 0 0 514,1368 "Odd-9-B-8";
514 0 1 1092,1366,1364,1362,1360,1358,1356,1354,1352,1350,1348,1346,1344 "Odd-9-Z";
515 0 1 506,517 "Odd-10-S-0";
516 0 0 508,1373 "Odd-9-A-6";
517 0 0 518,1384 "Odd-10-B-0";
518 0 1 519,520 "Odd-10-S-1";
519 0 0 521,1383 "Odd-10-A-1";
520 0 0 521,1382 "Odd-10-B-1";
521 0 1 522,523 "Odd-10-S-2";
522 0 0 524,1381 "Odd-10-A-2";
523 0 0 524,1380 "Odd-10-B-2";
524 0 1 525,627 "Odd-10-S-3";
525 0 0 633,1379 "Odd-10-A-3";
526 0 0 538,1379 "Odd-9-A-3";
527 0 0 529,1385 "Odd-9-A-0";
528 0 0 529,1384 "Odd-9-B-0";
529 0 1 530,531 "Odd-9-S-1";
530 0 0 532,1383 "Odd-9-A-1";
531 0 0 532,1382 "Odd-9-B-1";
532 0 1 533,534 "Odd-9-S-2";
533 0 0 535,1381 "Odd-9-A-2";
534 0 0 535,1380 "Odd-9-B-2";
535 0 1 526,537 "Odd-9-S-3";
536 0 0 488,1381 "Odd-7-A-2";
537 0 0 538,1378 "Odd-9-B-3";
538 0 1 539,540 "Odd-9-S-4";
539 0 0 541,1377 "Odd-9-A-4";
540 0 0 541,1376 "Odd-9-B-4";
541 0 1 542,543 "Odd-9-S-5";
542 0 0 544,1375 "Odd-9-A-5";
543 0 0 544,1374 "Odd-9-B-5";
544 0 1 516,507 "Odd-9-S-6";
545 0 1 556,557 "Odd-4-S-2";
546 0 0 548,1381 "Odd-3-A-2";
547 0 0 548,1380 "Odd-3-B-2";
548 0 1 907,1378,1376,1374,1372,1370,1368,1366,1364,1362,1360,1358,1356,1354,1352,1350,1348,1346,1344 "Odd-3-Z";
549 0 1 550,551 "Odd-4-S-0";
550 0 0 552,1385 "Odd-4-A-0";
551 0 0 552,1384 "Odd-4-B-0";
552 0 1 553,554 "Odd-4-S-1";
553 0 0 545,1383 "Odd-4-A-1";
554 0 0 545,1382 "Odd-4-B-1";
555 0 1 546,547 "Odd-3-S-2";
556 0 0 558,1381 "Odd-4-A-2";
557 0 0 558,1380 "Odd-4-B-2";
558 0 1 559,560 "Odd-4-S-3";
559 0 0 561,1379 "Odd-4-A-3";
560 0 0 561,1378 "Odd-4-B-3";
561 0 1 959,1376,1374,1372,1370,1368,1366,1364,1362,1360,1358,1356,1354,1352,1350,1348,1346,1344 "Odd-4-Z";
562 0 1 563,564 "Odd-5-S-0";
563 0 0 575,1385 "Odd-5-A-0";
564 0 0 575,1384 "Odd-5-B-0";
565 0 0 577,1383 "Odd-2-A-1";
566 0 1 887,1384,1382,1380,1378,1376,1374,1372,1370,1368,1366,1364,1362,1360,1358,1356,1354,1352,1350,1348,1346,1344 "Odd-0-Z";
567 0 1 568,569 "Odd-1-S-0";
568 0 0 570,1385 "Odd-1-A-0";
569 0 0 570,1384 "Odd-1-B-0";
570 0 1 882,1382,1380,1378,1376,1374,1372,1370,1368,1366,1364,1362,1360,1358,1356,1354,1352,1350,1348,1346,1344 "Odd-1-Z";
571 0 1 572,573 "Odd-2-S-0";
572 0 0 574,1385 "Odd-2-A-0";
573 0 0 574,1384 "Odd-2-B-0";
574 0 1 565,576 "Odd-2-S-1";
575 0 1 605,606 "Odd-5-S-1";
576 0 0 577,1382 "Odd-2-B-1";
577 0 1 874,1380,1378,1376,1374,1372,1370,1368,1366,1364,1362,1360,1358,1356,1354,1352,1350,1348,1346,1344 "Odd-2-Z";
578 0 1 579,580 "Odd-3-S-0";
579 0 0 581,1385 "Odd-3-A-0";
580 0 0 581,1384 "Odd-3-B-0";
581 0 1 582,583 "Odd-3-S-1";
582 0 0 555,1383 "Odd-3-A-1";
583 0 0 555,1382 "Odd-3-B-1";
584 0 0 596,1375 "Odd-6-A-5";
585 0 0 587,1381 "Odd-6-A-2";
586 0 0 587,1380 "Odd-6-B-2";
587 0 1 588,589 "Odd-6-S-3";
588 0 0 590,1379 "Odd-6-A-3";
589 0 0 590,1378 "Odd-6-B-3";
590 0 1 591,592 "Odd-6-S-4";
591 0 0 593,1377 "Odd-6-A-4";
592 0 0 593,1376 "Odd-6-B-4";
593 0 1 584,595 "Odd-6-S-5";
594 0 1 585,586 "Odd-6-S-2";
595 0 0 596,1374 "Odd-6-B-5";
596 0 1 723,1372,1370,1368,1366,1364,1362,1360,1358,1356,1354,1352,1350,1348,1346,1344 "Odd-6-Z";
597 0 1 598,599 "Odd-7-S-0";
598 0 0 600,1385 "Odd-7-A-0";
599 0 0 600,1384 "Odd-7-B-0";
600 0 1 601,602 "Odd-7-S-1";
601 0 0 603,1383 "Odd-7-A-1";
602 0 0 603,1382 "Odd-7-B-1";
603 0 1 536,487 "Odd-7-S-2";
604 0 0 616,1377 "Odd-5-A-4";
605 0 0 607,1383 "Odd-5-A-1";
606 0 0 607,1382 "Odd-5-B-1";
607 0 1 608,609 "Odd-5-S-2";
608 0 0 610,1381 "Odd-5-A-2";
609 0 0 610,1380 "Odd-5-B-2";
610 0 1 611,612 "Odd-5-S-3";
611 0 0 613,1379 "Odd-5-A-3";
612 0 0 613,1378 "Odd-5-B-3";
613 0 1 604,615 "Odd-5-S-4";
614 0 0 147,1381 "Odd-11-A-2";
615 0 0 616,1376 "Odd-5-B-4";
616 0 1 704,1374,1372,1370,1368,1366,1364,1362,1360,1358,1356,1354,1352,1350,1348,1346,1344 "Odd-5-Z";
617 0 1 618,619 "Odd-6-S-0";
618 0 0 620,1385 "Odd-6-A-0";
619 0 0 620,1384 "Odd-6-B-0";
620 0 1 621,622 "Odd-6-S-1";
621 0 0 594,1383 "Odd-6-A-1";
622 0 0 594,1382 "Odd-6-B-1";
623 0 0 628,1366 "Odd-10-B-9";
624 0 0 646,1384 "Odd-11-B-0";
625 0 0 646,1385 "Odd-11-A-0";
626 0 1 625,624 "Odd-11-S-0";
627 0 0 633,1378 "Odd-10-B-3";
628 0 1 1123,1364,1362,1360,1358,1356,1354,1352,1350,1348,1346,1344 "Odd-10-Z";
629 0 0 630,1374 "Odd-10-B-5";
630 0 1 631,632 "Odd-10-S-6";
631 0 0 641,1373 "Odd-10-A-6";
632 0 0 641,1372 "Odd-10-B-6";
633 0 1 642,643 "Odd-10-S-4";
634 0 0 628,1367 "Odd-10-A-9";
635 0 1 634,623 "Odd-10-S-9";
636 0 0 635,1368 "Odd-10-B-8";
637 0 0 635,1369 "Odd-10-A-8";
638 0 1 637,636 "Odd-10-S-8";
639 0 0 638,1370 "Odd-10-B-7";
640 0 0 638,1371 "Odd-10-A-7";
641 0 1 640,639 "Odd-10-S-7";
642 0 0 644,1377 "Odd-10-A-4";
643 0 0 644,1376 "Odd-10-B-4";
644 0 1 645,629 "Odd-10-S-5";
645 0 0 630,1375 "Odd-10-A-5";
646 0 1 647,650 "Odd-11-S-1";
647 0 0 649,1383 "Odd-11-A-1";
648 0 0 147,1380 "Odd-11-B-2";
649 0 1 614,648 "Odd-11-S-2";
650 0 0 649,1382 "Odd-11-B-1";
651 1 1 653,1365 "Even-12-B-10";
652 1 1 659,1353 "Even-18-B-16";
653 1 0 654,804 "Even-12-S-11";
654 1 1 803,1362 "Even-12-A-11";
655 1 0 1391,438 "Odd-18-T";
656 1 0 1323,1347,1345 "Even-18-Z";
657 1 1 656,1351 "Even-18-B-17";
658 1 1 656,1350 "Even-18-A-17";
659 1 0 658,657 "Even-18-S-17";
660 1 0 687,688 "Even-18-S-15";
661 1 1 653,1364 "Even-12-A-10";
662 1 0 661,651 "Even-12-S-10";
663 1 1 662,1367 "Even-12-B-9";
664 1 1 662,1366 "Even-12-A-9";
665 1 0 664,663 "Even-12-S-9";
666 1 1 665,1369 "Even-12-B-8";
667 1 1 665,1368 "Even-12-A-8";
668 1 0 667,666 "Even-12-S-8";
669 1 1 668,1371 "Even-12-B-7";
670 1 0 681,682 "Even-18-S-13";
671 1 1 993,1377 "Even-19-B-4";
672 1 1 759,1352 "Even-17-A-16";
673 1 1 993,1376 "Even-19-A-4";
674 1 0 673,671 "Even-19-S-4";
675 1 1 674,1379 "Even-19-B-3";
676 1 1 674,1378 "Even-19-A-3";
677 1 0 676,675 "Even-19-S-3";
678 1 1 677,1381 "Even-19-B-2";
679 1 1 670,1361 "Even-18-B-12";
680 1 1 659,1352 "Even-18-A-16";
681 1 1 683,1358 "Even-18-A-13";
682 1 1 683,1359 "Even-18-B-13";
683 1 0 684,685 "Even-18-S-14";
684 1 1 660,1356 "Even-18-A-14";
685 1 1 660,1357 "Even-18-B-14";
686 1 0 1326,1371,1369,1367,1365,1363,1361,1359,1357,1355,1353,1351,1349,1347,1345 "Even-6-Z";
687 1 1 689,1354 "Even-18-A-15";
688 1 1 689,1355 "Even-18-B-15";
689 1 0 680,652 "Even-18-S-16";
690 1 0 700,699 "Even-12-S-3";
691 1 1 733,1372 "Even-12-A-6";
692 1 0 691,701 "Even-12-S-6";
693 1 1 692,1375 "Even-12-B-5";
694 1 1 692,1374 "Even-12-A-5";
695 1 0 694,693 "Even-12-S-5";
696 1 1 695,1377 "Even-12-B-4";
697 1 1 695,1376 "Even-12-A-4";
698 1 0 697,696 "Even-12-S-4";
699 1 1 698,1379 "Even-12-B-3";
700 1 1 698,1378 "Even-12-A-3";
701 1 1 733,1373 "Even-12-B-6";
702 1 1 690,1381 "Even-12-B-2";
703 1 1 690,1380 "Even-12-A-2";
704 1 0 1417,562 "Odd-5-T";
705 1 1 677,1380 "Even-19-A-2";
706 1 0 707,708 "Even-19-S-0";
707 1 1 709,1384 "Even-19-A-0";
708 1 1 709,1385 "Even-19-B-0";
709 1 0 710,711 "Even-19-S-1";
710 1 1 713,1382 "Even-19-A-1";
711 1 1 713,1383 "Even-19-B-1";
712 1 1 722,1381 "Even-6-B-2";
713 1 0 705,678 "Even-19-S-2";
714 1 1 686,1375 "Even-6-B-5";
715 1 1 686,1374 "Even-6-A-5";
716 1 0 715,714 "Even-6-S-5";
717 1 1 716,1377 "Even-6-B-4";
718 1 1 716,1376 "Even-6-A-4";
719 1 0 718,717 "Even-6-S-4";
720 1 1 719,1379 "Even-6-B-3";
721 1 1 719,1378 "Even-6-A-3";
722 1 0 721,720 "Even-6-S-3";
723 1 0 1415,617 "Odd-6-T";
724 1 1 722,1380 "Even-6-A-2";
725 1 0 724,712 "Even-6-S-2";
726 1 1 725,1383 "Even-6-B-1";
727 1 1 725,1382 "Even-6-A-1";
728 1 0 727,726 "Even-6-S-1";
729 1 1 728,1385 "Even-6-B-0";
730 1 1 728,1384 "Even-6-A-0";
731 1 0 730,729 "Even-6-S-0";
732 1 1 668,1370 "Even-12-A-7";
733 1 0 732,669 "Even-12-S-7";
734 1 1 744,1379 "Even-7-B-3";
735 1 0 1325,1369,1367,1365,1363,1361,1359,1357,1355,1353,1351,1349,1347,1345 "Even-7-Z";
736 1 1 735,1373 "Even-7-B-6";
737 1 1 735,1372 "Even-7-A-6";
738 1 0 737,736 "Even-7-S-6";
739 1 1 738,1375 "Even-7-B-5";
740 1 1 738,1374 "Even-7-A-5";
741 1 0 740,739 "Even-7-S-5";
742 1 1 741,1377 "Even-7-B-4";
743 1 1 741,1376 "Even-7-A-4";
744 1 0 743,742 "Even-7-S-4";
745 1 0 1413,597 "Odd-7-T";
746 1 1 744,1378 "Even-7-A-3";
747 1 0 746,734 "Even-7-S-3";
748 1 1 747,1381 "Even-7-B-2";
749 1 1 747,1380 "Even-7-A-2";
750 1 0 749,748 "Even-7-S-2";
751 1 1 750,1383 "Even-7-B-1";
752 1 1 750,1382 "Even-7-A-1";
753 1 0 752,751 "Even-7-S-1";
754 1 1 753,1385 "Even-7-B-0";
755 1 1 753,1384 "Even-7-A-0";
756 1 1 769,1380 "Even-11-A-2";
757 1 1 800,1374 "Even-11-A-5";
758 1 1 759,1353 "Even-17-B-16";
759 1 0 1324,1349,1347,1345 "Even-17-Z";
760 1 0 1393,386 "Odd-17-T";
761 1 1 763,1384 "Even-11-A-0";
762 1 1 763,1385 "Even-11-B-0";
763 1 0 764,765 "Even-11-S-1";
764 1 1 766,1382 "Even-11-A-1";
765 1 1 766,1383 "Even-11-B-1";
766 1 0 756,768 "Even-11-S-2";
767 1 0 755,754 "Even-7-S-0";
768 1 1 769,1381 "Even-11-B-2";
769 1 0 770,771 "Even-11-S-3";
770 1 1 772,1378 "Even-11-A-3";
771 1 1 772,1379 "Even-11-B-3";
772 1 0 773,774 "Even-11-S-4";
773 1 1 775,1376 "Even-11-A-4";
774 1 1 775,1377 "Even-11-B-4";
775 1 0 757,776 "Even-11-S-5";
776 1 1 800,1375 "Even-11-B-5";
777 1 1 789,1369 "Even-18-B-8";
778 1 1 780,1374 "Even-18-A-5";
779 1 1 780,1375 "Even-18-B-5";
780 1 0 781,782 "Even-18-S-6";
781 1 1 783,1372 "Even-18-A-6";
782 1 1 783,1373 "Even-18-B-6";
783 1 0 784,785 "Even-18-S-7";
784 1 1 786,1370 "Even-18-A-7";
785 1 1 786,1371 "Even-18-B-7";
786 1 0 787,777 "Even-18-S-8";
787 1 1 789,1368 "Even-18-A-8";
788 1 0 778,779 "Even-18-S-5";
789 1 0 790,791 "Even-18-S-9";
790 1 1 792,1366 "Even-18-A-9";
791 1 1 792,1367 "Even-18-B-9";
792 1 0 793,794 "Even-18-S-10";
793 1 1 795,1364 "Even-18-A-10";
794 1 1 795,1365 "Even-18-B-10";
795 1 0 796,797 "Even-18-S-11";
796 1 1 798,1362 "Even-18-A-11";
797 1 1 798,1363 "Even-18-B-11";
798 1 0 810,679 "Even-18-S-12";
799 1 1 811,1383 "Even-18-B-1";
800 1 0 801,1002 "Even-11-S-6";
801 1 1 1003,1372 "Even-11-A-6";
802 1 0 1403,172 "Odd-12-T";
803 1 0 1336,1359,1357,1355,1353,1351,1349,1347,1345 "Even-12-Z";
804 1 1 803,1363 "Even-12-B-11";
805 1 0 806,807 "Even-18-S-0";
806 1 1 808,1384 "Even-18-A-0";
807 1 1 808,1385 "Even-18-B-0";
808 1 0 809,799 "Even-18-S-1";
809 1 1 811,1382 "Even-18-A-1";
810 1 1 670,1360 "Even-18-A-12";
811 1 0 812,813 "Even-18-S-2";
812 1 1 814,1380 "Even-18-A-2";
813 1 1 814,1381 "Even-18-B-2";
814 1 0 815,816 "Even-18-S-3";
815 1 1 817,1378 "Even-18-A-3";
816 1 1 817,1379 "Even-18-B-3";
817 1 0 818,819 "Even-18-S-4";
818 1 1 788,1376 "Even-18-A-4";
819 1 1 788,1377 "Even-18-B-4";
820 1 1 834,1360 "Even-20-A-12";
821 1 1 822,1369 "Even-20-B-8";
822 1 0 823,824 "Even-20-S-9";
823 1 1 825,1366 "Even-20-A-9";
824 1 1 825,1367 "Even-20-B-9";
825 1 0 826,827 "Even-20-S-10";
826 1 1 828,1364 "Even-20-A-10";
827 1 1 828,1365 "Even-20-B-10";
828 1 0 829,830 "Even-20-S-11";
829 1 1 831,1362 "Even-20-A-11";
830 1 1 831,1363 "Even-20-B-11";
831 1 0 820,833 "Even-20-S-12";
832 1 1 822,1368 "Even-20-A-8";
833 1 1 834,1361 "Even-20-B-12";
834 1 0 835,836 "Even-20-S-13";
835 1 1 837,1358 "Even-20-A-13";
836 1 1 837,1359 "Even-20-B-13";
837 1 0 838,839 "Even-20-S-14";
838 1 1 840,1356 "Even-20-A-14";
839 1 1 840,1357 "Even-20-B-14";
840 1 0 841,842 "Even-20-S-15";
841 1 1 855,1354 "Even-20-A-15";
842 1 1 855,1355 "Even-20-B-15";
843 1 1 856,1377 "Even-20-B-4";
844 1 0 845,846 "Even-20-S-1";
845 1 1 847,1382 "Even-20-A-1";
846 1 1 847,1383 "Even-20-B-1";
847 1 0 848,849 "Even-20-S-2";
848 1 1 850,1380 "Even-20-A-2";
849 1 1 850,1381 "Even-20-B-2";
850 1 0 851,852 "Even-20-S-3";
851 1 1 853,1378 "Even-20-A-3";
852 1 1 853,1379 "Even-20-B-3";
853 1 0 854,843 "Even-20-S-4";
854 1 1 856,1376 "Even-20-A-4";
855 1 0 890,891 "Even-20-S-16";
856 1 0 857,858 "Even-20-S-5";
857 1 1 859,1374 "Even-20-A-5";
858 1 1 859,1375 "Even-20-B-5";
859 1 0 860,861 "Even-20-S-6";
860 1 1 862,1372 "Even-20-A-6";
861 1 1 862,1373 "Even-20-B-6";
862 1 0 863,864 "Even-20-S-7";
863 1 1 865,1370 "Even-20-A-7";
864 1 1 865,1371 "Even-20-B-7";
865 1 0 832,821 "Even-20-S-8";
866 1 0 877,876 "Even-2-S-1";
867 1 1 911,1382 "Even-3-A-1";
868 1 0 867,878 "Even-3-S-1";
869 1 1 868,1385 "Even-3-B-0";
870 1 1 868,1384 "Even-3-A-0";
871 1 0 870,869 "Even-3-S-0";
872 1 0 1338,1361,1359,1357,1355,1353,1351,1349,1347,1345 "Even-11-Z";
873 1 0 1405,626 "Odd-11-T";
874 1 0 1423,571 "Odd-2-T";
875 1 0 1332,1379,1377,1375,1373,1371,1369,1367,1365,1363,1361,1359,1357,1355,1353,1351,1349,1347,1345 "Even-2-Z";
876 1 1 875,1383 "Even-2-B-1";
877 1 1 875,1382 "Even-2-A-1";
878 1 1 911,1383 "Even-3-B-1";
879 1 1 866,1385 "Even-2-B-0";
880 1 1 866,1384 "Even-2-A-0";
881 1 0 880,879 "Even-2-S-0";
882 1 0 1425,567 "Odd-1-T";
883 1 0 1334,1381,1379,1377,1375,1373,1371,1369,1367,1365,1363,1361,1359,1357,1355,1353,1351,1349,1347,1345 "Even-1-Z";
884 1 1 883,1385 "Even-1-B-0";
885 1 1 883,1384 "Even-1-A-0";
886 1 0 885,884 "Even-1-S-0";
887 1 0 1427,566 "Odd-0-T";
888 1 0 1335,1383,1381,1379,1377,1375,1373,1371,1369,1367,1365,1363,1361,1359,1357,1355,1353,1351,1349,1347,1345 "Even-0-Z";
889 1 0 1341 "Even-20-Z";
890 1 1 892,1352 "Even-20-A-16";
891 1 1 892,1353 "Even-20-B-16";
892 1 0 893,894 "Even-20-S-17";
893 1 1 895,1350 "Even-20-A-17";
894 1 1 895,1351 "Even-20-B-17";
895 1 0 896,897 "Even-20-S-18";
896 1 1 898,1348 "Even-20-A-18";
897 1 1 898,1349 "Even-20-B-18";
898 1 0 899,900 "Even-20-S-19";
899 1 1 889,1346 "Even-20-A-19";
900 1 1 889,1347 "Even-20-B-19";
901 1 1 844,1385 "Even-20-B-0";
902 1 0 1387,260 "Odd-20-T";
903 1 1 904,1367 "Even-11-B-9";
904 1 0 905,906 "Even-11-S-10";
905 1 1 872,1364 "Even-11-A-10";
906 1 1 872,1365 "Even-11-B-10";
907 1 0 1421,578 "Odd-3-T";
908 1 0 1330,1377,1375,1373,1371,1369,1367,1365,1363,1361,1359,1357,1355,1353,1351,1349,1347,1345 "Even-3-Z";
909 1 1 908,1381 "Even-3-B-2";
910 1 1 908,1380 "Even-3-A-2";
911 1 0 910,909 "Even-3-S-2";
912 1 1 925,1353 "Even-19-B-16";
913 1 0 914,915 "Even-19-S-13";
914 1 1 916,1358 "Even-19-A-13";
915 1 1 916,1359 "Even-19-B-13";
916 1 0 917,918 "Even-19-S-14";
917 1 1 919,1356 "Even-19-A-14";
918 1 1 919,1357 "Even-19-B-14";
919 1 0 920,921 "Even-19-S-15";
920 1 1 922,1354 "Even-19-A-15";
921 1 1 922,1355 "Even-19-B-15";
922 1 0 923,912 "Even-19-S-16";
923 1 1 925,1352 "Even-19-A-16";
924 1 1 913,1361 "Even-19-B-12";
925 1 0 926,927 "Even-19-S-17";
926 1 1 928,1350 "Even-19-A-17";
927 1 1 928,1351 "Even-19-B-17";
928 1 0 929,930 "Even-19-S-18";
929 1 1 931,1348 "Even-19-A-18";
930 1 1 931,1349 "Even-19-B-18";
931 1 0 1331,1345 "Even-19-Z";
932 1 0 1389,435 "Odd-19-T";
933 1 0 1340,1373,1371,1369,1367,1365,1363,1361,1359,1357,1355,1353,1351,1349,1347,1345 "Even-5-Z";
934 1 1 933,1377 "Even-5-B-4";
935 1 0 948,949 "Even-19-S-9";
936 1 1 938,1374 "Even-19-A-5";
937 1 1 938,1375 "Even-19-B-5";
938 1 0 939,940 "Even-19-S-6";
939 1 1 941,1372 "Even-19-A-6";
940 1 1 941,1373 "Even-19-B-6";
941 1 0 942,943 "Even-19-S-7";
942 1 1 944,1370 "Even-19-A-7";
943 1 1 944,1371 "Even-19-B-7";
944 1 0 945,946 "Even-19-S-8";
945 1 1 935,1368 "Even-19-A-8";
946 1 1 935,1369 "Even-19-B-8";
947 1 1 933,1376 "Even-5-A-4";
948 1 1 950,1366 "Even-19-A-9";
949 1 1 950,1367 "Even-19-B-9";
950 1 0 951,952 "Even-19-S-10";
951 1 1 953,1364 "Even-19-A-10";
952 1 1 953,1365 "Even-19-B-10";
953 1 0 954,955 "Even-19-S-11";
954 1 1 956,1362 "Even-19-A-11";
955 1 1 956,1363 "Even-19-B-11";
956 1 0 957,924 "Even-19-S-12";
957 1 1 913,1360 "Even-19-A-12";
958 1 1 969,1385 "Even-4-B-0";
959 1 0 1419,549 "Odd-4-T";
960 1 0 1339,1375,1373,1371,1369,1367,1365,1363,1361,1359,1357,1355,1353,1351,1349,1347,1345 "Even-4-Z";
961 1 1 960,1379 "Even-4-B-3";
962 1 1 960,1378 "Even-4-A-3";
963 1 0 962,961 "Even-4-S-3";
964 1 1 963,1381 "Even-4-B-2";
965 1 1 963,1380 "Even-4-A-2";
966 1 0 965,964 "Even-4-S-2";
967 1 1 966,1383 "Even-4-B-1";
968 1 1 966,1382 "Even-4-A-1";
969 1 0 968,967 "Even-4-S-1";
970 1 1 974,1370 "Even-11-A-7";
971 1 1 969,1384 "Even-4-A-0";
972 1 0 971,958 "Even-4-S-0";
973 1 1 974,1371 "Even-11-B-7";
974 1 0 975,976 "Even-11-S-8";
975 1 1 977,1368 "Even-11-A-8";
976 1 1 977,1369 "Even-11-B-8";
977 1 0 978,903 "Even-11-S-9";
978 1 1 904,1366 "Even-11-A-9";
979 1 0 980,901 "Even-20-S-0";
980 1 1 844,1384 "Even-20-A-0";
981 1 1 991,1384 "Even-5-A-0";
982 1 0 947,934 "Even-5-S-4";
983 1 1 982,1379 "Even-5-B-3";
984 1 1 982,1378 "Even-5-A-3";
985 1 0 984,983 "Even-5-S-3";
986 1 1 985,1381 "Even-5-B-2";
987 1 1 985,1380 "Even-5-A-2";
988 1 0 987,986 "Even-5-S-2";
989 1 1 988,1383 "Even-5-B-1";
990 1 1 988,1382 "Even-5-A-1";
991 1 0 990,989 "Even-5-S-1";
992 1 1 991,1385 "Even-5-B-0";
993 1 0 936,937 "Even-19-S-5";
994 1 0 981,992 "Even-5-S-0";
995 1 0 703,702 "Even-12-S-2";
996 1 1 995,1383 "Even-12-B-1";
997 1 1 995,1382 "Even-12-A-1";
998 1 0 997,996 "Even-12-S-1";
999 1 1 998,1385 "Even-12-B-0";
1000 1 1 998,1384 "Even-12-A-0";
1001 1 0 1000,999 "Even-12-S-0";
1002 1 1 1003,1373 "Even-11-B-6";
1003 1 0 970,973 "Even-11-S-7";
1004 1 1 1017,1375 "Even-15-B-5";
1005 1 0 1006,1007 "Even-15-S-2";
1006 1 1 1008,1380 "Even-15-A-2";
1007 1 1 1008,1381 "Even-15-B-2";
1008 1 0 1009,1010 "Even-15-S-3";
1009 1 1 1011,1378 "Even-15-A-3";
1010 1 1 1011,1379 "Even-15-B-3";
1011 1 0 1012,1013 "Even-15-S-4";
1012 1 1 1014,1376 "Even-15-A-4";
1013 1 1 1014,1377 "Even-15-B-4";
1014 1 0 1015,1004 "Even-15-S-5";
1015 1 1 1017,1374 "Even-15-A-5";
1016 1 1 1005,1383 "Even-15-B-1";
1017 1 0 1018,1019 "Even-15-S-6";
1018 1 1 1020,1372 "Even-15-A-6";
1019 1 1 1020,1373 "Even-15-B-6";
1020 1 0 1021,1022 "Even-15-S-7";
1021 1 1 1023,1370 "Even-15-A-7";
1022 1 1 1023,1371 "Even-15-B-7";
1023 1 0 1024,1025 "Even-15-S-8";
1024 1 1 1026,1368 "Even-15-A-8";
1025 1 1 1026,1369 "Even-15-B-8";
1026 1 0 1039,1074 "Even-15-S-9";
1027 1 1 1038,1377 "Even-13-B-4";
1028 1 1 1163,1368 "Even-13-A-8";
1029 1 0 1028,1084 "Even-13-S-8";
1030 1 1 1029,1371 "Even-13-B-7";
1031 1 1 1029,1370 "Even-13-A-7";
1032 1 0 1031,1030 "Even-13-S-7";
1033 1 1 1032,1373 "Even-13-B-6";
1034 1 1 1032,1372 "Even-13-A-6";
1035 1 0 1034,1033 "Even-13-S-6";
1036 1 1 1035,1375 "Even-13-B-5";
1037 1 1 1035,1374 "Even-13-A-5";
1038 1 0 1037,1036 "Even-13-S-5";
1039 1 1 1075,1366 "Even-15-A-9";
1040 1 1 1038,1376 "Even-13-A-4";
1041 1 0 1040,1027 "Even-13-S-4";
1042 1 1 1041,1379 "Even-13-B-3";
1043 1 1 1041,1378 "Even-13-A-3";
1044 1 0 1043,1042 "Even-13-S-3";
1045 1 0 1046,1047 "Even-15-S-0";
1046 1 1 1048,1384 "Even-15-A-0";
1047 1 1 1048,1385 "Even-15-B-0";
1048 1 0 1049,1016 "Even-15-S-1";
1049 1 1 1005,1382 "Even-15-A-1";
1050 1 1 1060,1376 "Even-9-A-4";
1051 1 0 1062,1094 "Even-9-S-8";
1052 1 1 1051,1371 "Even-9-B-7";
1053 1 1 1051,1370 "Even-9-A-7";
1054 1 0 1053,1052 "Even-9-S-7";
1055 1 1 1054,1373 "Even-9-B-6";
1056 1 1 1054,1372 "Even-9-A-6";
1057 1 0 1056,1055 "Even-9-S-6";
1058 1 1 1057,1375 "Even-9-B-5";
1059 1 1 1057,1374 "Even-9-A-5";
1060 1 0 1059,1058 "Even-9-S-5";
1061 1 1 1060,1377 "Even-9-B-4";
1062 1 1 1093,1368 "Even-9-A-8";
1063 1 0 1050,1061 "Even-9-S-4";
1064 1 1 1063,1379 "Even-9-B-3";
1065 1 1 1063,1378 "Even-9-A-3";
1066 1 0 1065,1064 "Even-9-S-3";
1067 1 1 1066,1381 "Even-9-B-2";
1068 1 1 1066,1380 "Even-9-A-2";
1069 1 0 1068,1067 "Even-9-S-2";
1070 1 1 1069,1383 "Even-9-B-1";
1071 1 1 1069,1382 "Even-9-A-1";
1072 1 0 1071,1070 "Even-9-S-1";
1073 1 0 1085,1086 "Even-15-S-13";
1074 1 1 1075,1367 "Even-15-B-9";
1075 1 0 1076,1077 "Even-15-S-10";
1076 1 1 1078,1364 "Even-15-A-10";
1077 1 1 1078,1365 "Even-15-B-10";
1078 1 0 1079,1080 "Even-15-S-11";
1079 1 1 1081,1362 "Even-15-A-11";
1080 1 1 1081,1363 "Even-15-B-11";
1081 1 0 1082,1083 "Even-15-S-12";
1082 1 1 1073,1360 "Even-15-A-12";
1083 1 1 1073,1361 "Even-15-B-12";
1084 1 1 1163,1369 "Even-13-B-8";
1085 1 1 1087,1358 "Even-15-A-13";
1086 1 1 1087,1359 "Even-15-B-13";
1087 1 0 1088,1089 "Even-15-S-14";
1088 1 1 1090,1356 "Even-15-A-14";
1089 1 1 1090,1357 "Even-15-B-14";
1090 1 0 1337,1353,1351,1349,1347,1345 "Even-15-Z";
1091 1 0 1397,15 "Odd-15-T";
1092 1 0 1409,496 "Odd-9-T";
1093 1 0 1333,1365,1363,1361,1359,1357,1355,1353,1351,1349,1347,1345 "Even-9-Z";
1094 1 1 1093,1369 "Even-9-B-8";
1095 1 0 1108,1109 "Even-14-S-3";
1096 1 0 1107,1140 "Even-10-S-4";
1097 1 1 1096,1379 "Even-10-B-3";
1098 1 0 1099,1100 "Even-14-S-0";
1099 1 1 1101,1384 "Even-14-A-0";
1100 1 1 1101,1385 "Even-14-B-0";
1101 1 0 1102,1103 "Even-14-S-1";
1102 1 1 1104,1382 "Even-14-A-1";
1103 1 1 1104,1383 "Even-14-B-1";
1104 1 0 1105,1106 "Even-14-S-2";
1105 1 1 1095,1380 "Even-14-A-2";
1106 1 1 1095,1381 "Even-14-B-2";
1107 1 1 1139,1376 "Even-10-A-4";
1108 1 1 1110,1378 "Even-14-A-3";
1109 1 1 1110,1379 "Even-14-B-3";
1110 1 0 1111,1112 "Even-14-S-4";
1111 1 1 1113,1376 "Even-14-A-4";
1112 1 1 1113,1377 "Even-14-B-4";
1113 1 0 1114,1115 "Even-14-S-5";
1114 1 1 1116,1374 "Even-14-A-5";
1115 1 1 1116,1375 "Even-14-B-5";
1116 1 0 1117,1130 "Even-14-S-6";
1117 1 1 1165,1372 "Even-14-A-6";
1118 1 0 1129,1128 "Even-10-S-8";
1119 1 0 1401,209 "Odd-13-T";
1120 1 0 1329,1357,1355,1353,1351,1349,1347,1345 "Even-13-Z";
1121 1 1 1120,1361 "Even-13-B-12";
1122 1 1 1120,1360 "Even-13-A-12";
1123 1 0 1407,515 "Odd-10-T";
1124 1 0 1343,1363,1361,1359,1357,1355,1353,1351,1349,1347,1345 "Even-10-Z";
1125 1 1 1124,1367 "Even-10-B-9";
1126 1 1 1124,1366 "Even-10-A-9";
1127 1 0 1126,1125 "Even-10-S-9";
1128 1 1 1127,1369 "Even-10-B-8";
1129 1 1 1127,1368 "Even-10-A-8";
1130 1 1 1165,1373 "Even-14-B-6";
1131 1 1 1118,1371 "Even-10-B-7";
1132 1 1 1118,1370 "Even-10-A-7";
1133 1 0 1132,1131 "Even-10-S-7";
1134 1 1 1133,1373 "Even-10-B-6";
1135 1 1 1133,1372 "Even-10-A-6";
1136 1 0 1135,1134 "Even-10-S-6";
1137 1 1 1136,1375 "Even-10-B-5";
1138 1 1 1136,1374 "Even-10-A-5";
1139 1 0 1138,1137 "Even-10-S-5";
1140 1 1 1139,1377 "Even-10-B-4";
1141 1 0 1152,1151 "Even-10-S-0";
1142 1 0 1399,191 "Odd-14-T";
1143 1 1 1096,1378 "Even-10-A-3";
1144 1 0 1143,1097 "Even-10-S-3";
1145 1 1 1144,1381 "Even-10-B-2";
1146 1 1 1144,1380 "Even-10-A-2";
1147 1 0 1146,1145 "Even-10-S-2";
1148 1 1 1147,1383 "Even-10-B-1";
1149 1 1 1147,1382 "Even-10-A-1";
1150 1 0 1149,1148 "Even-10-S-1";
1151 1 1 1150,1385 "Even-10-B-0";
1152 1 1 1150,1384 "Even-10-A-0";
1153 1 0 1328,1355,1353,1351,1349,1347,1345 "Even-14-Z";
1154 1 0 1122,1121 "Even-13-S-12";
1155 1 1 1154,1363 "Even-13-B-11";
1156 1 1 1154,1362 "Even-13-A-11";
1157 1 0 1156,1155 "Even-13-S-11";
1158 1 1 1157,1365 "Even-13-B-10";
1159 1 1 1157,1364 "Even-13-A-10";
1160 1 0 1159,1158 "Even-13-S-10";
1161 1 1 1160,1367 "Even-13-B-9";
1162 1 1 1160,1366 "Even-13-A-9";
1163 1 0 1162,1161 "Even-13-S-9";
1164 1 1 1177,1364 "Even-14-A-10";
1165 1 0 1166,1167 "Even-14-S-7";
1166 1 1 1168,1370 "Even-14-A-7";
1167 1 1 1168,1371 "Even-14-B-7";
1168 1 0 1169,1170 "Even-14-S-8";
1169 1 1 1171,1368 "Even-14-A-8";
1170 1 1 1171,1369 "Even-14-B-8";
1171 1 0 1172,1173 "Even-14-S-9";
1172 1 1 1174,1366 "Even-14-A-9";
1173 1 1 1174,1367 "Even-14-B-9";
1174 1 0 1164,1176 "Even-14-S-10";
1175 1 1 1249,1355 "Even-17-B-15";
1176 1 1 1177,1365 "Even-14-B-10";
1177 1 0 1178,1179 "Even-14-S-11";
1178 1 1 1180,1362 "Even-14-A-11";
1179 1 1 1180,1363 "Even-14-B-11";
1180 1 0 1181,1182 "Even-14-S-12";
1181 1 1 1183,1360 "Even-14-A-12";
1182 1 1 1183,1361 "Even-14-B-12";
1183 1 0 1184,1185 "Even-14-S-13";
1184 1 1 1153,1358 "Even-14-A-13";
1185 1 1 1153,1359 "Even-14-B-13";
1186 1 0 1196,1195 "Even-8-S-1";
1187 1 1 1228,1376 "Even-8-A-4";
1188 1 0 1187,1197 "Even-8-S-4";
1189 1 1 1188,1379 "Even-8-B-3";
1190 1 1 1188,1378 "Even-8-A-3";
1191 1 0 1190,1189 "Even-8-S-3";
1192 1 1 1191,1381 "Even-8-B-2";
1193 1 1 1191,1380 "Even-8-A-2";
1194 1 0 1193,1192 "Even-8-S-2";
1195 1 1 1194,1383 "Even-8-B-1";
1196 1 1 1194,1382 "Even-8-A-1";
1197 1 1 1228,1377 "Even-8-B-4";
1198 1 1 1186,1385 "Even-8-B-0";
1199 1 1 1186,1384 "Even-8-A-0";
1200 1 0 1199,1198 "Even-8-S-0";
1201 1 0 761,762 "Even-11-S-0";
1202 1 0 1203,1204 "Even-17-S-0";
1203 1 1 1205,1384 "Even-17-A-0";
1204 1 1 1205,1385 "Even-17-B-0";
1205 1 0 1206,1207 "Even-17-S-1";
1206 1 1 1219,1382 "Even-17-A-1";
1207 1 1 1219,1383 "Even-17-B-1";
1208 1 0 1342,1367,1365,1363,1361,1359,1357,1355,1353,1351,1349,1347,1345 "Even-8-Z";
1209 1 1 1210,1359 "Even-16-B-13";
1210 1 0 1211,1212 "Even-16-S-14";
1211 1 1 1213,1356 "Even-16-A-14";
1212 1 1 1213,1357 "Even-16-B-14";
1213 1 0 1214,1215 "Even-16-S-15";
1214 1 1 1216,1354 "Even-16-A-15";
1215 1 1 1216,1355 "Even-16-B-15";
1216 1 0 1327,1351,1349,1347,1345 "Even-16-Z";
1217 1 0 1395,104 "Odd-16-T";
1218 1 0 1411,501 "Odd-8-T";
1219 1 0 1251,1252 "Even-17-S-2";
1220 1 1 1208,1371 "Even-8-B-7";
1221 1 1 1208,1370 "Even-8-A-7";
1222 1 0 1221,1220 "Even-8-S-7";
1223 1 1 1222,1373 "Even-8-B-6";
1224 1 1 1222,1372 "Even-8-A-6";
1225 1 0 1224,1223 "Even-8-S-6";
1226 1 1 1225,1375 "Even-8-B-5";
1227 1 1 1225,1374 "Even-8-A-5";
1228 1 0 1227,1226 "Even-8-S-5";
1229 1 1 1241,1361 "Even-17-B-12";
1230 1 1 1232,1366 "Even-17-A-9";
1231 1 1 1232,1367 "Even-17-B-9";
1232 1 0 1233,1234 "Even-17-S-10";
1233 1 1 1235,1364 "Even-17-A-10";
1234 1 1 1235,1365 "Even-17-B-10";
1235 1 0 1236,1237 "Even-17-S-11";
1236 1 1 1238,1362 "Even-17-A-11";
1237 1 1 1238,1363 "Even-17-B-11";
1238 1 0 1239,1229 "Even-17-S-12";
1239 1 1 1241,1360 "Even-17-A-12";
1240 1 0 1230,1231 "Even-17-S-9";
1241 1 0 1242,1243 "Even-17-S-13";
1242 1 1 1244,1358 "Even-17-A-13";
1243 1 1 1244,1359 "Even-17-B-13";
1244 1 0 1245,1246 "Even-17-S-14";
1245 1 1 1247,1356 "Even-17-A-14";
1246 1 1 1247,1357 "Even-17-B-14";
1247 1 0 1248,1175 "Even-17-S-15";
1248 1 1 1249,1354 "Even-17-A-15";
1249 1 0 672,758 "Even-17-S-16";
1250 1 1 1262,1375 "Even-17-B-5";
1251 1 1 1253,1380 "Even-17-A-2";
1252 1 1 1253,1381 "Even-17-B-2";
1253 1 0 1254,1255 "Even-17-S-3";
1254 1 1 1256,1378 "Even-17-A-3";
1255 1 1 1256,1379 "Even-17-B-3";
1256 1 0 1257,1258 "Even-17-S-4";
1257 1 1 1259,1376 "Even-17-A-4";
1258 1 1 1259,1377 "Even-17-B-4";
1259 1 0 1260,1250 "Even-17-S-5";
1260 1 1 1262,1374 "Even-17-A-5";
1261 1 1 1072,1384 "Even-9-A-0";
1262 1 0 1263,1264 "Even-17-S-6";
1263 1 1 1265,1372 "Even-17-A-6";
1264 1 1 1265,1373 "Even-17-B-6";
1265 1 0 1266,1267 "Even-17-S-7";
1266 1 1 1268,1370 "Even-17-A-7";
1267 1 1 1268,1371 "Even-17-B-7";
1268 1 0 1269,1270 "Even-17-S-8";
1269 1 1 1240,1368 "Even-17-A-8";
1270 1 1 1240,1369 "Even-17-B-8";
1271 1 1 1299,1378 "Even-16-A-3";
1272 1 1 1285,1365 "Even-16-B-10";
1273 1 1 1299,1379 "Even-16-B-3";
1274 1 0 1275,1286 "Even-16-S-0";
1275 1 1 1287,1384 "Even-16-A-0";
1276 1 1 1285,1364 "Even-16-A-10";
1277 1 0 1276,1272 "Even-16-S-10";
1278 1 1 1277,1367 "Even-16-B-9";
1279 1 1 1277,1366 "Even-16-A-9";
1280 1 0 1279,1278 "Even-16-S-9";
1281 1 1 1280,1369 "Even-16-B-8";
1282 1 1 1280,1368 "Even-16-A-8";
1283 1 0 1282,1281 "Even-16-S-8";
1284 1 1 1283,1371 "Even-16-B-7";
1285 1 0 1322,1310 "Even-16-S-11";
1286 1 1 1287,1385 "Even-16-B-0";
1287 1 0 1289,1291 "Even-16-S-1";
1288 1 1 1283,1370 "Even-16-A-7";
1289 1 1 1292,1382 "Even-16-A-1";
1290 1 0 1288,1284 "Even-16-S-7";
1291 1 1 1292,1383 "Even-16-B-1";
1292 1 0 1293,1294 "Even-16-S-2";
1293 1 1 1295,1380 "Even-16-A-2";
1294 1 1 1295,1381 "Even-16-B-2";
1295 1 0 1271,1273 "Even-16-S-3";
1296 1 1 1290,1373 "Even-16-B-6";
1297 1 1 1290,1372 "Even-16-A-6";
1298 1 0 1297,1296 "Even-16-S-6";
1299 1 0 1321,1320 "Even-16-S-4";
1300 1 1 1072,1385 "Even-9-B-0";
1301 1 1 1298,1375 "Even-16-B-5";
1302 1 0 1261,1300 "Even-9-S-0";
1303 1 1 1298,1374 "Even-16-A-5";
1304 1 0 1303,1301 "Even-16-S-5";
1305 1 1 1210,1358 "Even-16-A-13";
1306 1 0 1305,1209 "Even-16-S-13";
1307 1 1 1306,1361 "Even-16-B-12";
1308 1 1 1306,1360 "Even-16-A-12";
1309 1 0 1308,1307 "Even-16-S-12";
1310 1 1 1309,1363 "Even-16-B-11";
1311 1 1 1044,1381 "Even-13-B-2";
1312 1 1 1044,1380 "Even-13-A-2";
1313 1 0 1312,1311 "Even-13-S-2";
1314 1 1 1313,1383 "Even-13-B-1";
1315 1 1 1313,1382 "Even-13-A-1";
1316 1 0 1315,1314 "Even-13-S-1";
1317 1 1 1316,1385 "Even-13-B-0";
1318 1 1 1316,1384 "Even-13-A-0";
1319 1 0 1318,1317 "Even-13-S-0";
1320 1 1 1304,1377 "Even-16-B-4";
1321 1 1 1304,1376 "Even-16-A-4";
1322 1 1 1309,1362 "Even-16-A-11";
1323 2 1 1390,805 "Even-18-T";
1324 2 1 1392,1202 "Even-17-T";
1325 2 1 1412,767 "Even-7-T";
1326 2 1 1414,731 "Even-6-T";
1327 2 1 1394,1274 "Even-16-T";
1328 2 1 1398,1098 "Even-14-T";
1329 2 1 1400,1319 "Even-13-T";
1330 2 1 1420,871 "Even-3-T";
1331 2 1 1388,706 "Even-19-T";
1332 2 1 1422,881 "Even-2-T";
1333 2 1 1408,1302 "Even-9-T";
1334 2 1 1424,886 "Even-1-T";
1335 2 1 1426,888 "Even-0-T";
1336 2 1 1402,1001 "Even-12-T";
1337 2 1 1396,1045 "Even-15-T";
1338 2 1 1404,1201 "Even-11-T";
1339 2 1 1418,972 "Even-4-T";
1340 2 1 1416,994 "Even-5-T";
1341 2 1 1386,979 "Even-20-T";
1342 2 1 1410,1200 "Even-8-T";
1343 2 1 1406,1141 "Even-10-T";
1344 3 1 1341 "Even-20-L";
1345 4 0 902 "Odd-20-L";
1346 5 1 1331 "Even-19-L";
1347 6 0 932 "Odd-19-L";
1348 7 1 1323 "Even-18-L";
1349 8 0 655 "Odd-18-L";
1350 9 1 1324 "Even-17-L";
1351 10 0 760 "Odd-17-L";
1352 11 1 1327 "Even-16-L";
1353 12 0 1217 "Odd-16-L";
1354 13 1 1337 "Even-15-L";
1355 14 0 1091 "Odd-15-L";
1356 15 1 1328 "Even-14-L";
1357 16 0 1142 "Odd-14-L";
1358 17 1 1329 "Even-13-L";
1359 18 0 1119 "Odd-13-L";
1360 19 1 1336 "Even-12-L";
1361 20 0 802 "Odd-12-L";
1362 21 1 1338 "Even-11-L";
1363 22 0 873 "Odd-11-L";
1364 23 1 1343 "Even-10-L";
1365 24 0 1123 "Odd-10-L";
1366 25 1 1333 "Even-9-L";
1367 26 0 1092 "Odd-9-L";
1368 27 1 1342 "Even-8-L";
1369 28 0 1218 "Odd-8-L";
1370 29 1 1325 "Even-7-L";
1371 30 0 745 "Odd-7-L";
1372 31 1 1326 "Even-6-L";
1373 32 0 723 "Odd-6-L";
1374 33 1 1340 "Even-5-L";
1375 34 0 704 "Odd-5-L";
1376 35 1 1339 "Even-4-L";
1377 36 0 959 "Odd-4-L";
1378 37 1 1330 "Even-3-L";
1379 38 0 907 "Odd-3-L";
1380 39 1 1332 "Even-2-L";
1381 40 0 874 "Odd-2-L";
1382 41 1 1334 "Even-1-L";
1383 42 0 882 "Odd-1-L";
1384 43 1 1335 "Even-0-L";
1385 44 0 887 "Odd-0-L";
1386 46 0 1346 "Even-20-H";
1387 47 1 1347 "Odd-20-H";
1388 48 0 1348 "Even-19-H";
1389 49 1 1349 "Odd-19-H";
1390 50 0 1350 "Even-18-H";
1391 51 1 1351 "Odd-18-H";
1392 52 0 1352 "Even-17-H";
1393 53 1 1353 "Odd-17-H";
1394 54 0 1354 "Even-16-H";
1395 55 1 1355 "Odd-16-H";
1396 56 0 1356 "Even-15-H";
1397 57 1 1357 "Odd-15-H";
1398 58 0 1358 "Even-14-H";
1399 59 1 1359 "Odd-14-H";
1400 60 0 1360 "Even-13-H";
1401 61 1 1361 "Odd-13-H";
1402 62 0 1362 "Even-12-H";
1403 63 1 1363 "Odd-12-H";
1404 64 0 1364 "Even-11-H";
1405 65 1 1365 "Odd-11-H";
1406 66 0 1366 "Even-10-H";
1407 67 1 1367 "Odd-10-H";
1408 68 0 1368 "Even-9-H";
1409 69 1 1369 "Odd-9-H";
1410 70 0 1370 "Even-8-H";
1411 71 1 1371 "Odd-8-H";
1412 72 0 1372 "Even-7-H";
1413 73 1 1373 "Odd-7-H";
1414 74 0 1374 "Even-6-H";
1415 75 1 1375 "Odd-6-H";
1416 76 0 1376 "Even-5-H";
1417 77 1 1377 "Odd-5-H";
1418 78 0 1378 "Even-4-H";
1419 79 1 1379 "Odd-4-H";
1420 80 0 1380 "Even-3-H";
1421 81 1 1381 "Odd-3-H";
1422 82 0 1382 "Even-2-H";
1423 83 1 1383 "Odd-2-H";
1424 84 0 1384 "Even-1-H";
1425 85 1 1385 "Odd-1-H";
1426 86 0 1344 "Even-0-H";
1427 87 1 1345 "Odd-0-H";
