parity 1848;
0 0 0 9,1786 "Odd-17-B-6";
1 0 0 10,1780 "Odd-17-B-9";
2 0 0 10,1781 "Odd-17-A-9";
3 0 1 2,1 "Odd-17-S-9";
4 0 0 3,1782 "Odd-17-B-8";
5 0 0 3,1783 "Odd-17-A-8";
6 0 1 5,4 "Odd-17-S-8";
7 0 0 6,1784 "Odd-17-B-7";
8 0 0 6,1785 "Odd-17-A-7";
9 0 1 8,7 "Odd-17-S-7";
10 0 1 37,36 "Odd-17-S-10";
11 0 0 9,1787 "Odd-17-A-6";
12 0 1 11,0 "Odd-17-S-6";
13 0 0 12,1788 "Odd-17-B-5";
14 0 0 12,1789 "Odd-17-A-5";
15 0 1 14,13 "Odd-17-S-5";
16 0 0 15,1790 "Odd-17-B-4";
17 0 0 15,1791 "Odd-17-A-4";
18 0 1 17,16 "Odd-17-S-4";
19 0 1 28,27 "Odd-17-S-13";
20 0 1 67,132 "Odd-17-S-16";
21 0 0 20,1768 "Odd-17-B-15";
22 0 0 20,1769 "Odd-17-A-15";
23 0 1 22,21 "Odd-17-S-15";
24 0 0 23,1770 "Odd-17-B-14";
25 0 0 23,1771 "Odd-17-A-14";
26 0 1 25,24 "Odd-17-S-14";
27 0 0 26,1772 "Odd-17-B-13";
28 0 0 26,1773 "Odd-17-A-13";
29 0 0 18,1792 "Odd-17-B-3";
30 0 0 19,1774 "Odd-17-B-12";
31 0 0 19,1775 "Odd-17-A-12";
32 0 1 31,30 "Odd-17-S-12";
33 0 0 32,1776 "Odd-17-B-11";
34 0 0 32,1777 "Odd-17-A-11";
35 0 1 34,33 "Odd-17-S-11";
36 0 0 35,1778 "Odd-17-B-10";
37 0 0 35,1779 "Odd-17-A-10";
38 0 0 46,1779 "Odd-16-A-10";
39 0 0 75,1773 "Odd-16-A-13";
40 0 1 39,48 "Odd-16-S-13";
41 0 0 40,1774 "Odd-16-B-12";
42 0 0 40,1775 "Odd-16-A-12";
43 0 1 42,41 "Odd-16-S-12";
44 0 0 43,1776 "Odd-16-B-11";
45 0 0 43,1777 "Odd-16-A-11";
46 0 1 45,44 "Odd-16-S-11";
47 0 0 46,1778 "Odd-16-B-10";
48 0 0 75,1772 "Odd-16-B-13";
49 0 1 38,47 "Odd-16-S-10";
50 0 0 49,1780 "Odd-16-B-9";
51 0 0 49,1781 "Odd-16-A-9";
52 0 1 51,50 "Odd-16-S-9";
53 0 0 52,1782 "Odd-16-B-8";
54 0 0 52,1783 "Odd-16-A-8";
55 0 1 54,53 "Odd-16-S-8";
56 0 0 55,1784 "Odd-16-B-7";
57 0 0 65,1799 "Odd-17-A-0";
58 0 0 18,1793 "Odd-17-A-3";
59 0 1 58,29 "Odd-17-S-3";
60 0 0 59,1794 "Odd-17-B-2";
61 0 0 59,1795 "Odd-17-A-2";
62 0 1 61,60 "Odd-17-S-2";
63 0 0 62,1796 "Odd-17-B-1";
64 0 0 62,1797 "Odd-17-A-1";
65 0 1 64,63 "Odd-17-S-1";
66 0 0 65,1798 "Odd-17-B-0";
67 0 0 131,1767 "Odd-17-A-16";
68 0 1 57,66 "Odd-17-S-0";
69 0 1 1381,1766,1764,1762,1760,1758,1756,1754,1752 "Odd-16-Z";
70 0 0 69,1768 "Odd-16-B-15";
71 0 0 69,1769 "Odd-16-A-15";
72 0 1 71,70 "Odd-16-S-15";
73 0 0 72,1770 "Odd-16-B-14";
74 0 0 72,1771 "Odd-16-A-14";
75 0 1 74,73 "Odd-16-S-14";
76 0 0 85,1770 "Odd-18-B-14";
77 0 0 86,1764 "Odd-18-B-17";
78 0 0 86,1765 "Odd-18-A-17";
79 0 1 78,77 "Odd-18-S-17";
80 0 0 79,1766 "Odd-18-B-16";
81 0 0 79,1767 "Odd-18-A-16";
82 0 1 81,80 "Odd-18-S-16";
83 0 0 82,1768 "Odd-18-B-15";
84 0 0 82,1769 "Odd-18-A-15";
85 0 1 84,83 "Odd-18-S-15";
86 0 1 1600,1762,1760,1758,1756,1754,1752 "Odd-18-Z";
87 0 0 85,1771 "Odd-18-A-14";
88 0 1 87,76 "Odd-18-S-14";
89 0 0 88,1772 "Odd-18-B-13";
90 0 0 88,1773 "Odd-18-A-13";
91 0 1 90,89 "Odd-18-S-13";
92 0 0 91,1774 "Odd-18-B-12";
93 0 0 91,1775 "Odd-18-A-12";
94 0 1 93,92 "Odd-18-S-12";
95 0 0 104,1794 "Odd-19-B-2";
96 0 0 294,1788 "Odd-19-B-5";
97 0 0 294,1789 "Odd-19-A-5";
98 0 1 97,96 "Odd-19-S-5";
99 0 0 98,1790 "Odd-19-B-4";
100 0 0 98,1791 "Odd-19-A-4";
101 0 1 100,99 "Odd-19-S-4";
102 0 0 101,1792 "Odd-19-B-3";
103 0 0 101,1793 "Odd-19-A-3";
104 0 1 103,102 "Odd-19-S-3";
105 0 0 94,1776 "Odd-18-B-11";
106 0 0 104,1795 "Odd-19-A-2";
107 0 1 106,95 "Odd-19-S-2";
108 0 0 107,1796 "Odd-19-B-1";
109 0 0 107,1797 "Odd-19-A-1";
110 0 1 109,108 "Odd-19-S-1";
111 0 0 110,1798 "Odd-19-B-0";
112 0 0 110,1799 "Odd-19-A-0";
113 0 1 112,111 "Odd-19-S-0";
114 0 1 123,122 "Odd-18-S-2";
115 0 1 124,151 "Odd-18-S-5";
116 0 0 115,1790 "Odd-18-B-4";
117 0 0 115,1791 "Odd-18-A-4";
118 0 1 117,116 "Odd-18-S-4";
119 0 0 118,1792 "Odd-18-B-3";
120 0 0 118,1793 "Odd-18-A-3";
121 0 1 120,119 "Odd-18-S-3";
122 0 0 121,1794 "Odd-18-B-2";
123 0 0 121,1795 "Odd-18-A-2";
124 0 0 150,1789 "Odd-18-A-5";
125 0 0 114,1796 "Odd-18-B-1";
126 0 0 114,1797 "Odd-18-A-1";
127 0 1 126,125 "Odd-18-S-1";
128 0 0 127,1798 "Odd-18-B-0";
129 0 0 127,1799 "Odd-18-A-0";
130 0 1 129,128 "Odd-18-S-0";
131 0 1 1708,1764,1762,1760,1758,1756,1754,1752 "Odd-17-Z";
132 0 0 131,1766 "Odd-17-B-16";
133 0 0 141,1783 "Odd-18-A-8";
134 0 0 94,1777 "Odd-18-A-11";
135 0 1 134,105 "Odd-18-S-11";
136 0 0 135,1778 "Odd-18-B-10";
137 0 0 135,1779 "Odd-18-A-10";
138 0 1 137,136 "Odd-18-S-10";
139 0 0 138,1780 "Odd-18-B-9";
140 0 0 138,1781 "Odd-18-A-9";
141 0 1 140,139 "Odd-18-S-9";
142 0 0 141,1782 "Odd-18-B-8";
143 0 0 55,1785 "Odd-16-A-7";
144 0 1 133,142 "Odd-18-S-8";
145 0 0 144,1784 "Odd-18-B-7";
146 0 0 144,1785 "Odd-18-A-7";
147 0 1 146,145 "Odd-18-S-7";
148 0 0 147,1786 "Odd-18-B-6";
149 0 0 147,1787 "Odd-18-A-6";
150 0 1 149,148 "Odd-18-S-6";
151 0 0 150,1788 "Odd-18-B-5";
152 0 1 161,160 "Odd-14-S-2";
153 0 1 162,189 "Odd-14-S-5";
154 0 0 153,1790 "Odd-14-B-4";
155 0 0 153,1791 "Odd-14-A-4";
156 0 1 155,154 "Odd-14-S-4";
157 0 0 156,1792 "Odd-14-B-3";
158 0 0 156,1793 "Odd-14-A-3";
159 0 1 158,157 "Odd-14-S-3";
160 0 0 159,1794 "Odd-14-B-2";
161 0 0 159,1795 "Odd-14-A-2";
162 0 0 188,1789 "Odd-14-A-5";
163 0 0 152,1796 "Odd-14-B-1";
164 0 0 152,1797 "Odd-14-A-1";
165 0 1 164,163 "Odd-14-S-1";
166 0 0 165,1798 "Odd-14-B-0";
167 0 0 165,1799 "Odd-14-A-0";
168 0 1 167,166 "Odd-14-S-0";
169 0 1 1428,1772,1770,1768,1766,1764,1762,1760,1758,1756,1754,1752 "Odd-13-Z";
170 0 0 169,1774 "Odd-13-B-12";
171 0 0 179,1783 "Odd-14-A-8";
172 0 0 284,1777 "Odd-14-A-11";
173 0 1 172,219 "Odd-14-S-11";
174 0 0 173,1778 "Odd-14-B-10";
175 0 0 173,1779 "Odd-14-A-10";
176 0 1 175,174 "Odd-14-S-10";
177 0 0 176,1780 "Odd-14-B-9";
178 0 0 176,1781 "Odd-14-A-9";
179 0 1 178,177 "Odd-14-S-9";
180 0 0 179,1782 "Odd-14-B-8";
181 0 0 169,1775 "Odd-13-A-12";
182 0 1 171,180 "Odd-14-S-8";
183 0 0 182,1784 "Odd-14-B-7";
184 0 0 182,1785 "Odd-14-A-7";
185 0 1 184,183 "Odd-14-S-7";
186 0 0 185,1786 "Odd-14-B-6";
187 0 0 185,1787 "Odd-14-A-6";
188 0 1 187,186 "Odd-14-S-6";
189 0 0 188,1788 "Odd-14-B-5";
190 0 0 199,1794 "Odd-13-B-2";
191 0 0 200,1788 "Odd-13-B-5";
192 0 0 200,1789 "Odd-13-A-5";
193 0 1 192,191 "Odd-13-S-5";
194 0 0 193,1790 "Odd-13-B-4";
195 0 0 193,1791 "Odd-13-A-4";
196 0 1 195,194 "Odd-13-S-4";
197 0 0 196,1792 "Odd-13-B-3";
198 0 0 196,1793 "Odd-13-A-3";
199 0 1 198,197 "Odd-13-S-3";
200 0 1 227,226 "Odd-13-S-6";
201 0 0 199,1795 "Odd-13-A-2";
202 0 1 201,190 "Odd-13-S-2";
203 0 0 202,1796 "Odd-13-B-1";
204 0 0 202,1797 "Odd-13-A-1";
205 0 1 204,203 "Odd-13-S-1";
206 0 0 205,1798 "Odd-13-B-0";
207 0 0 205,1799 "Odd-13-A-0";
208 0 1 207,206 "Odd-13-S-0";
209 0 1 218,217 "Odd-13-S-9";
210 0 1 181,170 "Odd-13-S-12";
211 0 0 210,1776 "Odd-13-B-11";
212 0 0 210,1777 "Odd-13-A-11";
213 0 1 212,211 "Odd-13-S-11";
214 0 0 213,1778 "Odd-13-B-10";
215 0 0 213,1779 "Odd-13-A-10";
216 0 1 215,214 "Odd-13-S-10";
217 0 0 216,1780 "Odd-13-B-9";
218 0 0 216,1781 "Odd-13-A-9";
219 0 0 284,1776 "Odd-14-B-11";
220 0 0 209,1782 "Odd-13-B-8";
221 0 0 209,1783 "Odd-13-A-8";
222 0 1 221,220 "Odd-13-S-8";
223 0 0 222,1784 "Odd-13-B-7";
224 0 0 222,1785 "Odd-13-A-7";
225 0 1 224,223 "Odd-13-S-7";
226 0 0 225,1786 "Odd-13-B-6";
227 0 0 225,1787 "Odd-13-A-6";
228 0 0 237,1774 "Odd-15-B-12";
229 0 0 265,1799 "Odd-16-A-0";
230 0 1 229,238 "Odd-16-S-0";
231 0 1 1304,1768,1766,1764,1762,1760,1758,1756,1754,1752 "Odd-15-Z";
232 0 0 231,1770 "Odd-15-B-14";
233 0 0 231,1771 "Odd-15-A-14";
234 0 1 233,232 "Odd-15-S-14";
235 0 0 234,1772 "Odd-15-B-13";
236 0 0 234,1773 "Odd-15-A-13";
237 0 1 236,235 "Odd-15-S-13";
238 0 0 265,1798 "Odd-16-B-0";
239 0 0 237,1775 "Odd-15-A-12";
240 0 1 239,228 "Odd-15-S-12";
241 0 0 240,1776 "Odd-15-B-11";
242 0 0 240,1777 "Odd-15-A-11";
243 0 1 242,241 "Odd-15-S-11";
244 0 0 243,1778 "Odd-15-B-10";
245 0 0 243,1779 "Odd-15-A-10";
246 0 1 245,244 "Odd-15-S-10";
247 0 0 256,1792 "Odd-16-B-3";
248 0 0 596,1786 "Odd-16-B-6";
249 0 0 596,1787 "Odd-16-A-6";
250 0 1 249,248 "Odd-16-S-6";
251 0 0 250,1788 "Odd-16-B-5";
252 0 0 250,1789 "Odd-16-A-5";
253 0 1 252,251 "Odd-16-S-5";
254 0 0 253,1790 "Odd-16-B-4";
255 0 0 253,1791 "Odd-16-A-4";
256 0 1 255,254 "Odd-16-S-4";
257 0 0 246,1780 "Odd-15-B-9";
258 0 0 256,1793 "Odd-16-A-3";
259 0 1 258,247 "Odd-16-S-3";
260 0 0 259,1794 "Odd-16-B-2";
261 0 0 259,1795 "Odd-16-A-2";
262 0 1 261,260 "Odd-16-S-2";
263 0 0 262,1796 "Odd-16-B-1";
264 0 0 262,1797 "Odd-16-A-1";
265 0 1 264,263 "Odd-16-S-1";
266 0 0 274,1799 "Odd-15-A-0";
267 0 0 302,1793 "Odd-15-A-3";
268 0 1 267,276 "Odd-15-S-3";
269 0 0 268,1794 "Odd-15-B-2";
270 0 0 268,1795 "Odd-15-A-2";
271 0 1 270,269 "Odd-15-S-2";
272 0 0 271,1796 "Odd-15-B-1";
273 0 0 271,1797 "Odd-15-A-1";
274 0 1 273,272 "Odd-15-S-1";
275 0 0 274,1798 "Odd-15-B-0";
276 0 0 302,1792 "Odd-15-B-3";
277 0 1 266,275 "Odd-15-S-0";
278 0 1 1502,1770,1768,1766,1764,1762,1760,1758,1756,1754,1752 "Odd-14-Z";
279 0 0 278,1772 "Odd-14-B-13";
280 0 0 278,1773 "Odd-14-A-13";
281 0 1 280,279 "Odd-14-S-13";
282 0 0 281,1774 "Odd-14-B-12";
283 0 0 281,1775 "Odd-14-A-12";
284 0 1 283,282 "Odd-14-S-12";
285 0 0 293,1786 "Odd-15-B-6";
286 0 0 246,1781 "Odd-15-A-9";
287 0 1 286,257 "Odd-15-S-9";
288 0 0 287,1782 "Odd-15-B-8";
289 0 0 287,1783 "Odd-15-A-8";
290 0 1 289,288 "Odd-15-S-8";
291 0 0 290,1784 "Odd-15-B-7";
292 0 0 290,1785 "Odd-15-A-7";
293 0 1 292,291 "Odd-15-S-7";
294 0 1 510,509 "Odd-19-S-6";
295 0 0 293,1787 "Odd-15-A-6";
296 0 1 295,285 "Odd-15-S-6";
297 0 0 296,1788 "Odd-15-B-5";
298 0 0 296,1789 "Odd-15-A-5";
299 0 1 298,297 "Odd-15-S-5";
300 0 0 299,1790 "Odd-15-B-4";
301 0 0 299,1791 "Odd-15-A-4";
302 0 1 301,300 "Odd-15-S-4";
303 0 1 312,311 "Odd-22-S-11";
304 0 1 313,340 "Odd-22-S-14";
305 0 0 304,1772 "Odd-22-B-13";
306 0 0 304,1773 "Odd-22-A-13";
307 0 1 306,305 "Odd-22-S-13";
308 0 0 307,1774 "Odd-22-B-12";
309 0 0 307,1775 "Odd-22-A-12";
310 0 1 309,308 "Odd-22-S-12";
311 0 0 310,1776 "Odd-22-B-11";
312 0 0 310,1777 "Odd-22-A-11";
313 0 0 339,1771 "Odd-22-A-14";
314 0 0 303,1778 "Odd-22-B-10";
315 0 0 303,1779 "Odd-22-A-10";
316 0 1 315,314 "Odd-22-S-10";
317 0 0 316,1780 "Odd-22-B-9";
318 0 0 316,1781 "Odd-22-A-9";
319 0 1 318,317 "Odd-22-S-9";
320 0 0 319,1782 "Odd-22-B-8";
321 0 0 319,1783 "Odd-22-A-8";
322 0 0 330,1765 "Odd-22-A-17";
323 0 0 435,1759 "Odd-22-A-20";
324 0 1 323,370 "Odd-22-S-20";
325 0 0 324,1760 "Odd-22-B-19";
326 0 0 324,1761 "Odd-22-A-19";
327 0 1 326,325 "Odd-22-S-19";
328 0 0 327,1762 "Odd-22-B-18";
329 0 0 327,1763 "Odd-22-A-18";
330 0 1 329,328 "Odd-22-S-18";
331 0 0 330,1764 "Odd-22-B-17";
332 0 1 321,320 "Odd-22-S-8";
333 0 1 322,331 "Odd-22-S-17";
334 0 0 333,1766 "Odd-22-B-16";
335 0 0 333,1767 "Odd-22-A-16";
336 0 1 335,334 "Odd-22-S-16";
337 0 0 336,1768 "Odd-22-B-15";
338 0 0 336,1769 "Odd-22-A-15";
339 0 1 338,337 "Odd-22-S-15";
340 0 0 339,1770 "Odd-22-B-14";
341 0 0 350,1760 "Odd-21-B-19";
342 0 0 378,1797 "Odd-22-A-1";
343 0 1 342,351 "Odd-22-S-1";
344 0 0 343,1798 "Odd-22-B-0";
345 0 0 343,1799 "Odd-22-A-0";
346 0 1 345,344 "Odd-22-S-0";
347 0 1 1184,1756,1754,1752 "Odd-21-Z";
348 0 0 347,1758 "Odd-21-B-20";
349 0 0 347,1759 "Odd-21-A-20";
350 0 1 349,348 "Odd-21-S-20";
351 0 0 378,1796 "Odd-22-B-1";
352 0 0 350,1761 "Odd-21-A-19";
353 0 1 352,341 "Odd-21-S-19";
354 0 0 353,1762 "Odd-21-B-18";
355 0 0 353,1763 "Odd-21-A-18";
356 0 1 355,354 "Odd-21-S-18";
357 0 0 356,1764 "Odd-21-B-17";
358 0 0 356,1765 "Odd-21-A-17";
359 0 1 358,357 "Odd-21-S-17";
360 0 0 369,1790 "Odd-22-B-4";
361 0 0 332,1784 "Odd-22-B-7";
362 0 0 332,1785 "Odd-22-A-7";
363 0 1 362,361 "Odd-22-S-7";
364 0 0 363,1786 "Odd-22-B-6";
365 0 0 363,1787 "Odd-22-A-6";
366 0 1 365,364 "Odd-22-S-6";
367 0 0 366,1788 "Odd-22-B-5";
368 0 0 366,1789 "Odd-22-A-5";
369 0 1 368,367 "Odd-22-S-5";
370 0 0 435,1758 "Odd-22-B-20";
371 0 0 369,1791 "Odd-22-A-4";
372 0 1 371,360 "Odd-22-S-4";
373 0 0 372,1792 "Odd-22-B-3";
374 0 0 372,1793 "Odd-22-A-3";
375 0 1 374,373 "Odd-22-S-3";
376 0 0 375,1794 "Odd-22-B-2";
377 0 0 375,1795 "Odd-22-A-2";
378 0 1 377,376 "Odd-22-S-2";
379 0 0 388,1772 "Odd-23-B-13";
380 0 0 389,1766 "Odd-23-B-16";
381 0 0 389,1767 "Odd-23-A-16";
382 0 1 381,380 "Odd-23-S-16";
383 0 0 382,1768 "Odd-23-B-15";
384 0 0 382,1769 "Odd-23-A-15";
385 0 1 384,383 "Odd-23-S-15";
386 0 0 385,1770 "Odd-23-B-14";
387 0 0 385,1771 "Odd-23-A-14";
388 0 1 387,386 "Odd-23-S-14";
389 0 1 416,415 "Odd-23-S-17";
390 0 0 388,1773 "Odd-23-A-13";
391 0 1 390,379 "Odd-23-S-13";
392 0 0 391,1774 "Odd-23-B-12";
393 0 0 391,1775 "Odd-23-A-12";
394 0 1 393,392 "Odd-23-S-12";
395 0 0 394,1776 "Odd-23-B-11";
396 0 0 394,1777 "Odd-23-A-11";
397 0 1 396,395 "Odd-23-S-11";
398 0 1 407,406 "Odd-23-S-20";
399 0 1 1071,1752 "Odd-23-Z";
400 0 0 399,1754 "Odd-23-B-22";
401 0 0 399,1755 "Odd-23-A-22";
402 0 1 401,400 "Odd-23-S-22";
403 0 0 402,1756 "Odd-23-B-21";
404 0 0 402,1757 "Odd-23-A-21";
405 0 1 404,403 "Odd-23-S-21";
406 0 0 405,1758 "Odd-23-B-20";
407 0 0 405,1759 "Odd-23-A-20";
408 0 0 397,1778 "Odd-23-B-10";
409 0 0 398,1760 "Odd-23-B-19";
410 0 0 398,1761 "Odd-23-A-19";
411 0 1 410,409 "Odd-23-S-19";
412 0 0 411,1762 "Odd-23-B-18";
413 0 0 411,1763 "Odd-23-A-18";
414 0 1 413,412 "Odd-23-S-18";
415 0 0 414,1764 "Odd-23-B-17";
416 0 0 414,1765 "Odd-23-A-17";
417 0 0 425,1797 "Odd-23-A-1";
418 0 0 453,1791 "Odd-23-A-4";
419 0 1 418,427 "Odd-23-S-4";
420 0 0 419,1792 "Odd-23-B-3";
421 0 0 419,1793 "Odd-23-A-3";
422 0 1 421,420 "Odd-23-S-3";
423 0 0 422,1794 "Odd-23-B-2";
424 0 0 422,1795 "Odd-23-A-2";
425 0 1 424,423 "Odd-23-S-2";
426 0 0 425,1796 "Odd-23-B-1";
427 0 0 453,1790 "Odd-23-B-4";
428 0 1 417,426 "Odd-23-S-1";
429 0 0 428,1798 "Odd-23-B-0";
430 0 0 428,1799 "Odd-23-A-0";
431 0 1 430,429 "Odd-23-S-0";
432 0 1 1225,1754,1752 "Odd-22-Z";
433 0 0 432,1756 "Odd-22-B-21";
434 0 0 432,1757 "Odd-22-A-21";
435 0 1 434,433 "Odd-22-S-21";
436 0 0 444,1784 "Odd-23-B-7";
437 0 0 397,1779 "Odd-23-A-10";
438 0 1 437,408 "Odd-23-S-10";
439 0 0 438,1780 "Odd-23-B-9";
440 0 0 438,1781 "Odd-23-A-9";
441 0 1 440,439 "Odd-23-S-9";
442 0 0 441,1782 "Odd-23-B-8";
443 0 0 441,1783 "Odd-23-A-8";
444 0 1 443,442 "Odd-23-S-8";
445 0 0 359,1766 "Odd-21-B-16";
446 0 0 444,1785 "Odd-23-A-7";
447 0 1 446,436 "Odd-23-S-7";
448 0 0 447,1786 "Odd-23-B-6";
449 0 0 447,1787 "Odd-23-A-6";
450 0 1 449,448 "Odd-23-S-6";
451 0 0 450,1788 "Odd-23-B-5";
452 0 0 450,1789 "Odd-23-A-5";
453 0 1 452,451 "Odd-23-S-5";
454 0 0 462,1795 "Odd-20-A-2";
455 0 0 491,1789 "Odd-20-A-5";
456 0 1 455,464 "Odd-20-S-5";
457 0 0 456,1790 "Odd-20-B-4";
458 0 0 456,1791 "Odd-20-A-4";
459 0 1 458,457 "Odd-20-S-4";
460 0 0 459,1792 "Odd-20-B-3";
461 0 0 459,1793 "Odd-20-A-3";
462 0 1 461,460 "Odd-20-S-3";
463 0 0 462,1794 "Odd-20-B-2";
464 0 0 491,1788 "Odd-20-B-5";
465 0 1 454,463 "Odd-20-S-2";
466 0 0 465,1796 "Odd-20-B-1";
467 0 0 465,1797 "Odd-20-A-1";
468 0 1 467,466 "Odd-20-S-1";
469 0 0 468,1798 "Odd-20-B-0";
470 0 0 468,1799 "Odd-20-A-0";
471 0 1 470,469 "Odd-20-S-0";
472 0 1 1644,1760,1758,1756,1754,1752 "Odd-19-Z";
473 0 0 482,1782 "Odd-20-B-8";
474 0 0 521,1776 "Odd-20-B-11";
475 0 0 521,1777 "Odd-20-A-11";
476 0 1 475,474 "Odd-20-S-11";
477 0 0 476,1778 "Odd-20-B-10";
478 0 0 476,1779 "Odd-20-A-10";
479 0 1 478,477 "Odd-20-S-10";
480 0 0 479,1780 "Odd-20-B-9";
481 0 0 479,1781 "Odd-20-A-9";
482 0 1 481,480 "Odd-20-S-9";
483 0 0 472,1762 "Odd-19-B-18";
484 0 0 482,1783 "Odd-20-A-8";
485 0 1 484,473 "Odd-20-S-8";
486 0 0 485,1784 "Odd-20-B-7";
487 0 0 485,1785 "Odd-20-A-7";
488 0 1 487,486 "Odd-20-S-7";
489 0 0 488,1786 "Odd-20-B-6";
490 0 0 488,1787 "Odd-20-A-6";
491 0 1 490,489 "Odd-20-S-6";
492 0 1 501,500 "Odd-19-S-9";
493 0 1 502,529 "Odd-19-S-12";
494 0 0 493,1776 "Odd-19-B-11";
495 0 0 493,1777 "Odd-19-A-11";
496 0 1 495,494 "Odd-19-S-11";
497 0 0 496,1778 "Odd-19-B-10";
498 0 0 496,1779 "Odd-19-A-10";
499 0 1 498,497 "Odd-19-S-10";
500 0 0 499,1780 "Odd-19-B-9";
501 0 0 499,1781 "Odd-19-A-9";
502 0 0 528,1775 "Odd-19-A-12";
503 0 0 492,1782 "Odd-19-B-8";
504 0 0 492,1783 "Odd-19-A-8";
505 0 1 504,503 "Odd-19-S-8";
506 0 0 505,1784 "Odd-19-B-7";
507 0 0 505,1785 "Odd-19-A-7";
508 0 1 507,506 "Odd-19-S-7";
509 0 0 508,1786 "Odd-19-B-6";
510 0 0 508,1787 "Odd-19-A-6";
511 0 0 519,1769 "Odd-19-A-15";
512 0 0 472,1763 "Odd-19-A-18";
513 0 1 512,483 "Odd-19-S-18";
514 0 0 513,1764 "Odd-19-B-17";
515 0 0 513,1765 "Odd-19-A-17";
516 0 1 515,514 "Odd-19-S-17";
517 0 0 516,1766 "Odd-19-B-16";
518 0 0 516,1767 "Odd-19-A-16";
519 0 1 518,517 "Odd-19-S-16";
520 0 0 519,1768 "Odd-19-B-15";
521 0 1 586,585 "Odd-20-S-12";
522 0 1 511,520 "Odd-19-S-15";
523 0 0 522,1770 "Odd-19-B-14";
524 0 0 522,1771 "Odd-19-A-14";
525 0 1 524,523 "Odd-19-S-14";
526 0 0 525,1772 "Odd-19-B-13";
527 0 0 525,1773 "Odd-19-A-13";
528 0 1 527,526 "Odd-19-S-13";
529 0 0 528,1774 "Odd-19-B-12";
530 0 1 539,538 "Odd-21-S-7";
531 0 1 540,567 "Odd-21-S-10";
532 0 0 531,1780 "Odd-21-B-9";
533 0 0 531,1781 "Odd-21-A-9";
534 0 1 533,532 "Odd-21-S-9";
535 0 0 534,1782 "Odd-21-B-8";
536 0 0 534,1783 "Odd-21-A-8";
537 0 1 536,535 "Odd-21-S-8";
538 0 0 537,1784 "Odd-21-B-7";
539 0 0 537,1785 "Odd-21-A-7";
540 0 0 566,1779 "Odd-21-A-10";
541 0 0 530,1786 "Odd-21-B-6";
542 0 0 530,1787 "Odd-21-A-6";
543 0 1 542,541 "Odd-21-S-6";
544 0 0 543,1788 "Odd-21-B-5";
545 0 0 543,1789 "Odd-21-A-5";
546 0 1 545,544 "Odd-21-S-5";
547 0 0 546,1790 "Odd-21-B-4";
548 0 0 546,1791 "Odd-21-A-4";
549 0 0 557,1773 "Odd-21-A-13";
550 0 0 359,1767 "Odd-21-A-16";
551 0 1 550,445 "Odd-21-S-16";
552 0 0 551,1768 "Odd-21-B-15";
553 0 0 551,1769 "Odd-21-A-15";
554 0 1 553,552 "Odd-21-S-15";
555 0 0 554,1770 "Odd-21-B-14";
556 0 0 554,1771 "Odd-21-A-14";
557 0 1 556,555 "Odd-21-S-14";
558 0 0 557,1772 "Odd-21-B-13";
559 0 1 548,547 "Odd-21-S-4";
560 0 1 549,558 "Odd-21-S-13";
561 0 0 560,1774 "Odd-21-B-12";
562 0 0 560,1775 "Odd-21-A-12";
563 0 1 562,561 "Odd-21-S-12";
564 0 0 563,1776 "Odd-21-B-11";
565 0 0 563,1777 "Odd-21-A-11";
566 0 1 565,564 "Odd-21-S-11";
567 0 0 566,1778 "Odd-21-B-10";
568 0 1 577,576 "Odd-20-S-15";
569 0 1 578,604 "Odd-20-S-18";
570 0 0 569,1764 "Odd-20-B-17";
571 0 0 569,1765 "Odd-20-A-17";
572 0 1 571,570 "Odd-20-S-17";
573 0 0 572,1766 "Odd-20-B-16";
574 0 0 572,1767 "Odd-20-A-16";
575 0 1 574,573 "Odd-20-S-16";
576 0 0 575,1768 "Odd-20-B-15";
577 0 0 575,1769 "Odd-20-A-15";
578 0 0 603,1763 "Odd-20-A-18";
579 0 0 568,1770 "Odd-20-B-14";
580 0 0 568,1771 "Odd-20-A-14";
581 0 1 580,579 "Odd-20-S-14";
582 0 0 581,1772 "Odd-20-B-13";
583 0 0 581,1773 "Odd-20-A-13";
584 0 1 583,582 "Odd-20-S-13";
585 0 0 584,1774 "Odd-20-B-12";
586 0 0 584,1775 "Odd-20-A-12";
587 0 1 595,594 "Odd-21-S-1";
588 0 0 559,1792 "Odd-21-B-3";
589 0 0 559,1793 "Odd-21-A-3";
590 0 1 589,588 "Odd-21-S-3";
591 0 0 590,1794 "Odd-21-B-2";
592 0 0 590,1795 "Odd-21-A-2";
593 0 1 592,591 "Odd-21-S-2";
594 0 0 593,1796 "Odd-21-B-1";
595 0 0 593,1797 "Odd-21-A-1";
596 0 1 143,56 "Odd-16-S-7";
597 0 0 587,1798 "Odd-21-B-0";
598 0 0 587,1799 "Odd-21-A-0";
599 0 1 598,597 "Odd-21-S-0";
600 0 1 995,1758,1756,1754,1752 "Odd-20-Z";
601 0 0 600,1760 "Odd-20-B-19";
602 0 0 600,1761 "Odd-20-A-19";
603 0 1 602,601 "Odd-20-S-19";
604 0 0 603,1762 "Odd-20-B-18";
605 0 0 622,1796 "Odd-4-B-1";
606 0 0 607,1786 "Odd-9-B-6";
607 0 1 608,609 "Odd-9-S-7";
608 0 0 610,1785 "Odd-9-A-7";
609 0 0 610,1784 "Odd-9-B-7";
610 0 1 611,612 "Odd-9-S-8";
611 0 0 613,1783 "Odd-9-A-8";
612 0 0 613,1782 "Odd-9-B-8";
613 0 1 1643,1780,1778,1776,1774,1772,1770,1768,1766,1764,1762,1760,1758,1756,1754,1752 "Odd-9-Z";
614 0 0 648,1799 "Odd-6-A-0";
615 0 1 614,649 "Odd-6-S-0";
616 0 1 617,618 "Odd-4-S-0";
617 0 0 619,1799 "Odd-4-A-0";
618 0 0 619,1798 "Odd-4-B-0";
619 0 1 620,605 "Odd-4-S-1";
620 0 0 622,1797 "Odd-4-A-1";
621 0 0 607,1787 "Odd-9-A-6";
622 0 1 623,624 "Odd-4-S-2";
623 0 0 625,1795 "Odd-4-A-2";
624 0 0 625,1794 "Odd-4-B-2";
625 0 1 626,627 "Odd-4-S-3";
626 0 0 628,1793 "Odd-4-A-3";
627 0 0 628,1792 "Odd-4-B-3";
628 0 1 1051,1790,1788,1786,1784,1782,1780,1778,1776,1774,1772,1770,1768,1766,1764,1762,1760,1758,1756,1754,1752 "Odd-4-Z";
629 0 0 842,1794 "Odd-10-B-2";
630 0 0 842,1795 "Odd-10-A-2";
631 0 1 630,629 "Odd-10-S-2";
632 0 0 631,1796 "Odd-10-B-1";
633 0 0 631,1797 "Odd-10-A-1";
634 0 1 633,632 "Odd-10-S-1";
635 0 0 634,1798 "Odd-10-B-0";
636 0 0 634,1799 "Odd-10-A-0";
637 0 1 654,655 "Odd-9-S-1";
638 0 0 717,1798 "Odd-12-B-0";
639 0 0 717,1799 "Odd-12-A-0";
640 0 1 639,638 "Odd-12-S-0";
641 0 0 796,1793 "Odd-6-A-3";
642 0 1 641,797 "Odd-6-S-3";
643 0 0 642,1794 "Odd-6-B-2";
644 0 0 642,1795 "Odd-6-A-2";
645 0 1 644,643 "Odd-6-S-2";
646 0 0 645,1796 "Odd-6-B-1";
647 0 0 645,1797 "Odd-6-A-1";
648 0 1 647,646 "Odd-6-S-1";
649 0 0 648,1798 "Odd-6-B-0";
650 0 1 651,652 "Odd-9-S-0";
651 0 0 637,1799 "Odd-9-A-0";
652 0 0 637,1798 "Odd-9-B-0";
653 0 1 636,635 "Odd-10-S-0";
654 0 0 656,1797 "Odd-9-A-1";
655 0 0 656,1796 "Odd-9-B-1";
656 0 1 657,658 "Odd-9-S-2";
657 0 0 659,1795 "Odd-9-A-2";
658 0 0 659,1794 "Odd-9-B-2";
659 0 1 660,661 "Odd-9-S-3";
660 0 0 662,1793 "Odd-9-A-3";
661 0 0 662,1792 "Odd-9-B-3";
662 0 1 663,664 "Odd-9-S-4";
663 0 0 665,1791 "Odd-9-A-4";
664 0 0 665,1790 "Odd-9-B-4";
665 0 1 666,667 "Odd-9-S-5";
666 0 0 668,1789 "Odd-9-A-5";
667 0 0 668,1788 "Odd-9-B-5";
668 0 1 621,606 "Odd-9-S-6";
669 0 0 683,1787 "Odd-11-A-6";
670 0 1 687,688 "Odd-11-S-1";
671 0 1 1382,1776,1774,1772,1770,1768,1766,1764,1762,1760,1758,1756,1754,1752 "Odd-11-Z";
672 0 0 671,1778 "Odd-11-B-10";
673 0 0 671,1779 "Odd-11-A-10";
674 0 1 673,672 "Odd-11-S-10";
675 0 0 674,1780 "Odd-11-B-9";
676 0 0 674,1781 "Odd-11-A-9";
677 0 1 676,675 "Odd-11-S-9";
678 0 0 677,1782 "Odd-11-B-8";
679 0 0 677,1783 "Odd-11-A-8";
680 0 1 679,678 "Odd-11-S-8";
681 0 0 680,1784 "Odd-11-B-7";
682 0 0 680,1785 "Odd-11-A-7";
683 0 1 682,681 "Odd-11-S-7";
684 0 0 683,1786 "Odd-11-B-6";
685 0 0 670,1798 "Odd-11-B-0";
686 0 1 669,684 "Odd-11-S-6";
687 0 0 689,1797 "Odd-11-A-1";
688 0 0 689,1796 "Odd-11-B-1";
689 0 1 690,691 "Odd-11-S-2";
690 0 0 692,1795 "Odd-11-A-2";
691 0 0 692,1794 "Odd-11-B-2";
692 0 1 693,694 "Odd-11-S-3";
693 0 0 695,1793 "Odd-11-A-3";
694 0 0 695,1792 "Odd-11-B-3";
695 0 1 696,697 "Odd-11-S-4";
696 0 0 698,1791 "Odd-11-A-4";
697 0 0 698,1790 "Odd-11-B-4";
698 0 1 699,700 "Odd-11-S-5";
699 0 0 686,1789 "Odd-11-A-5";
700 0 0 686,1788 "Odd-11-B-5";
701 0 0 719,1795 "Odd-5-A-2";
702 0 0 704,1793 "Odd-7-A-3";
703 0 0 704,1792 "Odd-7-B-3";
704 0 1 705,706 "Odd-7-S-4";
705 0 0 707,1791 "Odd-7-A-4";
706 0 0 707,1790 "Odd-7-B-4";
707 0 1 708,709 "Odd-7-S-5";
708 0 0 726,1789 "Odd-7-A-5";
709 0 0 726,1788 "Odd-7-B-5";
710 0 1 711,712 "Odd-5-S-0";
711 0 0 713,1799 "Odd-5-A-0";
712 0 0 713,1798 "Odd-5-B-0";
713 0 1 714,715 "Odd-5-S-1";
714 0 0 716,1797 "Odd-5-A-1";
715 0 0 716,1796 "Odd-5-B-1";
716 0 1 701,718 "Odd-5-S-2";
717 0 1 778,822 "Odd-12-S-1";
718 0 0 719,1794 "Odd-5-B-2";
719 0 1 720,721 "Odd-5-S-3";
720 0 0 722,1793 "Odd-5-A-3";
721 0 0 722,1792 "Odd-5-B-3";
722 0 1 723,724 "Odd-5-S-4";
723 0 0 725,1791 "Odd-5-A-4";
724 0 0 725,1790 "Odd-5-B-4";
725 0 1 1114,1788,1786,1784,1782,1780,1778,1776,1774,1772,1770,1768,1766,1764,1762,1760,1758,1756,1754,1752 "Odd-5-Z";
726 0 1 727,728 "Odd-7-S-6";
727 0 0 729,1787 "Odd-7-A-6";
728 0 0 729,1786 "Odd-7-B-6";
729 0 1 968,1784,1782,1780,1778,1776,1774,1772,1770,1768,1766,1764,1762,1760,1758,1756,1754,1752 "Odd-7-Z";
730 0 1 731,685 "Odd-11-S-0";
731 0 0 670,1799 "Odd-11-A-0";
732 0 0 750,1795 "Odd-3-A-2";
733 0 1 748,792 "Odd-8-S-4";
734 0 1 735,736 "Odd-3-S-0";
735 0 0 737,1799 "Odd-3-A-0";
736 0 0 737,1798 "Odd-3-B-0";
737 0 1 738,739 "Odd-3-S-1";
738 0 0 740,1797 "Odd-3-A-1";
739 0 0 740,1796 "Odd-3-B-1";
740 0 1 732,749 "Odd-3-S-2";
741 0 1 1503,1774,1772,1770,1768,1766,1764,1762,1760,1758,1756,1754,1752 "Odd-12-Z";
742 0 0 741,1776 "Odd-12-B-11";
743 0 0 741,1777 "Odd-12-A-11";
744 0 1 743,742 "Odd-12-S-11";
745 0 0 744,1778 "Odd-12-B-10";
746 0 0 744,1779 "Odd-12-A-10";
747 0 1 746,745 "Odd-12-S-10";
748 0 0 791,1791 "Odd-8-A-4";
749 0 0 750,1794 "Odd-3-B-2";
750 0 1 1072,1792,1790,1788,1786,1784,1782,1780,1778,1776,1774,1772,1770,1768,1766,1764,1762,1760,1758,1756,1754,1752 "Odd-3-Z";
751 0 0 733,1792 "Odd-8-B-3";
752 0 0 733,1793 "Odd-8-A-3";
753 0 1 752,751 "Odd-8-S-3";
754 0 0 753,1794 "Odd-8-B-2";
755 0 0 753,1795 "Odd-8-A-2";
756 0 1 755,754 "Odd-8-S-2";
757 0 0 756,1796 "Odd-8-B-1";
758 0 0 756,1797 "Odd-8-A-1";
759 0 1 758,757 "Odd-8-S-1";
760 0 0 759,1798 "Odd-8-B-0";
761 0 0 759,1799 "Odd-8-A-0";
762 0 1 761,760 "Odd-8-S-0";
763 0 0 779,1798 "Odd-2-B-0";
764 0 1 765,766 "Odd-1-S-0";
765 0 0 767,1799 "Odd-1-A-0";
766 0 0 767,1798 "Odd-1-B-0";
767 0 1 1091,1796,1794,1792,1790,1788,1786,1784,1782,1780,1778,1776,1774,1772,1770,1768,1766,1764,1762,1760,1758,1756,1754,1752 "Odd-1-Z";
768 0 1 769,770 "Odd-7-S-0";
769 0 0 771,1799 "Odd-7-A-0";
770 0 0 771,1798 "Odd-7-B-0";
771 0 1 772,773 "Odd-7-S-1";
772 0 0 824,1797 "Odd-7-A-1";
773 0 0 824,1796 "Odd-7-B-1";
774 0 1 996,1782,1780,1778,1776,1774,1772,1770,1768,1766,1764,1762,1760,1758,1756,1754,1752 "Odd-8-Z";
775 0 0 774,1784 "Odd-8-B-7";
776 0 1 777,763 "Odd-2-S-0";
777 0 0 779,1799 "Odd-2-A-0";
778 0 0 821,1797 "Odd-12-A-1";
779 0 1 780,781 "Odd-2-S-1";
780 0 0 782,1797 "Odd-2-A-1";
781 0 0 782,1796 "Odd-2-B-1";
782 0 1 1083,1794,1792,1790,1788,1786,1784,1782,1780,1778,1776,1774,1772,1770,1768,1766,1764,1762,1760,1758,1756,1754,1752 "Odd-2-Z";
783 0 0 774,1785 "Odd-8-A-7";
784 0 1 783,775 "Odd-8-S-7";
785 0 0 784,1786 "Odd-8-B-6";
786 0 0 784,1787 "Odd-8-A-6";
787 0 1 786,785 "Odd-8-S-6";
788 0 0 787,1788 "Odd-8-B-5";
789 0 0 787,1789 "Odd-8-A-5";
790 0 1 1096,1798,1796,1794,1792,1790,1788,1786,1784,1782,1780,1778,1776,1774,1772,1770,1768,1766,1764,1762,1760,1758,1756,1754,1752 "Odd-0-Z";
791 0 1 789,788 "Odd-8-S-5";
792 0 0 791,1790 "Odd-8-B-4";
793 0 0 806,1787 "Odd-12-A-6";
794 0 0 839,1790 "Odd-6-B-4";
795 0 0 839,1791 "Odd-6-A-4";
796 0 1 795,794 "Odd-6-S-4";
797 0 0 796,1792 "Odd-6-B-3";
798 0 0 747,1780 "Odd-12-B-9";
799 0 0 747,1781 "Odd-12-A-9";
800 0 1 799,798 "Odd-12-S-9";
801 0 0 800,1782 "Odd-12-B-8";
802 0 0 800,1783 "Odd-12-A-8";
803 0 1 802,801 "Odd-12-S-8";
804 0 0 803,1784 "Odd-12-B-7";
805 0 0 803,1785 "Odd-12-A-7";
806 0 1 805,804 "Odd-12-S-7";
807 0 0 806,1786 "Odd-12-B-6";
808 0 0 826,1795 "Odd-7-A-2";
809 0 1 793,807 "Odd-12-S-6";
810 0 0 809,1788 "Odd-12-B-5";
811 0 0 809,1789 "Odd-12-A-5";
812 0 1 811,810 "Odd-12-S-5";
813 0 0 812,1790 "Odd-12-B-4";
814 0 0 812,1791 "Odd-12-A-4";
815 0 1 814,813 "Odd-12-S-4";
816 0 0 815,1792 "Odd-12-B-3";
817 0 0 815,1793 "Odd-12-A-3";
818 0 1 817,816 "Odd-12-S-3";
819 0 0 818,1794 "Odd-12-B-2";
820 0 0 818,1795 "Odd-12-A-2";
821 0 1 820,819 "Odd-12-S-2";
822 0 0 821,1796 "Odd-12-B-1";
823 0 0 841,1789 "Odd-6-A-5";
824 0 1 808,825 "Odd-7-S-2";
825 0 0 826,1794 "Odd-7-B-2";
826 0 1 702,703 "Odd-7-S-3";
827 0 1 1720,1778,1776,1774,1772,1770,1768,1766,1764,1762,1760,1758,1756,1754,1752 "Odd-10-Z";
828 0 0 827,1780 "Odd-10-B-9";
829 0 0 827,1781 "Odd-10-A-9";
830 0 1 829,828 "Odd-10-S-9";
831 0 0 830,1782 "Odd-10-B-8";
832 0 0 830,1783 "Odd-10-A-8";
833 0 1 832,831 "Odd-10-S-8";
834 0 0 833,1784 "Odd-10-B-7";
835 0 0 833,1785 "Odd-10-A-7";
836 0 1 835,834 "Odd-10-S-7";
837 0 0 836,1786 "Odd-10-B-6";
838 0 1 851,837 "Odd-10-S-6";
839 0 1 823,840 "Odd-6-S-5";
840 0 0 841,1788 "Odd-6-B-5";
841 0 1 1138,1786,1784,1782,1780,1778,1776,1774,1772,1770,1768,1766,1764,1762,1760,1758,1756,1754,1752 "Odd-6-Z";
842 0 1 843,844 "Odd-10-S-3";
843 0 0 845,1793 "Odd-10-A-3";
844 0 0 845,1792 "Odd-10-B-3";
845 0 1 846,847 "Odd-10-S-4";
846 0 0 848,1791 "Odd-10-A-4";
847 0 0 848,1790 "Odd-10-B-4";
848 0 1 849,850 "Odd-10-S-5";
849 0 0 838,1789 "Odd-10-A-5";
850 0 0 838,1788 "Odd-10-B-5";
851 0 0 836,1787 "Odd-10-A-6";
852 1 0 854,855 "Even-21-S-1";
853 1 1 994,1761 "Even-20-B-19";
854 1 1 856,1796 "Even-21-A-1";
855 1 1 856,1797 "Even-21-B-1";
856 1 0 857,858 "Even-21-S-2";
857 1 1 860,1794 "Even-21-A-2";
858 1 1 860,1795 "Even-21-B-2";
859 1 1 892,1792 "Even-21-A-3";
860 1 0 859,878 "Even-21-S-3";
861 1 1 852,1799 "Even-21-B-0";
862 1 1 877,1783 "Even-21-B-8";
863 1 1 1242,1773 "Even-21-B-13";
864 1 1 1242,1772 "Even-21-A-13";
865 1 0 864,863 "Even-21-S-13";
866 1 1 865,1775 "Even-21-B-12";
867 1 1 865,1774 "Even-21-A-12";
868 1 0 867,866 "Even-21-S-12";
869 1 1 868,1777 "Even-21-B-11";
870 1 1 868,1776 "Even-21-A-11";
871 1 0 870,869 "Even-21-S-11";
872 1 1 871,1779 "Even-21-B-10";
873 1 1 871,1778 "Even-21-A-10";
874 1 0 873,872 "Even-21-S-10";
875 1 1 874,1781 "Even-21-B-9";
876 1 1 874,1780 "Even-21-A-9";
877 1 0 876,875 "Even-21-S-9";
878 1 1 892,1793 "Even-21-B-3";
879 1 1 877,1782 "Even-21-A-8";
880 1 0 879,862 "Even-21-S-8";
881 1 1 880,1785 "Even-21-B-7";
882 1 1 880,1784 "Even-21-A-7";
883 1 0 882,881 "Even-21-S-7";
884 1 1 883,1787 "Even-21-B-6";
885 1 1 883,1786 "Even-21-A-6";
886 1 0 885,884 "Even-21-S-6";
887 1 1 886,1789 "Even-21-B-5";
888 1 1 886,1788 "Even-21-A-5";
889 1 0 888,887 "Even-21-S-5";
890 1 1 889,1791 "Even-21-B-4";
891 1 1 889,1790 "Even-21-A-4";
892 1 0 891,890 "Even-21-S-4";
893 1 0 908,909 "Even-20-S-9";
894 1 1 895,1791 "Even-20-B-4";
895 1 0 896,897 "Even-20-S-5";
896 1 1 898,1788 "Even-20-A-5";
897 1 1 898,1789 "Even-20-B-5";
898 1 0 899,900 "Even-20-S-6";
899 1 1 901,1786 "Even-20-A-6";
900 1 1 901,1787 "Even-20-B-6";
901 1 0 902,903 "Even-20-S-7";
902 1 1 904,1784 "Even-20-A-7";
903 1 1 904,1785 "Even-20-B-7";
904 1 0 905,906 "Even-20-S-8";
905 1 1 893,1782 "Even-20-A-8";
906 1 1 893,1783 "Even-20-B-8";
907 1 1 895,1790 "Even-20-A-4";
908 1 1 910,1780 "Even-20-A-9";
909 1 1 910,1781 "Even-20-B-9";
910 1 0 911,912 "Even-20-S-10";
911 1 1 913,1778 "Even-20-A-10";
912 1 1 913,1779 "Even-20-B-10";
913 1 0 914,915 "Even-20-S-11";
914 1 1 916,1776 "Even-20-A-11";
915 1 1 916,1777 "Even-20-B-11";
916 1 0 917,918 "Even-20-S-12";
917 1 1 919,1774 "Even-20-A-12";
918 1 1 919,1775 "Even-20-B-12";
919 1 0 920,935 "Even-20-S-13";
920 1 1 976,1772 "Even-20-A-13";
921 1 0 936,937 "Even-20-S-0";
922 1 0 1696,1498 "Even-9-S-4";
923 1 1 922,1793 "Even-9-B-3";
924 1 1 922,1792 "Even-9-A-3";
925 1 0 924,923 "Even-9-S-3";
926 1 1 925,1795 "Even-9-B-2";
927 1 1 925,1794 "Even-9-A-2";
928 1 0 927,926 "Even-9-S-2";
929 1 1 928,1797 "Even-9-B-1";
930 1 1 928,1796 "Even-9-A-1";
931 1 0 930,929 "Even-9-S-1";
932 1 1 931,1799 "Even-9-B-0";
933 1 1 931,1798 "Even-9-A-0";
934 1 0 933,932 "Even-9-S-0";
935 1 1 976,1773 "Even-20-B-13";
936 1 1 938,1798 "Even-20-A-0";
937 1 1 938,1799 "Even-20-B-0";
938 1 0 939,940 "Even-20-S-1";
939 1 1 941,1796 "Even-20-A-1";
940 1 1 941,1797 "Even-20-B-1";
941 1 0 942,943 "Even-20-S-2";
942 1 1 944,1794 "Even-20-A-2";
943 1 1 944,1795 "Even-20-B-2";
944 1 0 945,946 "Even-20-S-3";
945 1 1 947,1792 "Even-20-A-3";
946 1 1 947,1793 "Even-20-B-3";
947 1 0 907,894 "Even-20-S-4";
948 1 1 961,1797 "Even-8-B-1";
949 1 0 962,1001 "Even-8-S-6";
950 1 1 949,1789 "Even-8-B-5";
951 1 1 949,1788 "Even-8-A-5";
952 1 0 951,950 "Even-8-S-5";
953 1 1 952,1791 "Even-8-B-4";
954 1 1 952,1790 "Even-8-A-4";
955 1 0 954,953 "Even-8-S-4";
956 1 1 955,1793 "Even-8-B-3";
957 1 1 955,1792 "Even-8-A-3";
958 1 0 957,956 "Even-8-S-3";
959 1 1 958,1795 "Even-8-B-2";
960 1 1 958,1794 "Even-8-A-2";
961 1 0 960,959 "Even-8-S-2";
962 1 1 1000,1786 "Even-8-A-6";
963 1 1 961,1796 "Even-8-A-1";
964 1 0 963,948 "Even-8-S-1";
965 1 1 964,1799 "Even-8-B-0";
966 1 1 964,1798 "Even-8-A-0";
967 1 0 966,965 "Even-8-S-0";
968 1 0 1833,768 "Odd-7-T";
969 1 0 1749,1783,1781,1779,1777,1775,1773,1771,1769,1767,1765,1763,1761,1759,1757,1755,1753 "Even-7-Z";
970 1 1 969,1787 "Even-7-B-6";
971 1 1 969,1786 "Even-7-A-6";
972 1 0 971,970 "Even-7-S-6";
973 1 1 972,1789 "Even-7-B-5";
974 1 0 989,861 "Even-21-S-0";
975 1 1 991,1762 "Even-20-A-18";
976 1 0 977,978 "Even-20-S-14";
977 1 1 979,1770 "Even-20-A-14";
978 1 1 979,1771 "Even-20-B-14";
979 1 0 980,981 "Even-20-S-15";
980 1 1 982,1768 "Even-20-A-15";
981 1 1 982,1769 "Even-20-B-15";
982 1 0 983,984 "Even-20-S-16";
983 1 1 985,1766 "Even-20-A-16";
984 1 1 985,1767 "Even-20-B-16";
985 1 0 986,987 "Even-20-S-17";
986 1 1 988,1764 "Even-20-A-17";
987 1 1 988,1765 "Even-20-B-17";
988 1 0 975,990 "Even-20-S-18";
989 1 1 852,1798 "Even-21-A-0";
990 1 1 991,1763 "Even-20-B-18";
991 1 0 992,853 "Even-20-S-19";
992 1 1 994,1760 "Even-20-A-19";
993 1 1 1148,1794 "Even-6-A-2";
994 1 0 1733,1757,1755,1753 "Even-20-Z";
995 1 0 1807,471 "Odd-20-T";
996 1 0 1831,762 "Odd-8-T";
997 1 0 1738,1781,1779,1777,1775,1773,1771,1769,1767,1765,1763,1761,1759,1757,1755,1753 "Even-8-Z";
998 1 1 997,1785 "Even-8-B-7";
999 1 1 997,1784 "Even-8-A-7";
1000 1 0 999,998 "Even-8-S-7";
1001 1 1 1000,1787 "Even-8-B-6";
1002 1 1 1019,1789 "Even-23-B-5";
1003 1 1 1004,1799 "Even-23-B-0";
1004 1 0 1005,1006 "Even-23-S-1";
1005 1 1 1007,1796 "Even-23-A-1";
1006 1 1 1007,1797 "Even-23-B-1";
1007 1 0 1008,1009 "Even-23-S-2";
1008 1 1 1010,1794 "Even-23-A-2";
1009 1 1 1010,1795 "Even-23-B-2";
1010 1 0 1011,1012 "Even-23-S-3";
1011 1 1 1013,1792 "Even-23-A-3";
1012 1 1 1013,1793 "Even-23-B-3";
1013 1 0 1014,1015 "Even-23-S-4";
1014 1 1 1016,1790 "Even-23-A-4";
1015 1 1 1016,1791 "Even-23-B-4";
1016 1 0 1017,1002 "Even-23-S-5";
1017 1 1 1019,1788 "Even-23-A-5";
1018 1 1 1004,1798 "Even-23-A-0";
1019 1 0 1020,1021 "Even-23-S-6";
1020 1 1 1022,1786 "Even-23-A-6";
1021 1 1 1022,1787 "Even-23-B-6";
1022 1 0 1023,1024 "Even-23-S-7";
1023 1 1 1025,1784 "Even-23-A-7";
1024 1 1 1025,1785 "Even-23-B-7";
1025 1 0 1026,1027 "Even-23-S-8";
1026 1 1 1028,1782 "Even-23-A-8";
1027 1 1 1028,1783 "Even-23-B-8";
1028 1 0 1029,1030 "Even-23-S-9";
1029 1 1 1031,1780 "Even-23-A-9";
1030 1 1 1031,1781 "Even-23-B-9";
1031 1 0 1032,1033 "Even-23-S-10";
1032 1 1 1050,1778 "Even-23-A-10";
1033 1 1 1050,1779 "Even-23-B-10";
1034 1 0 1049,1048 "Even-5-S-0";
1035 1 0 1739,1787,1785,1783,1781,1779,1777,1775,1773,1771,1769,1767,1765,1763,1761,1759,1757,1755,1753 "Even-5-Z";
1036 1 1 1035,1791 "Even-5-B-4";
1037 1 1 1035,1790 "Even-5-A-4";
1038 1 0 1037,1036 "Even-5-S-4";
1039 1 1 1038,1793 "Even-5-B-3";
1040 1 1 1038,1792 "Even-5-A-3";
1041 1 0 1040,1039 "Even-5-S-3";
1042 1 1 1041,1795 "Even-5-B-2";
1043 1 1 1041,1794 "Even-5-A-2";
1044 1 0 1043,1042 "Even-5-S-2";
1045 1 1 1044,1797 "Even-5-B-1";
1046 1 1 1044,1796 "Even-5-A-1";
1047 1 0 1046,1045 "Even-5-S-1";
1048 1 1 1047,1799 "Even-5-B-0";
1049 1 1 1047,1798 "Even-5-A-0";
1050 1 0 1099,1100 "Even-23-S-11";
1051 1 0 1839,616 "Odd-4-T";
1052 1 0 1734,1789,1787,1785,1783,1781,1779,1777,1775,1773,1771,1769,1767,1765,1763,1761,1759,1757,1755,1753 "Even-4-Z";
1053 1 1 1052,1793 "Even-4-B-3";
1054 1 1 1052,1792 "Even-4-A-3";
1055 1 0 1054,1053 "Even-4-S-3";
1056 1 1 1055,1795 "Even-4-B-2";
1057 1 1 1055,1794 "Even-4-A-2";
1058 1 0 1057,1056 "Even-4-S-2";
1059 1 1 1058,1797 "Even-4-B-1";
1060 1 1 1058,1796 "Even-4-A-1";
1061 1 0 1060,1059 "Even-4-S-1";
1062 1 1 1061,1799 "Even-4-B-0";
1063 1 1 1061,1798 "Even-4-A-0";
1064 1 0 1063,1062 "Even-4-S-0";
1065 1 0 1018,1003 "Even-23-S-0";
1066 1 0 1081,1080 "Even-3-S-0";
1067 1 0 1068,1069 "Even-23-S-22";
1068 1 1 1070,1754 "Even-23-A-22";
1069 1 1 1070,1755 "Even-23-B-22";
1070 1 0 1737 "Even-23-Z";
1071 1 0 1801,431 "Odd-23-T";
1072 1 0 1841,734 "Odd-3-T";
1073 1 0 1732,1791,1789,1787,1785,1783,1781,1779,1777,1775,1773,1771,1769,1767,1765,1763,1761,1759,1757,1755,1753 "Even-3-Z";
1074 1 1 1073,1795 "Even-3-B-2";
1075 1 1 1073,1794 "Even-3-A-2";
1076 1 0 1075,1074 "Even-3-S-2";
1077 1 1 1076,1797 "Even-3-B-1";
1078 1 1 1076,1796 "Even-3-A-1";
1079 1 0 1078,1077 "Even-3-S-1";
1080 1 1 1079,1799 "Even-3-B-0";
1081 1 1 1079,1798 "Even-3-A-0";
1082 1 1 1067,1757 "Even-23-B-21";
1083 1 0 1843,776 "Odd-2-T";
1084 1 0 1730,1793,1791,1789,1787,1785,1783,1781,1779,1777,1775,1773,1771,1769,1767,1765,1763,1761,1759,1757,1755,1753 "Even-2-Z";
1085 1 1 1084,1797 "Even-2-B-1";
1086 1 1 1084,1796 "Even-2-A-1";
1087 1 0 1086,1085 "Even-2-S-1";
1088 1 1 1087,1799 "Even-2-B-0";
1089 1 1 1087,1798 "Even-2-A-0";
1090 1 0 1089,1088 "Even-2-S-0";
1091 1 0 1845,764 "Odd-1-T";
1092 1 0 1729,1795,1793,1791,1789,1787,1785,1783,1781,1779,1777,1775,1773,1771,1769,1767,1765,1763,1761,1759,1757,1755,1753 "Even-1-Z";
1093 1 1 1092,1799 "Even-1-B-0";
1094 1 1 1092,1798 "Even-1-A-0";
1095 1 0 1094,1093 "Even-1-S-0";
1096 1 0 1847,790 "Odd-0-T";
1097 1 0 1728,1797,1795,1793,1791,1789,1787,1785,1783,1781,1779,1777,1775,1773,1771,1769,1767,1765,1763,1761,1759,1757,1755,1753 "Even-0-Z";
1098 1 1 1116,1766 "Even-23-A-16";
1099 1 1 1101,1776 "Even-23-A-11";
1100 1 1 1101,1777 "Even-23-B-11";
1101 1 0 1102,1103 "Even-23-S-12";
1102 1 1 1104,1774 "Even-23-A-12";
1103 1 1 1104,1775 "Even-23-B-12";
1104 1 0 1105,1106 "Even-23-S-13";
1105 1 1 1107,1772 "Even-23-A-13";
1106 1 1 1107,1773 "Even-23-B-13";
1107 1 0 1108,1109 "Even-23-S-14";
1108 1 1 1110,1770 "Even-23-A-14";
1109 1 1 1110,1771 "Even-23-B-14";
1110 1 0 1111,1112 "Even-23-S-15";
1111 1 1 1113,1768 "Even-23-A-15";
1112 1 1 1113,1769 "Even-23-B-15";
1113 1 0 1098,1115 "Even-23-S-16";
1114 1 0 1837,710 "Odd-5-T";
1115 1 1 1116,1767 "Even-23-B-16";
1116 1 0 1117,1118 "Even-23-S-17";
1117 1 1 1119,1764 "Even-23-A-17";
1118 1 1 1119,1765 "Even-23-B-17";
1119 1 0 1120,1121 "Even-23-S-18";
1120 1 1 1122,1762 "Even-23-A-18";
1121 1 1 1122,1763 "Even-23-B-18";
1122 1 0 1123,1124 "Even-23-S-19";
1123 1 1 1125,1760 "Even-23-A-19";
1124 1 1 1125,1761 "Even-23-B-19";
1125 1 0 1126,1127 "Even-23-S-20";
1126 1 1 1128,1758 "Even-23-A-20";
1127 1 1 1128,1759 "Even-23-B-20";
1128 1 0 1129,1082 "Even-23-S-21";
1129 1 1 1067,1756 "Even-23-A-21";
1130 1 1 1145,1793 "Even-6-B-3";
1131 1 0 1146,1193 "Even-7-S-2";
1132 1 1 1131,1797 "Even-7-B-1";
1133 1 1 1131,1796 "Even-7-A-1";
1134 1 0 1133,1132 "Even-7-S-1";
1135 1 1 1134,1799 "Even-7-B-0";
1136 1 1 1134,1798 "Even-7-A-0";
1137 1 0 1136,1135 "Even-7-S-0";
1138 1 0 1835,615 "Odd-6-T";
1139 1 0 1748,1785,1783,1781,1779,1777,1775,1773,1771,1769,1767,1765,1763,1761,1759,1757,1755,1753 "Even-6-Z";
1140 1 1 1139,1789 "Even-6-B-5";
1141 1 1 1139,1788 "Even-6-A-5";
1142 1 0 1141,1140 "Even-6-S-5";
1143 1 1 1142,1791 "Even-6-B-4";
1144 1 1 1142,1790 "Even-6-A-4";
1145 1 0 1144,1143 "Even-6-S-4";
1146 1 1 1192,1794 "Even-7-A-2";
1147 1 1 1145,1792 "Even-6-A-3";
1148 1 0 1147,1130 "Even-6-S-3";
1149 1 1 1148,1795 "Even-6-B-2";
1150 1 1 1421,1778 "Even-13-A-10";
1151 1 0 993,1149 "Even-6-S-2";
1152 1 1 1151,1797 "Even-6-B-1";
1153 1 1 1151,1796 "Even-6-A-1";
1154 1 0 1153,1152 "Even-6-S-1";
1155 1 1 1154,1799 "Even-6-B-0";
1156 1 1 1154,1798 "Even-6-A-0";
1157 1 0 1156,1155 "Even-6-S-0";
1158 1 0 1159,1160 "Even-22-S-0";
1159 1 1 1161,1798 "Even-22-A-0";
1160 1 1 1161,1799 "Even-22-B-0";
1161 1 0 1178,1227 "Even-22-S-1";
1162 1 1 1180,1760 "Even-21-A-19";
1163 1 1 1165,1770 "Even-21-A-14";
1164 1 1 1165,1771 "Even-21-B-14";
1165 1 0 1166,1167 "Even-21-S-15";
1166 1 1 1168,1768 "Even-21-A-15";
1167 1 1 1168,1769 "Even-21-B-15";
1168 1 0 1169,1170 "Even-21-S-16";
1169 1 1 1171,1766 "Even-21-A-16";
1170 1 1 1171,1767 "Even-21-B-16";
1171 1 0 1172,1173 "Even-21-S-17";
1172 1 1 1174,1764 "Even-21-A-17";
1173 1 1 1174,1765 "Even-21-B-17";
1174 1 0 1175,1176 "Even-21-S-18";
1175 1 1 1177,1762 "Even-21-A-18";
1176 1 1 1177,1763 "Even-21-B-18";
1177 1 0 1162,1179 "Even-21-S-19";
1178 1 1 1228,1796 "Even-22-A-1";
1179 1 1 1180,1761 "Even-21-B-19";
1180 1 0 1181,1182 "Even-21-S-20";
1181 1 1 1183,1758 "Even-21-A-20";
1182 1 1 1183,1759 "Even-21-B-20";
1183 1 0 1742,1755,1753 "Even-21-Z";
1184 1 0 1805,599 "Odd-21-T";
1185 1 1 972,1788 "Even-7-A-5";
1186 1 0 1185,973 "Even-7-S-5";
1187 1 1 1186,1791 "Even-7-B-4";
1188 1 1 1186,1790 "Even-7-A-4";
1189 1 0 1188,1187 "Even-7-S-4";
1190 1 1 1189,1793 "Even-7-B-3";
1191 1 1 1189,1792 "Even-7-A-3";
1192 1 0 1191,1190 "Even-7-S-3";
1193 1 1 1192,1795 "Even-7-B-2";
1194 1 1 1212,1764 "Even-22-A-17";
1195 1 1 1197,1774 "Even-22-A-12";
1196 1 1 1197,1775 "Even-22-B-12";
1197 1 0 1198,1199 "Even-22-S-13";
1198 1 1 1200,1772 "Even-22-A-13";
1199 1 1 1200,1773 "Even-22-B-13";
1200 1 0 1201,1202 "Even-22-S-14";
1201 1 1 1203,1770 "Even-22-A-14";
1202 1 1 1203,1771 "Even-22-B-14";
1203 1 0 1204,1205 "Even-22-S-15";
1204 1 1 1206,1768 "Even-22-A-15";
1205 1 1 1206,1769 "Even-22-B-15";
1206 1 0 1207,1208 "Even-22-S-16";
1207 1 1 1209,1766 "Even-22-A-16";
1208 1 1 1209,1767 "Even-22-B-16";
1209 1 0 1194,1211 "Even-22-S-17";
1210 1 0 1195,1196 "Even-22-S-12";
1211 1 1 1212,1765 "Even-22-B-17";
1212 1 0 1213,1214 "Even-22-S-18";
1213 1 1 1215,1762 "Even-22-A-18";
1214 1 1 1215,1763 "Even-22-B-18";
1215 1 0 1216,1217 "Even-22-S-19";
1216 1 1 1218,1760 "Even-22-A-19";
1217 1 1 1218,1761 "Even-22-B-19";
1218 1 0 1219,1220 "Even-22-S-20";
1219 1 1 1221,1758 "Even-22-A-20";
1220 1 1 1221,1759 "Even-22-B-20";
1221 1 0 1222,1223 "Even-22-S-21";
1222 1 1 1224,1756 "Even-22-A-21";
1223 1 1 1224,1757 "Even-22-B-21";
1224 1 0 1747,1753 "Even-22-Z";
1225 1 0 1803,346 "Odd-22-T";
1226 1 1 1243,1787 "Even-22-B-6";
1227 1 1 1228,1797 "Even-22-B-1";
1228 1 0 1229,1230 "Even-22-S-2";
1229 1 1 1231,1794 "Even-22-A-2";
1230 1 1 1231,1795 "Even-22-B-2";
1231 1 0 1232,1233 "Even-22-S-3";
1232 1 1 1234,1792 "Even-22-A-3";
1233 1 1 1234,1793 "Even-22-B-3";
1234 1 0 1235,1236 "Even-22-S-4";
1235 1 1 1237,1790 "Even-22-A-4";
1236 1 1 1237,1791 "Even-22-B-4";
1237 1 0 1238,1239 "Even-22-S-5";
1238 1 1 1240,1788 "Even-22-A-5";
1239 1 1 1240,1789 "Even-22-B-5";
1240 1 0 1241,1226 "Even-22-S-6";
1241 1 1 1243,1786 "Even-22-A-6";
1242 1 0 1163,1164 "Even-21-S-14";
1243 1 0 1244,1245 "Even-22-S-7";
1244 1 1 1246,1784 "Even-22-A-7";
1245 1 1 1246,1785 "Even-22-B-7";
1246 1 0 1247,1248 "Even-22-S-8";
1247 1 1 1249,1782 "Even-22-A-8";
1248 1 1 1249,1783 "Even-22-B-8";
1249 1 0 1250,1251 "Even-22-S-9";
1250 1 1 1252,1780 "Even-22-A-9";
1251 1 1 1252,1781 "Even-22-B-9";
1252 1 0 1253,1254 "Even-22-S-10";
1253 1 1 1255,1778 "Even-22-A-10";
1254 1 1 1255,1779 "Even-22-B-10";
1255 1 0 1256,1257 "Even-22-S-11";
1256 1 1 1210,1776 "Even-22-A-11";
1257 1 1 1210,1777 "Even-22-B-11";
1258 1 0 1275,1276 "Even-16-S-2";
1259 1 1 1274,1795 "Even-12-B-2";
1260 1 1 1274,1794 "Even-12-A-2";
1261 1 0 1260,1259 "Even-12-S-2";
1262 1 1 1261,1797 "Even-12-B-1";
1263 1 1 1261,1796 "Even-12-A-1";
1264 1 0 1263,1262 "Even-12-S-1";
1265 1 1 1264,1799 "Even-12-B-0";
1266 1 1 1264,1798 "Even-12-A-0";
1267 1 0 1266,1265 "Even-12-S-0";
1268 1 0 1269,1270 "Even-16-S-0";
1269 1 1 1271,1798 "Even-16-A-0";
1270 1 1 1271,1799 "Even-16-B-0";
1271 1 0 1272,1273 "Even-16-S-1";
1272 1 1 1258,1796 "Even-16-A-1";
1273 1 1 1258,1797 "Even-16-B-1";
1274 1 0 1321,1320 "Even-12-S-3";
1275 1 1 1277,1794 "Even-16-A-2";
1276 1 1 1277,1795 "Even-16-B-2";
1277 1 0 1278,1279 "Even-16-S-3";
1278 1 1 1280,1792 "Even-16-A-3";
1279 1 1 1280,1793 "Even-16-B-3";
1280 1 0 1281,1282 "Even-16-S-4";
1281 1 1 1283,1790 "Even-16-A-4";
1282 1 1 1283,1791 "Even-16-B-4";
1283 1 0 1284,1285 "Even-16-S-5";
1284 1 1 1286,1788 "Even-16-A-5";
1285 1 1 1286,1789 "Even-16-B-5";
1286 1 0 1287,1288 "Even-16-S-6";
1287 1 1 1289,1786 "Even-16-A-6";
1288 1 1 1289,1787 "Even-16-B-6";
1289 1 0 1306,1355 "Even-16-S-7";
1290 1 1 1513,1782 "Even-12-A-8";
1291 1 0 1292,1293 "Even-15-S-11";
1292 1 1 1294,1776 "Even-15-A-11";
1293 1 1 1294,1777 "Even-15-B-11";
1294 1 0 1295,1296 "Even-15-S-12";
1295 1 1 1297,1774 "Even-15-A-12";
1296 1 1 1297,1775 "Even-15-B-12";
1297 1 0 1298,1299 "Even-15-S-13";
1298 1 1 1300,1772 "Even-15-A-13";
1299 1 1 1300,1773 "Even-15-B-13";
1300 1 0 1301,1302 "Even-15-S-14";
1301 1 1 1303,1770 "Even-15-A-14";
1302 1 1 1303,1771 "Even-15-B-14";
1303 1 0 1745,1767,1765,1763,1761,1759,1757,1755,1753 "Even-15-Z";
1304 1 0 1817,277 "Odd-15-T";
1305 1 1 1513,1783 "Even-12-B-8";
1306 1 1 1356,1784 "Even-16-A-7";
1307 1 0 1290,1305 "Even-12-S-8";
1308 1 1 1307,1785 "Even-12-B-7";
1309 1 1 1307,1784 "Even-12-A-7";
1310 1 0 1309,1308 "Even-12-S-7";
1311 1 1 1310,1787 "Even-12-B-6";
1312 1 1 1310,1786 "Even-12-A-6";
1313 1 0 1312,1311 "Even-12-S-6";
1314 1 1 1313,1789 "Even-12-B-5";
1315 1 1 1313,1788 "Even-12-A-5";
1316 1 0 1315,1314 "Even-12-S-5";
1317 1 1 1316,1791 "Even-12-B-4";
1318 1 1 1316,1790 "Even-12-A-4";
1319 1 0 1318,1317 "Even-12-S-4";
1320 1 1 1319,1793 "Even-12-B-3";
1321 1 1 1319,1792 "Even-12-A-3";
1322 1 1 1337,1791 "Even-11-B-4";
1323 1 1 1338,1781 "Even-11-B-9";
1324 1 1 1338,1780 "Even-11-A-9";
1325 1 0 1324,1323 "Even-11-S-9";
1326 1 1 1325,1783 "Even-11-B-8";
1327 1 1 1325,1782 "Even-11-A-8";
1328 1 0 1327,1326 "Even-11-S-8";
1329 1 1 1328,1785 "Even-11-B-7";
1330 1 1 1328,1784 "Even-11-A-7";
1331 1 0 1330,1329 "Even-11-S-7";
1332 1 1 1331,1787 "Even-11-B-6";
1333 1 1 1331,1786 "Even-11-A-6";
1334 1 0 1333,1332 "Even-11-S-6";
1335 1 1 1334,1789 "Even-11-B-5";
1336 1 1 1334,1788 "Even-11-A-5";
1337 1 0 1336,1335 "Even-11-S-5";
1338 1 0 1385,1384 "Even-11-S-10";
1339 1 1 1337,1790 "Even-11-A-4";
1340 1 0 1339,1322 "Even-11-S-4";
1341 1 1 1340,1793 "Even-11-B-3";
1342 1 1 1340,1792 "Even-11-A-3";
1343 1 0 1342,1341 "Even-11-S-3";
1344 1 1 1343,1795 "Even-11-B-2";
1345 1 1 1343,1794 "Even-11-A-2";
1346 1 0 1347,1348 "Even-17-S-0";
1347 1 1 1349,1798 "Even-17-A-0";
1348 1 1 1349,1799 "Even-17-B-0";
1349 1 0 1350,1351 "Even-17-S-1";
1350 1 1 1352,1796 "Even-17-A-1";
1351 1 1 1352,1797 "Even-17-B-1";
1352 1 0 1353,1611 "Even-17-S-2";
1353 1 1 1692,1794 "Even-17-A-2";
1354 1 1 1371,1775 "Even-16-B-12";
1355 1 1 1356,1785 "Even-16-B-7";
1356 1 0 1357,1358 "Even-16-S-8";
1357 1 1 1359,1782 "Even-16-A-8";
1358 1 1 1359,1783 "Even-16-B-8";
1359 1 0 1360,1361 "Even-16-S-9";
1360 1 1 1362,1780 "Even-16-A-9";
1361 1 1 1362,1781 "Even-16-B-9";
1362 1 0 1363,1364 "Even-16-S-10";
1363 1 1 1365,1778 "Even-16-A-10";
1364 1 1 1365,1779 "Even-16-B-10";
1365 1 0 1366,1367 "Even-16-S-11";
1366 1 1 1368,1776 "Even-16-A-11";
1367 1 1 1368,1777 "Even-16-B-11";
1368 1 0 1369,1354 "Even-16-S-12";
1369 1 1 1371,1774 "Even-16-A-12";
1370 1 1 1291,1779 "Even-15-B-10";
1371 1 0 1372,1373 "Even-16-S-13";
1372 1 1 1374,1772 "Even-16-A-13";
1373 1 1 1374,1773 "Even-16-B-13";
1374 1 0 1375,1376 "Even-16-S-14";
1375 1 1 1377,1770 "Even-16-A-14";
1376 1 1 1377,1771 "Even-16-B-14";
1377 1 0 1378,1379 "Even-16-S-15";
1378 1 1 1380,1768 "Even-16-A-15";
1379 1 1 1380,1769 "Even-16-B-15";
1380 1 0 1741,1765,1763,1761,1759,1757,1755,1753 "Even-16-Z";
1381 1 0 1815,230 "Odd-16-T";
1382 1 0 1825,730 "Odd-11-T";
1383 1 0 1744,1775,1773,1771,1769,1767,1765,1763,1761,1759,1757,1755,1753 "Even-11-Z";
1384 1 1 1383,1779 "Even-11-B-10";
1385 1 1 1383,1778 "Even-11-A-10";
1386 1 1 1404,1794 "Even-14-A-2";
1387 1 1 1449,1794 "Even-13-A-2";
1388 1 0 1387,1402 "Even-13-S-2";
1389 1 1 1388,1797 "Even-13-B-1";
1390 1 1 1388,1796 "Even-13-A-1";
1391 1 0 1390,1389 "Even-13-S-1";
1392 1 1 1391,1799 "Even-13-B-0";
1393 1 1 1391,1798 "Even-13-A-0";
1394 1 0 1393,1392 "Even-13-S-0";
1395 1 0 1396,1397 "Even-14-S-0";
1396 1 1 1398,1798 "Even-14-A-0";
1397 1 1 1398,1799 "Even-14-B-0";
1398 1 0 1399,1400 "Even-14-S-1";
1399 1 1 1401,1796 "Even-14-A-1";
1400 1 1 1401,1797 "Even-14-B-1";
1401 1 0 1386,1403 "Even-14-S-2";
1402 1 1 1449,1795 "Even-13-B-2";
1403 1 1 1404,1795 "Even-14-B-2";
1404 1 0 1405,1406 "Even-14-S-3";
1405 1 1 1407,1792 "Even-14-A-3";
1406 1 1 1407,1793 "Even-14-B-3";
1407 1 0 1408,1409 "Even-14-S-4";
1408 1 1 1410,1790 "Even-14-A-4";
1409 1 1 1410,1791 "Even-14-B-4";
1410 1 0 1411,1412 "Even-14-S-5";
1411 1 1 1413,1788 "Even-14-A-5";
1412 1 1 1413,1789 "Even-14-B-5";
1413 1 0 1414,1415 "Even-14-S-6";
1414 1 1 1416,1786 "Even-14-A-6";
1415 1 1 1416,1787 "Even-14-B-6";
1416 1 0 1417,1434 "Even-14-S-7";
1417 1 1 1483,1784 "Even-14-A-7";
1418 1 0 1433,1432 "Even-13-S-8";
1419 1 0 1150,1420 "Even-13-S-10";
1420 1 1 1421,1779 "Even-13-B-10";
1421 1 0 1422,1423 "Even-13-S-11";
1422 1 1 1424,1776 "Even-13-A-11";
1423 1 1 1424,1777 "Even-13-B-11";
1424 1 0 1425,1426 "Even-13-S-12";
1425 1 1 1427,1774 "Even-13-A-12";
1426 1 1 1427,1775 "Even-13-B-12";
1427 1 0 1736,1771,1769,1767,1765,1763,1761,1759,1757,1755,1753 "Even-13-Z";
1428 1 0 1821,208 "Odd-13-T";
1429 1 1 1419,1781 "Even-13-B-9";
1430 1 1 1419,1780 "Even-13-A-9";
1431 1 0 1430,1429 "Even-13-S-9";
1432 1 1 1431,1783 "Even-13-B-8";
1433 1 1 1431,1782 "Even-13-A-8";
1434 1 1 1483,1785 "Even-14-B-7";
1435 1 1 1418,1785 "Even-13-B-7";
1436 1 1 1418,1784 "Even-13-A-7";
1437 1 0 1436,1435 "Even-13-S-7";
1438 1 1 1437,1787 "Even-13-B-6";
1439 1 1 1437,1786 "Even-13-A-6";
1440 1 0 1439,1438 "Even-13-S-6";
1441 1 1 1440,1789 "Even-13-B-5";
1442 1 1 1440,1788 "Even-13-A-5";
1443 1 0 1442,1441 "Even-13-S-5";
1444 1 1 1443,1791 "Even-13-B-4";
1445 1 1 1443,1790 "Even-13-A-4";
1446 1 0 1445,1444 "Even-13-S-4";
1447 1 1 1446,1793 "Even-13-B-3";
1448 1 1 1446,1792 "Even-13-A-3";
1449 1 0 1448,1447 "Even-13-S-3";
1450 1 1 1468,1788 "Even-15-A-5";
1451 1 1 1453,1798 "Even-15-A-0";
1452 1 1 1453,1799 "Even-15-B-0";
1453 1 0 1454,1455 "Even-15-S-1";
1454 1 1 1456,1796 "Even-15-A-1";
1455 1 1 1456,1797 "Even-15-B-1";
1456 1 0 1457,1458 "Even-15-S-2";
1457 1 1 1459,1794 "Even-15-A-2";
1458 1 1 1459,1795 "Even-15-B-2";
1459 1 0 1460,1461 "Even-15-S-3";
1460 1 1 1462,1792 "Even-15-A-3";
1461 1 1 1462,1793 "Even-15-B-3";
1462 1 0 1463,1464 "Even-15-S-4";
1463 1 1 1465,1790 "Even-15-A-4";
1464 1 1 1465,1791 "Even-15-B-4";
1465 1 0 1450,1467 "Even-15-S-5";
1466 1 0 1451,1452 "Even-15-S-0";
1467 1 1 1468,1789 "Even-15-B-5";
1468 1 0 1469,1470 "Even-15-S-6";
1469 1 1 1471,1786 "Even-15-A-6";
1470 1 1 1471,1787 "Even-15-B-6";
1471 1 0 1472,1473 "Even-15-S-7";
1472 1 1 1474,1784 "Even-15-A-7";
1473 1 1 1474,1785 "Even-15-B-7";
1474 1 0 1475,1476 "Even-15-S-8";
1475 1 1 1477,1782 "Even-15-A-8";
1476 1 1 1477,1783 "Even-15-B-8";
1477 1 0 1478,1479 "Even-15-S-9";
1478 1 1 1480,1780 "Even-15-A-9";
1479 1 1 1480,1781 "Even-15-B-9";
1480 1 0 1481,1370 "Even-15-S-10";
1481 1 1 1291,1778 "Even-15-A-10";
1482 1 0 1499,1500 "Even-14-S-13";
1483 1 0 1484,1485 "Even-14-S-8";
1484 1 1 1486,1782 "Even-14-A-8";
1485 1 1 1486,1783 "Even-14-B-8";
1486 1 0 1487,1488 "Even-14-S-9";
1487 1 1 1489,1780 "Even-14-A-9";
1488 1 1 1489,1781 "Even-14-B-9";
1489 1 0 1490,1491 "Even-14-S-10";
1490 1 1 1492,1778 "Even-14-A-10";
1491 1 1 1492,1779 "Even-14-B-10";
1492 1 0 1493,1494 "Even-14-S-11";
1493 1 1 1495,1776 "Even-14-A-11";
1494 1 1 1495,1777 "Even-14-B-11";
1495 1 0 1496,1497 "Even-14-S-12";
1496 1 1 1482,1774 "Even-14-A-12";
1497 1 1 1482,1775 "Even-14-B-12";
1498 1 1 1695,1791 "Even-9-B-4";
1499 1 1 1501,1772 "Even-14-A-13";
1500 1 1 1501,1773 "Even-14-B-13";
1501 1 0 1735,1769,1767,1765,1763,1761,1759,1757,1755,1753 "Even-14-Z";
1502 1 0 1819,168 "Odd-14-T";
1503 1 0 1823,640 "Odd-12-T";
1504 1 0 1740,1773,1771,1769,1767,1765,1763,1761,1759,1757,1755,1753 "Even-12-Z";
1505 1 1 1504,1777 "Even-12-B-11";
1506 1 1 1504,1776 "Even-12-A-11";
1507 1 0 1506,1505 "Even-12-S-11";
1508 1 1 1507,1779 "Even-12-B-10";
1509 1 1 1507,1778 "Even-12-A-10";
1510 1 0 1509,1508 "Even-12-S-10";
1511 1 1 1510,1781 "Even-12-B-9";
1512 1 1 1510,1780 "Even-12-A-9";
1513 1 0 1512,1511 "Even-12-S-9";
1514 1 0 1529,1533 "Even-18-S-14";
1515 1 1 1518,1776 "Even-18-A-11";
1516 1 1 1518,1777 "Even-18-B-11";
1517 1 0 1568,1566 "Even-19-S-12";
1518 1 0 1520,1521 "Even-18-S-12";
1519 1 1 1517,1777 "Even-19-B-11";
1520 1 1 1525,1774 "Even-18-A-12";
1521 1 1 1525,1775 "Even-18-B-12";
1522 1 1 1517,1776 "Even-19-A-11";
1523 1 0 1522,1519 "Even-19-S-11";
1524 1 1 1523,1779 "Even-19-B-10";
1525 1 0 1526,1527 "Even-18-S-13";
1526 1 1 1514,1772 "Even-18-A-13";
1527 1 1 1514,1773 "Even-18-B-13";
1528 1 0 1515,1516 "Even-18-S-11";
1529 1 1 1534,1770 "Even-18-A-14";
1530 1 1 1523,1778 "Even-19-A-10";
1531 1 0 1530,1524 "Even-19-S-10";
1532 1 1 1531,1781 "Even-19-B-9";
1533 1 1 1534,1771 "Even-18-B-14";
1534 1 0 1535,1536 "Even-18-S-15";
1535 1 1 1537,1768 "Even-18-A-15";
1536 1 1 1537,1769 "Even-18-B-15";
1537 1 0 1538,1539 "Even-18-S-16";
1538 1 1 1540,1766 "Even-18-A-16";
1539 1 1 1540,1767 "Even-18-B-16";
1540 1 0 1541,1556 "Even-18-S-17";
1541 1 1 1598,1764 "Even-18-A-17";
1542 1 1 1558,1784 "Even-18-A-7";
1543 1 1 1701,1772 "Even-19-A-13";
1544 1 1 1545,1793 "Even-18-B-3";
1545 1 0 1546,1547 "Even-18-S-4";
1546 1 1 1548,1790 "Even-18-A-4";
1547 1 1 1548,1791 "Even-18-B-4";
1548 1 0 1549,1551 "Even-18-S-5";
1549 1 1 1552,1788 "Even-18-A-5";
1550 1 0 1543,1702 "Even-19-S-13";
1551 1 1 1552,1789 "Even-18-B-5";
1552 1 0 1553,1554 "Even-18-S-6";
1553 1 1 1555,1786 "Even-18-A-6";
1554 1 1 1555,1787 "Even-18-B-6";
1555 1 0 1542,1557 "Even-18-S-7";
1556 1 1 1598,1765 "Even-18-B-17";
1557 1 1 1558,1785 "Even-18-B-7";
1558 1 0 1559,1560 "Even-18-S-8";
1559 1 1 1561,1782 "Even-18-A-8";
1560 1 1 1561,1783 "Even-18-B-8";
1561 1 0 1562,1563 "Even-18-S-9";
1562 1 1 1564,1780 "Even-18-A-9";
1563 1 1 1564,1781 "Even-18-B-9";
1564 1 0 1565,1567 "Even-18-S-10";
1565 1 1 1528,1778 "Even-18-A-10";
1566 1 1 1550,1775 "Even-19-B-12";
1567 1 1 1528,1779 "Even-18-B-10";
1568 1 1 1550,1774 "Even-19-A-12";
1569 1 1 1576,1790 "Even-19-A-4";
1570 1 1 1583,1795 "Even-10-B-2";
1571 1 1 1583,1794 "Even-10-A-2";
1572 1 0 1571,1570 "Even-10-S-2";
1573 1 1 1572,1797 "Even-10-B-1";
1574 1 1 1619,1789 "Even-19-B-5";
1575 1 1 1619,1788 "Even-19-A-5";
1576 1 0 1575,1574 "Even-19-S-5";
1577 1 1 1572,1796 "Even-10-A-1";
1578 1 0 1577,1573 "Even-10-S-1";
1579 1 1 1578,1799 "Even-10-B-0";
1580 1 1 1578,1798 "Even-10-A-0";
1581 1 0 1580,1579 "Even-10-S-0";
1582 1 1 1576,1791 "Even-19-B-4";
1583 1 0 1623,1622 "Even-10-S-3";
1584 1 0 1569,1582 "Even-19-S-4";
1585 1 1 1584,1793 "Even-19-B-3";
1586 1 1 1584,1792 "Even-19-A-3";
1587 1 0 1586,1585 "Even-19-S-3";
1588 1 1 1587,1795 "Even-19-B-2";
1589 1 1 1587,1794 "Even-19-A-2";
1590 1 0 1589,1588 "Even-19-S-2";
1591 1 1 1590,1797 "Even-19-B-1";
1592 1 1 1590,1796 "Even-19-A-1";
1593 1 0 1594,1595 "Even-19-S-0";
1594 1 1 1596,1798 "Even-19-A-0";
1595 1 1 1596,1799 "Even-19-B-0";
1596 1 0 1592,1591 "Even-19-S-1";
1597 1 1 1608,1788 "Even-10-A-5";
1598 1 0 1743,1761,1759,1757,1755,1753 "Even-18-Z";
1599 1 1 1531,1780 "Even-19-A-9";
1600 1 0 1811,130 "Odd-18-T";
1601 1 0 1599,1532 "Even-19-S-9";
1602 1 1 1601,1783 "Even-19-B-8";
1603 1 1 1601,1782 "Even-19-A-8";
1604 1 1 1690,1784 "Even-10-A-7";
1605 1 0 1604,1678 "Even-10-S-7";
1606 1 1 1605,1787 "Even-10-B-6";
1607 1 1 1605,1786 "Even-10-A-6";
1608 1 0 1607,1606 "Even-10-S-6";
1609 1 1 1608,1789 "Even-10-B-5";
1610 1 0 1603,1602 "Even-19-S-8";
1611 1 1 1692,1795 "Even-17-B-2";
1612 1 1 1610,1785 "Even-19-B-7";
1613 1 1 1610,1784 "Even-19-A-7";
1614 1 0 1597,1609 "Even-10-S-5";
1615 1 0 1613,1612 "Even-19-S-7";
1616 1 1 1614,1791 "Even-10-B-4";
1617 1 1 1615,1787 "Even-19-B-6";
1618 1 1 1615,1786 "Even-19-A-6";
1619 1 0 1618,1617 "Even-19-S-6";
1620 1 1 1614,1790 "Even-10-A-4";
1621 1 0 1620,1616 "Even-10-S-4";
1622 1 1 1621,1793 "Even-10-B-3";
1623 1 1 1621,1792 "Even-10-A-3";
1624 1 1 1641,1782 "Even-9-A-8";
1625 1 0 1626,1627 "Even-17-S-11";
1626 1 1 1628,1776 "Even-17-A-11";
1627 1 1 1628,1777 "Even-17-B-11";
1628 1 0 1629,1630 "Even-17-S-12";
1629 1 1 1631,1774 "Even-17-A-12";
1630 1 1 1631,1775 "Even-17-B-12";
1631 1 0 1632,1633 "Even-17-S-13";
1632 1 1 1642,1772 "Even-17-A-13";
1633 1 1 1642,1773 "Even-17-B-13";
1634 1 1 1637,1784 "Even-9-A-7";
1635 1 1 1637,1785 "Even-9-B-7";
1636 1 0 1656,1652 "Even-17-S-4";
1637 1 0 1624,1639 "Even-9-S-8";
1638 1 1 1625,1779 "Even-17-B-10";
1639 1 1 1641,1783 "Even-9-B-8";
1640 1 1 1636,1793 "Even-17-B-3";
1641 1 0 1731,1779,1777,1775,1773,1771,1769,1767,1765,1763,1761,1759,1757,1755,1753 "Even-9-Z";
1642 1 0 1645,1647 "Even-17-S-14";
1643 1 0 1829,650 "Odd-9-T";
1644 1 0 1809,113 "Odd-19-T";
1645 1 1 1648,1770 "Even-17-A-14";
1646 1 0 1751,1759,1757,1755,1753 "Even-19-Z";
1647 1 1 1648,1771 "Even-17-B-14";
1648 1 0 1649,1650 "Even-17-S-15";
1649 1 1 1664,1768 "Even-17-A-15";
1650 1 1 1664,1769 "Even-17-B-15";
1651 1 1 1665,1785 "Even-17-B-7";
1652 1 1 1653,1791 "Even-17-B-4";
1653 1 0 1654,1658 "Even-17-S-5";
1654 1 1 1659,1788 "Even-17-A-5";
1655 1 1 1666,1788 "Even-9-A-5";
1656 1 1 1653,1790 "Even-17-A-4";
1657 1 1 1666,1789 "Even-9-B-5";
1658 1 1 1659,1789 "Even-17-B-5";
1659 1 0 1660,1661 "Even-17-S-6";
1660 1 1 1662,1786 "Even-17-A-6";
1661 1 1 1662,1787 "Even-17-B-6";
1662 1 0 1663,1651 "Even-17-S-7";
1663 1 1 1665,1784 "Even-17-A-7";
1664 1 0 1704,1705 "Even-17-S-16";
1665 1 0 1669,1671 "Even-17-S-8";
1666 1 0 1667,1668 "Even-9-S-6";
1667 1 1 1670,1786 "Even-9-A-6";
1668 1 1 1670,1787 "Even-9-B-6";
1669 1 1 1672,1782 "Even-17-A-8";
1670 1 0 1634,1635 "Even-9-S-7";
1671 1 1 1672,1783 "Even-17-B-8";
1672 1 0 1673,1674 "Even-17-S-9";
1673 1 1 1675,1780 "Even-17-A-9";
1674 1 1 1675,1781 "Even-17-B-9";
1675 1 0 1676,1638 "Even-17-S-10";
1676 1 1 1625,1778 "Even-17-A-10";
1677 1 1 1691,1795 "Even-18-B-2";
1678 1 1 1690,1785 "Even-10-B-7";
1679 1 1 1721,1767 "Even-19-B-16";
1680 1 1 1721,1766 "Even-19-A-16";
1681 1 0 1680,1679 "Even-19-S-16";
1682 1 0 1683,1684 "Even-18-S-0";
1683 1 1 1685,1798 "Even-18-A-0";
1684 1 1 1685,1799 "Even-18-B-0";
1685 1 0 1686,1687 "Even-18-S-1";
1686 1 1 1688,1796 "Even-18-A-1";
1687 1 1 1688,1797 "Even-18-B-1";
1688 1 0 1689,1677 "Even-18-S-2";
1689 1 1 1691,1794 "Even-18-A-2";
1690 1 0 1727,1726 "Even-10-S-8";
1691 1 0 1693,1544 "Even-18-S-3";
1692 1 0 1716,1640 "Even-17-S-3";
1693 1 1 1545,1792 "Even-18-A-3";
1694 1 1 1681,1769 "Even-19-B-15";
1695 1 0 1655,1657 "Even-9-S-5";
1696 1 1 1695,1790 "Even-9-A-4";
1697 1 1 1681,1768 "Even-19-A-15";
1698 1 0 1697,1694 "Even-19-S-15";
1699 1 1 1698,1771 "Even-19-B-14";
1700 1 1 1698,1770 "Even-19-A-14";
1701 1 0 1700,1699 "Even-19-S-14";
1702 1 1 1701,1773 "Even-19-B-13";
1703 1 0 1715,1714 "Even-11-S-0";
1704 1 1 1706,1766 "Even-17-A-16";
1705 1 1 1706,1767 "Even-17-B-16";
1706 1 0 1750,1763,1761,1759,1757,1755,1753 "Even-17-Z";
1707 1 1 1646,1763 "Even-19-B-18";
1708 1 0 1813,68 "Odd-17-T";
1709 1 1 1646,1762 "Even-19-A-18";
1710 1 0 1345,1344 "Even-11-S-2";
1711 1 1 1710,1797 "Even-11-B-1";
1712 1 1 1710,1796 "Even-11-A-1";
1713 1 0 1712,1711 "Even-11-S-1";
1714 1 1 1713,1799 "Even-11-B-0";
1715 1 1 1713,1798 "Even-11-A-0";
1716 1 1 1636,1792 "Even-17-A-3";
1717 1 0 1709,1707 "Even-19-S-18";
1718 1 1 1717,1765 "Even-19-B-17";
1719 1 1 1717,1764 "Even-19-A-17";
1720 1 0 1827,653 "Odd-10-T";
1721 1 0 1719,1718 "Even-19-S-17";
1722 1 0 1746,1777,1775,1773,1771,1769,1767,1765,1763,1761,1759,1757,1755,1753 "Even-10-Z";
1723 1 1 1722,1781 "Even-10-B-9";
1724 1 1 1722,1780 "Even-10-A-9";
1725 1 0 1724,1723 "Even-10-S-9";
1726 1 1 1725,1783 "Even-10-B-8";
1727 1 1 1725,1782 "Even-10-A-8";
1728 2 1 1846,1097 "Even-0-T";
1729 2 1 1844,1095 "Even-1-T";
1730 2 1 1842,1090 "Even-2-T";
1731 2 1 1828,934 "Even-9-T";
1732 2 1 1840,1066 "Even-3-T";
1733 2 1 1806,921 "Even-20-T";
1734 2 1 1838,1064 "Even-4-T";
1735 2 1 1818,1395 "Even-14-T";
1736 2 1 1820,1394 "Even-13-T";
1737 2 1 1800,1065 "Even-23-T";
1738 2 1 1830,967 "Even-8-T";
1739 2 1 1836,1034 "Even-5-T";
1740 2 1 1822,1267 "Even-12-T";
1741 2 1 1814,1268 "Even-16-T";
1742 2 1 1804,974 "Even-21-T";
1743 2 1 1810,1682 "Even-18-T";
1744 2 1 1824,1703 "Even-11-T";
1745 2 1 1816,1466 "Even-15-T";
1746 2 1 1826,1581 "Even-10-T";
1747 2 1 1802,1158 "Even-22-T";
1748 2 1 1834,1157 "Even-6-T";
1749 2 1 1832,1137 "Even-7-T";
1750 2 1 1812,1346 "Even-17-T";
1751 2 1 1808,1593 "Even-19-T";
1752 3 1 1737 "Even-23-L";
1753 4 0 1071 "Odd-23-L";
1754 5 1 1747 "Even-22-L";
1755 6 0 1225 "Odd-22-L";
1756 7 1 1742 "Even-21-L";
1757 8 0 1184 "Odd-21-L";
1758 9 1 1733 "Even-20-L";
1759 10 0 995 "Odd-20-L";
1760 11 1 1751 "Even-19-L";
1761 12 0 1644 "Odd-19-L";
1762 13 1 1743 "Even-18-L";
1763 14 0 1600 "Odd-18-L";
1764 15 1 1750 "Even-17-L";
1765 16 0 1708 "Odd-17-L";
1766 17 1 1741 "Even-16-L";
1767 18 0 1381 "Odd-16-L";
1768 19 1 1745 "Even-15-L";
1769 20 0 1304 "Odd-15-L";
1770 21 1 1735 "Even-14-L";
1771 22 0 1502 "Odd-14-L";
1772 23 1 1736 "Even-13-L";
1773 24 0 1428 "Odd-13-L";
1774 25 1 1740 "Even-12-L";
1775 26 0 1503 "Odd-12-L";
1776 27 1 1744 "Even-11-L";
1777 28 0 1382 "Odd-11-L";
1778 29 1 1746 "Even-10-L";
1779 30 0 1720 "Odd-10-L";
1780 31 1 1731 "Even-9-L";
1781 32 0 1643 "Odd-9-L";
1782 33 1 1738 "Even-8-L";
1783 34 0 996 "Odd-8-L";
1784 35 1 1749 "Even-7-L";
1785 36 0 968 "Odd-7-L";
1786 37 1 1748 "Even-6-L";
1787 38 0 1138 "Odd-6-L";
1788 39 1 1739 "Even-5-L";
1789 40 0 1114 "Odd-5-L";
1790 41 1 1734 "Even-4-L";
1791 42 0 1051 "Odd-4-L";
1792 43 1 1732 "Even-3-L";
1793 44 0 1072 "Odd-3-L";
1794 45 1 1730 "Even-2-L";
1795 46 0 1083 "Odd-2-L";
1796 47 1 1729 "Even-1-L";
1797 48 0 1091 "Odd-1-L";
1798 49 1 1728 "Even-0-L";
1799 50 0 1096 "Odd-0-L";
1800 52 0 1754 "Even-23-H";
1801 53 1 1755 "Odd-23-H";
1802 54 0 1756 "Even-22-H";
1803 55 1 1757 "Odd-22-H";
1804 56 0 1758 "Even-21-H";
1805 57 1 1759 "Odd-21-H";
1806 58 0 1760 "Even-20-H";
1807 59 1 1761 "Odd-20-H";
1808 60 0 1762 "Even-19-H";
1809 61 1 1763 "Odd-19-H";
1810 62 0 1764 "Even-18-H";
1811 63 1 1765 "Odd-18-H";
1812 64 0 1766 "Even-17-H";
1813 65 1 1767 "Odd-17-H";
1814 66 0 1768 "Even-16-H";
1815 67 1 1769 "Odd-16-H";
1816 68 0 1770 "Even-15-H";
1817 69 1 1771 "Odd-15-H";
1818 70 0 1772 "Even-14-H";
1819 71 1 1773 "Odd-14-H";
1820 72 0 1774 "Even-13-H";
1821 73 1 1775 "Odd-13-H";
1822 74 0 1776 "Even-12-H";
1823 75 1 1777 "Odd-12-H";
1824 76 0 1778 "Even-11-H";
1825 77 1 1779 "Odd-11-H";
1826 78 0 1780 "Even-10-H";
1827 79 1 1781 "Odd-10-H";
1828 80 0 1782 "Even-9-H";
1829 81 1 1783 "Odd-9-H";
1830 82 0 1784 "Even-8-H";
1831 83 1 1785 "Odd-8-H";
1832 84 0 1786 "Even-7-H";
1833 85 1 1787 "Odd-7-H";
1834 86 0 1788 "Even-6-H";
1835 87 1 1789 "Odd-6-H";
1836 88 0 1790 "Even-5-H";
1837 89 1 1791 "Odd-5-H";
1838 90 0 1792 "Even-4-H";
1839 91 1 1793 "Odd-4-H";
1840 92 0 1794 "Even-3-H";
1841 93 1 1795 "Odd-3-H";
1842 94 0 1796 "Even-2-H";
1843 95 1 1797 "Odd-2-H";
1844 96 0 1798 "Even-1-H";
1845 97 1 1799 "Odd-1-H";
1846 98 0 1752 "Even-0-H";
1847 99 1 1753 "Odd-0-H";
