parity 2492;
0 0 0 12,2420 "Odd-20-B-7";
1 0 0 13,2412 "Odd-20-B-11";
2 0 0 13,2413 "Odd-20-A-11";
3 0 1 2,1 "Odd-20-S-11";
4 0 0 3,2414 "Odd-20-B-10";
5 0 0 3,2415 "Odd-20-A-10";
6 0 1 5,4 "Odd-20-S-10";
7 0 0 6,2416 "Odd-20-B-9";
8 0 0 6,2417 "Odd-20-A-9";
9 0 1 8,7 "Odd-20-S-9";
10 0 0 9,2418 "Odd-20-B-8";
11 0 0 9,2419 "Odd-20-A-8";
12 0 1 11,10 "Odd-20-S-8";
13 0 1 51,50 "Odd-20-S-12";
14 0 0 12,2421 "Odd-20-A-7";
15 0 1 14,0 "Odd-20-S-7";
16 0 0 15,2422 "Odd-20-B-6";
17 0 0 15,2423 "Odd-20-A-6";
18 0 1 17,16 "Odd-20-S-6";
19 0 0 18,2424 "Odd-20-B-5";
20 0 0 18,2425 "Odd-20-A-5";
21 0 1 20,19 "Odd-20-S-5";
22 0 0 21,2426 "Odd-20-B-4";
23 0 0 21,2427 "Odd-20-A-4";
24 0 1 23,22 "Odd-20-S-4";
25 0 0 24,2428 "Odd-20-B-3";
26 0 0 37,2403 "Odd-20-A-16";
27 0 1 91,179 "Odd-21-S-0";
28 0 1 2324,2394,2392,2390,2388,2386,2384,2382,2380 "Odd-20-Z";
29 0 0 28,2396 "Odd-20-B-19";
30 0 0 28,2397 "Odd-20-A-19";
31 0 1 30,29 "Odd-20-S-19";
32 0 0 31,2398 "Odd-20-B-18";
33 0 0 31,2399 "Odd-20-A-18";
34 0 1 33,32 "Odd-20-S-18";
35 0 0 34,2400 "Odd-20-B-17";
36 0 0 34,2401 "Odd-20-A-17";
37 0 1 36,35 "Odd-20-S-17";
38 0 0 37,2402 "Odd-20-B-16";
39 0 0 24,2429 "Odd-20-A-3";
40 0 1 26,38 "Odd-20-S-16";
41 0 0 40,2404 "Odd-20-B-15";
42 0 0 40,2405 "Odd-20-A-15";
43 0 1 42,41 "Odd-20-S-15";
44 0 0 43,2406 "Odd-20-B-14";
45 0 0 43,2407 "Odd-20-A-14";
46 0 1 45,44 "Odd-20-S-14";
47 0 0 46,2408 "Odd-20-B-13";
48 0 0 46,2409 "Odd-20-A-13";
49 0 1 48,47 "Odd-20-S-13";
50 0 0 49,2410 "Odd-20-B-12";
51 0 0 49,2411 "Odd-20-A-12";
52 0 1 64,63 "Odd-19-S-10";
53 0 1 65,102 "Odd-19-S-14";
54 0 0 53,2408 "Odd-19-B-13";
55 0 0 53,2409 "Odd-19-A-13";
56 0 1 55,54 "Odd-19-S-13";
57 0 0 56,2410 "Odd-19-B-12";
58 0 0 56,2411 "Odd-19-A-12";
59 0 1 58,57 "Odd-19-S-12";
60 0 0 59,2412 "Odd-19-B-11";
61 0 0 59,2413 "Odd-19-A-11";
62 0 1 61,60 "Odd-19-S-11";
63 0 0 62,2414 "Odd-19-B-10";
64 0 0 62,2415 "Odd-19-A-10";
65 0 0 101,2407 "Odd-19-A-14";
66 0 0 52,2416 "Odd-19-B-9";
67 0 0 52,2417 "Odd-19-A-9";
68 0 1 67,66 "Odd-19-S-9";
69 0 0 68,2418 "Odd-19-B-8";
70 0 0 68,2419 "Odd-19-A-8";
71 0 1 70,69 "Odd-19-S-8";
72 0 0 71,2420 "Odd-19-B-7";
73 0 0 71,2421 "Odd-19-A-7";
74 0 1 73,72 "Odd-19-S-7";
75 0 0 74,2422 "Odd-19-B-6";
76 0 0 74,2423 "Odd-19-A-6";
77 0 1 76,75 "Odd-19-S-6";
78 0 0 89,2399 "Odd-19-A-18";
79 0 1 39,25 "Odd-20-S-3";
80 0 0 79,2430 "Odd-20-B-2";
81 0 0 79,2431 "Odd-20-A-2";
82 0 1 81,80 "Odd-20-S-2";
83 0 0 82,2432 "Odd-20-B-1";
84 0 0 82,2433 "Odd-20-A-1";
85 0 1 84,83 "Odd-20-S-1";
86 0 0 85,2434 "Odd-20-B-0";
87 0 0 85,2435 "Odd-20-A-0";
88 0 1 87,86 "Odd-20-S-0";
89 0 1 1818,2396,2394,2392,2390,2388,2386,2384,2382,2380 "Odd-19-Z";
90 0 0 89,2398 "Odd-19-B-18";
91 0 0 178,2435 "Odd-21-A-0";
92 0 1 78,90 "Odd-19-S-18";
93 0 0 92,2400 "Odd-19-B-17";
94 0 0 92,2401 "Odd-19-A-17";
95 0 1 94,93 "Odd-19-S-17";
96 0 0 95,2402 "Odd-19-B-16";
97 0 0 95,2403 "Odd-19-A-16";
98 0 1 97,96 "Odd-19-S-16";
99 0 0 98,2404 "Odd-19-B-15";
100 0 0 98,2405 "Odd-19-A-15";
101 0 1 100,99 "Odd-19-S-15";
102 0 0 101,2406 "Odd-19-B-14";
103 0 0 114,2435 "Odd-22-A-0";
104 0 0 153,2427 "Odd-22-A-4";
105 0 1 104,116 "Odd-22-S-4";
106 0 0 105,2428 "Odd-22-B-3";
107 0 0 105,2429 "Odd-22-A-3";
108 0 1 107,106 "Odd-22-S-3";
109 0 0 108,2430 "Odd-22-B-2";
110 0 0 108,2431 "Odd-22-A-2";
111 0 1 110,109 "Odd-22-S-2";
112 0 0 111,2432 "Odd-22-B-1";
113 0 0 111,2433 "Odd-22-A-1";
114 0 1 113,112 "Odd-22-S-1";
115 0 0 114,2434 "Odd-22-B-0";
116 0 0 153,2426 "Odd-22-B-4";
117 0 1 103,115 "Odd-22-S-0";
118 0 1 2081,2392,2390,2388,2386,2384,2382,2380 "Odd-21-Z";
119 0 0 118,2394 "Odd-21-B-20";
120 0 0 118,2395 "Odd-21-A-20";
121 0 1 120,119 "Odd-21-S-20";
122 0 0 121,2396 "Odd-21-B-19";
123 0 0 121,2397 "Odd-21-A-19";
124 0 1 123,122 "Odd-21-S-19";
125 0 0 124,2398 "Odd-21-B-18";
126 0 0 124,2399 "Odd-21-A-18";
127 0 1 126,125 "Odd-21-S-18";
128 0 0 127,2400 "Odd-21-B-17";
129 0 0 141,2418 "Odd-22-B-8";
130 0 0 397,2410 "Odd-22-B-12";
131 0 0 397,2411 "Odd-22-A-12";
132 0 1 131,130 "Odd-22-S-12";
133 0 0 132,2412 "Odd-22-B-11";
134 0 0 132,2413 "Odd-22-A-11";
135 0 1 134,133 "Odd-22-S-11";
136 0 0 135,2414 "Odd-22-B-10";
137 0 0 135,2415 "Odd-22-A-10";
138 0 1 137,136 "Odd-22-S-10";
139 0 0 138,2416 "Odd-22-B-9";
140 0 0 138,2417 "Odd-22-A-9";
141 0 1 140,139 "Odd-22-S-9";
142 0 0 127,2401 "Odd-21-A-17";
143 0 0 141,2419 "Odd-22-A-8";
144 0 1 143,129 "Odd-22-S-8";
145 0 0 144,2420 "Odd-22-B-7";
146 0 0 144,2421 "Odd-22-A-7";
147 0 1 146,145 "Odd-22-S-7";
148 0 0 147,2422 "Odd-22-B-6";
149 0 0 147,2423 "Odd-22-A-6";
150 0 1 149,148 "Odd-22-S-6";
151 0 0 150,2424 "Odd-22-B-5";
152 0 0 150,2425 "Odd-22-A-5";
153 0 1 152,151 "Odd-22-S-5";
154 0 0 166,2426 "Odd-21-B-4";
155 0 0 167,2418 "Odd-21-B-8";
156 0 0 167,2419 "Odd-21-A-8";
157 0 1 156,155 "Odd-21-S-8";
158 0 0 157,2420 "Odd-21-B-7";
159 0 0 157,2421 "Odd-21-A-7";
160 0 1 159,158 "Odd-21-S-7";
161 0 0 160,2422 "Odd-21-B-6";
162 0 0 160,2423 "Odd-21-A-6";
163 0 1 162,161 "Odd-21-S-6";
164 0 0 163,2424 "Odd-21-B-5";
165 0 0 163,2425 "Odd-21-A-5";
166 0 1 165,164 "Odd-21-S-5";
167 0 1 204,203 "Odd-21-S-9";
168 0 0 166,2427 "Odd-21-A-4";
169 0 1 168,154 "Odd-21-S-4";
170 0 0 169,2428 "Odd-21-B-3";
171 0 0 169,2429 "Odd-21-A-3";
172 0 1 171,170 "Odd-21-S-3";
173 0 0 172,2430 "Odd-21-B-2";
174 0 0 172,2431 "Odd-21-A-2";
175 0 1 174,173 "Odd-21-S-2";
176 0 0 175,2432 "Odd-21-B-1";
177 0 0 175,2433 "Odd-21-A-1";
178 0 1 177,176 "Odd-21-S-1";
179 0 0 178,2434 "Odd-21-B-0";
180 0 1 192,191 "Odd-21-S-13";
181 0 1 142,128 "Odd-21-S-17";
182 0 0 181,2402 "Odd-21-B-16";
183 0 0 181,2403 "Odd-21-A-16";
184 0 1 183,182 "Odd-21-S-16";
185 0 0 184,2404 "Odd-21-B-15";
186 0 0 184,2405 "Odd-21-A-15";
187 0 1 186,185 "Odd-21-S-15";
188 0 0 187,2406 "Odd-21-B-14";
189 0 0 187,2407 "Odd-21-A-14";
190 0 1 189,188 "Odd-21-S-14";
191 0 0 190,2408 "Odd-21-B-13";
192 0 0 190,2409 "Odd-21-A-13";
193 0 0 77,2424 "Odd-19-B-5";
194 0 0 180,2410 "Odd-21-B-12";
195 0 0 180,2411 "Odd-21-A-12";
196 0 1 195,194 "Odd-21-S-12";
197 0 0 196,2412 "Odd-21-B-11";
198 0 0 196,2413 "Odd-21-A-11";
199 0 1 198,197 "Odd-21-S-11";
200 0 0 199,2414 "Odd-21-B-10";
201 0 0 199,2415 "Odd-21-A-10";
202 0 1 201,200 "Odd-21-S-10";
203 0 0 202,2416 "Odd-21-B-9";
204 0 0 202,2417 "Odd-21-A-9";
205 0 0 217,2414 "Odd-16-B-10";
206 0 0 218,2406 "Odd-16-B-14";
207 0 0 218,2407 "Odd-16-A-14";
208 0 1 207,206 "Odd-16-S-14";
209 0 0 208,2408 "Odd-16-B-13";
210 0 0 208,2409 "Odd-16-A-13";
211 0 1 210,209 "Odd-16-S-13";
212 0 0 211,2410 "Odd-16-B-12";
213 0 0 211,2411 "Odd-16-A-12";
214 0 1 213,212 "Odd-16-S-12";
215 0 0 214,2412 "Odd-16-B-11";
216 0 0 214,2413 "Odd-16-A-11";
217 0 1 216,215 "Odd-16-S-11";
218 0 1 255,254 "Odd-16-S-15";
219 0 0 217,2415 "Odd-16-A-10";
220 0 1 219,205 "Odd-16-S-10";
221 0 0 220,2416 "Odd-16-B-9";
222 0 0 220,2417 "Odd-16-A-9";
223 0 1 222,221 "Odd-16-S-9";
224 0 0 223,2418 "Odd-16-B-8";
225 0 0 223,2419 "Odd-16-A-8";
226 0 1 225,224 "Odd-16-S-8";
227 0 0 226,2420 "Odd-16-B-7";
228 0 0 226,2421 "Odd-16-A-7";
229 0 1 228,227 "Odd-16-S-7";
230 0 0 229,2422 "Odd-16-B-6";
231 0 0 243,2430 "Odd-17-B-2";
232 0 0 295,2422 "Odd-17-B-6";
233 0 0 295,2423 "Odd-17-A-6";
234 0 1 233,232 "Odd-17-S-6";
235 0 0 234,2424 "Odd-17-B-5";
236 0 0 234,2425 "Odd-17-A-5";
237 0 1 236,235 "Odd-17-S-5";
238 0 0 237,2426 "Odd-17-B-4";
239 0 0 237,2427 "Odd-17-A-4";
240 0 1 239,238 "Odd-17-S-4";
241 0 0 240,2428 "Odd-17-B-3";
242 0 0 240,2429 "Odd-17-A-3";
243 0 1 242,241 "Odd-17-S-3";
244 0 0 229,2423 "Odd-16-A-6";
245 0 0 243,2431 "Odd-17-A-2";
246 0 1 245,231 "Odd-17-S-2";
247 0 0 246,2432 "Odd-17-B-1";
248 0 0 246,2433 "Odd-17-A-1";
249 0 1 248,247 "Odd-17-S-1";
250 0 0 249,2434 "Odd-17-B-0";
251 0 0 249,2435 "Odd-17-A-0";
252 0 1 251,250 "Odd-17-S-0";
253 0 1 1891,2402,2400,2398,2396,2394,2392,2390,2388,2386,2384,2382,2380 "Odd-16-Z";
254 0 0 253,2404 "Odd-16-B-15";
255 0 0 253,2405 "Odd-16-A-15";
256 0 1 268,267 "Odd-15-S-9";
257 0 1 269,306 "Odd-15-S-13";
258 0 0 257,2410 "Odd-15-B-12";
259 0 0 257,2411 "Odd-15-A-12";
260 0 1 259,258 "Odd-15-S-12";
261 0 0 260,2412 "Odd-15-B-11";
262 0 0 260,2413 "Odd-15-A-11";
263 0 1 262,261 "Odd-15-S-11";
264 0 0 263,2414 "Odd-15-B-10";
265 0 0 263,2415 "Odd-15-A-10";
266 0 1 265,264 "Odd-15-S-10";
267 0 0 266,2416 "Odd-15-B-9";
268 0 0 266,2417 "Odd-15-A-9";
269 0 0 305,2409 "Odd-15-A-13";
270 0 0 256,2418 "Odd-15-B-8";
271 0 0 256,2419 "Odd-15-A-8";
272 0 1 271,270 "Odd-15-S-8";
273 0 0 272,2420 "Odd-15-B-7";
274 0 0 272,2421 "Odd-15-A-7";
275 0 1 274,273 "Odd-15-S-7";
276 0 0 275,2422 "Odd-15-B-6";
277 0 0 275,2423 "Odd-15-A-6";
278 0 1 277,276 "Odd-15-S-6";
279 0 0 278,2424 "Odd-15-B-5";
280 0 0 278,2425 "Odd-15-A-5";
281 0 1 280,279 "Odd-15-S-5";
282 0 1 294,293 "Odd-16-S-2";
283 0 1 244,230 "Odd-16-S-6";
284 0 0 283,2424 "Odd-16-B-5";
285 0 0 283,2425 "Odd-16-A-5";
286 0 1 285,284 "Odd-16-S-5";
287 0 0 286,2426 "Odd-16-B-4";
288 0 0 286,2427 "Odd-16-A-4";
289 0 1 288,287 "Odd-16-S-4";
290 0 0 289,2428 "Odd-16-B-3";
291 0 0 289,2429 "Odd-16-A-3";
292 0 1 291,290 "Odd-16-S-3";
293 0 0 292,2430 "Odd-16-B-2";
294 0 0 292,2431 "Odd-16-A-2";
295 0 1 383,382 "Odd-17-S-7";
296 0 0 282,2432 "Odd-16-B-1";
297 0 0 282,2433 "Odd-16-A-1";
298 0 1 297,296 "Odd-16-S-1";
299 0 0 298,2434 "Odd-16-B-0";
300 0 0 298,2435 "Odd-16-A-0";
301 0 1 300,299 "Odd-16-S-0";
302 0 1 1954,2404,2402,2400,2398,2396,2394,2392,2390,2388,2386,2384,2382,2380 "Odd-15-Z";
303 0 0 302,2406 "Odd-15-B-14";
304 0 0 302,2407 "Odd-15-A-14";
305 0 1 304,303 "Odd-15-S-14";
306 0 0 305,2408 "Odd-15-B-13";
307 0 1 319,318 "Odd-18-S-11";
308 0 1 320,357 "Odd-18-S-15";
309 0 0 308,2406 "Odd-18-B-14";
310 0 0 308,2407 "Odd-18-A-14";
311 0 1 310,309 "Odd-18-S-14";
312 0 0 311,2408 "Odd-18-B-13";
313 0 0 311,2409 "Odd-18-A-13";
314 0 1 313,312 "Odd-18-S-13";
315 0 0 314,2410 "Odd-18-B-12";
316 0 0 314,2411 "Odd-18-A-12";
317 0 1 316,315 "Odd-18-S-12";
318 0 0 317,2412 "Odd-18-B-11";
319 0 0 317,2413 "Odd-18-A-11";
320 0 0 356,2405 "Odd-18-A-15";
321 0 0 307,2414 "Odd-18-B-10";
322 0 0 307,2415 "Odd-18-A-10";
323 0 1 322,321 "Odd-18-S-10";
324 0 0 323,2416 "Odd-18-B-9";
325 0 0 323,2417 "Odd-18-A-9";
326 0 1 325,324 "Odd-18-S-9";
327 0 0 326,2418 "Odd-18-B-8";
328 0 0 326,2419 "Odd-18-A-8";
329 0 1 328,327 "Odd-18-S-8";
330 0 0 329,2420 "Odd-18-B-7";
331 0 0 329,2421 "Odd-18-A-7";
332 0 1 331,330 "Odd-18-S-7";
333 0 1 805,345 "Odd-19-S-1";
334 0 0 77,2425 "Odd-19-A-5";
335 0 1 334,193 "Odd-19-S-5";
336 0 0 335,2426 "Odd-19-B-4";
337 0 0 335,2427 "Odd-19-A-4";
338 0 1 337,336 "Odd-19-S-4";
339 0 0 338,2428 "Odd-19-B-3";
340 0 0 338,2429 "Odd-19-A-3";
341 0 1 340,339 "Odd-19-S-3";
342 0 0 341,2430 "Odd-19-B-2";
343 0 0 341,2431 "Odd-19-A-2";
344 0 1 343,342 "Odd-19-S-2";
345 0 0 344,2432 "Odd-19-B-1";
346 0 0 332,2422 "Odd-18-B-6";
347 0 0 333,2434 "Odd-19-B-0";
348 0 0 333,2435 "Odd-19-A-0";
349 0 1 348,347 "Odd-19-S-0";
350 0 1 1718,2398,2396,2394,2392,2390,2388,2386,2384,2382,2380 "Odd-18-Z";
351 0 0 350,2400 "Odd-18-B-17";
352 0 0 350,2401 "Odd-18-A-17";
353 0 1 352,351 "Odd-18-S-17";
354 0 0 353,2402 "Odd-18-B-16";
355 0 0 353,2403 "Odd-18-A-16";
356 0 1 355,354 "Odd-18-S-16";
357 0 0 356,2404 "Odd-18-B-15";
358 0 0 369,2413 "Odd-17-A-11";
359 0 0 408,2405 "Odd-17-A-15";
360 0 1 359,371 "Odd-17-S-15";
361 0 0 360,2406 "Odd-17-B-14";
362 0 0 360,2407 "Odd-17-A-14";
363 0 1 362,361 "Odd-17-S-14";
364 0 0 363,2408 "Odd-17-B-13";
365 0 0 363,2409 "Odd-17-A-13";
366 0 1 365,364 "Odd-17-S-13";
367 0 0 366,2410 "Odd-17-B-12";
368 0 0 366,2411 "Odd-17-A-12";
369 0 1 368,367 "Odd-17-S-12";
370 0 0 369,2412 "Odd-17-B-11";
371 0 0 408,2404 "Odd-17-B-15";
372 0 1 358,370 "Odd-17-S-11";
373 0 0 372,2414 "Odd-17-B-10";
374 0 0 372,2415 "Odd-17-A-10";
375 0 1 374,373 "Odd-17-S-10";
376 0 0 375,2416 "Odd-17-B-9";
377 0 0 375,2417 "Odd-17-A-9";
378 0 1 377,376 "Odd-17-S-9";
379 0 0 378,2418 "Odd-17-B-8";
380 0 0 378,2419 "Odd-17-A-8";
381 0 1 380,379 "Odd-17-S-8";
382 0 0 381,2420 "Odd-17-B-7";
383 0 0 381,2421 "Odd-17-A-7";
384 0 0 395,2431 "Odd-18-A-2";
385 0 0 332,2423 "Odd-18-A-6";
386 0 1 385,346 "Odd-18-S-6";
387 0 0 386,2424 "Odd-18-B-5";
388 0 0 386,2425 "Odd-18-A-5";
389 0 1 388,387 "Odd-18-S-5";
390 0 0 389,2426 "Odd-18-B-4";
391 0 0 389,2427 "Odd-18-A-4";
392 0 1 391,390 "Odd-18-S-4";
393 0 0 392,2428 "Odd-18-B-3";
394 0 0 392,2429 "Odd-18-A-3";
395 0 1 394,393 "Odd-18-S-3";
396 0 0 395,2430 "Odd-18-B-2";
397 0 1 689,688 "Odd-22-S-13";
398 0 1 384,396 "Odd-18-S-2";
399 0 0 398,2432 "Odd-18-B-1";
400 0 0 398,2433 "Odd-18-A-1";
401 0 1 400,399 "Odd-18-S-1";
402 0 0 401,2434 "Odd-18-B-0";
403 0 0 401,2435 "Odd-18-A-0";
404 0 1 403,402 "Odd-18-S-0";
405 0 1 1977,2400,2398,2396,2394,2392,2390,2388,2386,2384,2382,2380 "Odd-17-Z";
406 0 0 405,2402 "Odd-17-B-16";
407 0 0 405,2403 "Odd-17-A-16";
408 0 1 407,406 "Odd-17-S-16";
409 0 1 421,420 "Odd-26-S-7";
410 0 1 422,459 "Odd-26-S-11";
411 0 0 410,2414 "Odd-26-B-10";
412 0 0 410,2415 "Odd-26-A-10";
413 0 1 412,411 "Odd-26-S-10";
414 0 0 413,2416 "Odd-26-B-9";
415 0 0 413,2417 "Odd-26-A-9";
416 0 1 415,414 "Odd-26-S-9";
417 0 0 416,2418 "Odd-26-B-8";
418 0 0 416,2419 "Odd-26-A-8";
419 0 1 418,417 "Odd-26-S-8";
420 0 0 419,2420 "Odd-26-B-7";
421 0 0 419,2421 "Odd-26-A-7";
422 0 0 458,2413 "Odd-26-A-11";
423 0 0 409,2422 "Odd-26-B-6";
424 0 0 409,2423 "Odd-26-A-6";
425 0 1 424,423 "Odd-26-S-6";
426 0 0 425,2424 "Odd-26-B-5";
427 0 0 425,2425 "Odd-26-A-5";
428 0 1 427,426 "Odd-26-S-5";
429 0 0 428,2426 "Odd-26-B-4";
430 0 0 428,2427 "Odd-26-A-4";
431 0 1 430,429 "Odd-26-S-4";
432 0 0 431,2428 "Odd-26-B-3";
433 0 0 431,2429 "Odd-26-A-3";
434 0 1 433,432 "Odd-26-S-3";
435 0 0 446,2405 "Odd-26-A-15";
436 0 0 587,2397 "Odd-26-A-19";
437 0 1 436,499 "Odd-26-S-19";
438 0 0 437,2398 "Odd-26-B-18";
439 0 0 437,2399 "Odd-26-A-18";
440 0 1 439,438 "Odd-26-S-18";
441 0 0 440,2400 "Odd-26-B-17";
442 0 0 440,2401 "Odd-26-A-17";
443 0 1 442,441 "Odd-26-S-17";
444 0 0 443,2402 "Odd-26-B-16";
445 0 0 443,2403 "Odd-26-A-16";
446 0 1 445,444 "Odd-26-S-16";
447 0 0 446,2404 "Odd-26-B-15";
448 0 0 434,2430 "Odd-26-B-2";
449 0 1 435,447 "Odd-26-S-15";
450 0 0 449,2406 "Odd-26-B-14";
451 0 0 449,2407 "Odd-26-A-14";
452 0 1 451,450 "Odd-26-S-14";
453 0 0 452,2408 "Odd-26-B-13";
454 0 0 452,2409 "Odd-26-A-13";
455 0 1 454,453 "Odd-26-S-13";
456 0 0 455,2410 "Odd-26-B-12";
457 0 0 455,2411 "Odd-26-A-12";
458 0 1 457,456 "Odd-26-S-12";
459 0 0 458,2412 "Odd-26-B-11";
460 0 0 471,2405 "Odd-25-A-15";
461 0 0 510,2397 "Odd-25-A-19";
462 0 1 461,473 "Odd-25-S-19";
463 0 0 462,2398 "Odd-25-B-18";
464 0 0 462,2399 "Odd-25-A-18";
465 0 1 464,463 "Odd-25-S-18";
466 0 0 465,2400 "Odd-25-B-17";
467 0 0 465,2401 "Odd-25-A-17";
468 0 1 467,466 "Odd-25-S-17";
469 0 0 468,2402 "Odd-25-B-16";
470 0 0 468,2403 "Odd-25-A-16";
471 0 1 470,469 "Odd-25-S-16";
472 0 0 471,2404 "Odd-25-B-15";
473 0 0 510,2396 "Odd-25-B-19";
474 0 1 460,472 "Odd-25-S-15";
475 0 0 474,2406 "Odd-25-B-14";
476 0 0 474,2407 "Odd-25-A-14";
477 0 1 476,475 "Odd-25-S-14";
478 0 0 477,2408 "Odd-25-B-13";
479 0 0 477,2409 "Odd-25-A-13";
480 0 1 479,478 "Odd-25-S-13";
481 0 0 480,2410 "Odd-25-B-12";
482 0 0 480,2411 "Odd-25-A-12";
483 0 1 482,481 "Odd-25-S-12";
484 0 0 483,2412 "Odd-25-B-11";
485 0 0 483,2413 "Odd-25-A-11";
486 0 0 498,2388 "Odd-25-B-23";
487 0 0 434,2431 "Odd-26-A-2";
488 0 1 487,448 "Odd-26-S-2";
489 0 0 488,2432 "Odd-26-B-1";
490 0 0 488,2433 "Odd-26-A-1";
491 0 1 490,489 "Odd-26-S-1";
492 0 0 491,2434 "Odd-26-B-0";
493 0 0 491,2435 "Odd-26-A-0";
494 0 1 493,492 "Odd-26-S-0";
495 0 1 1675,2384,2382,2380 "Odd-25-Z";
496 0 0 495,2386 "Odd-25-B-24";
497 0 0 495,2387 "Odd-25-A-24";
498 0 1 497,496 "Odd-25-S-24";
499 0 0 587,2396 "Odd-26-B-19";
500 0 0 498,2389 "Odd-25-A-23";
501 0 1 500,486 "Odd-25-S-23";
502 0 0 501,2390 "Odd-25-B-22";
503 0 0 501,2391 "Odd-25-A-22";
504 0 1 503,502 "Odd-25-S-22";
505 0 0 504,2392 "Odd-25-B-21";
506 0 0 504,2393 "Odd-25-A-21";
507 0 1 506,505 "Odd-25-S-21";
508 0 0 507,2394 "Odd-25-B-20";
509 0 0 507,2395 "Odd-25-A-20";
510 0 1 509,508 "Odd-25-S-20";
511 0 0 523,2406 "Odd-27-B-14";
512 0 0 524,2398 "Odd-27-B-18";
513 0 0 524,2399 "Odd-27-A-18";
514 0 1 513,512 "Odd-27-S-18";
515 0 0 514,2400 "Odd-27-B-17";
516 0 0 514,2401 "Odd-27-A-17";
517 0 1 516,515 "Odd-27-S-17";
518 0 0 517,2402 "Odd-27-B-16";
519 0 0 517,2403 "Odd-27-A-16";
520 0 1 519,518 "Odd-27-S-16";
521 0 0 520,2404 "Odd-27-B-15";
522 0 0 520,2405 "Odd-27-A-15";
523 0 1 522,521 "Odd-27-S-15";
524 0 1 561,560 "Odd-27-S-19";
525 0 0 523,2407 "Odd-27-A-14";
526 0 1 525,511 "Odd-27-S-14";
527 0 0 526,2408 "Odd-27-B-13";
528 0 0 526,2409 "Odd-27-A-13";
529 0 1 528,527 "Odd-27-S-13";
530 0 0 529,2410 "Odd-27-B-12";
531 0 0 529,2411 "Odd-27-A-12";
532 0 1 531,530 "Odd-27-S-12";
533 0 0 532,2412 "Odd-27-B-11";
534 0 0 532,2413 "Odd-27-A-11";
535 0 1 534,533 "Odd-27-S-11";
536 0 0 535,2414 "Odd-27-B-10";
537 0 1 549,548 "Odd-27-S-23";
538 0 1 1196,2380 "Odd-27-Z";
539 0 0 538,2382 "Odd-27-B-26";
540 0 0 538,2383 "Odd-27-A-26";
541 0 1 540,539 "Odd-27-S-26";
542 0 0 541,2384 "Odd-27-B-25";
543 0 0 541,2385 "Odd-27-A-25";
544 0 1 543,542 "Odd-27-S-25";
545 0 0 544,2386 "Odd-27-B-24";
546 0 0 544,2387 "Odd-27-A-24";
547 0 1 546,545 "Odd-27-S-24";
548 0 0 547,2388 "Odd-27-B-23";
549 0 0 547,2389 "Odd-27-A-23";
550 0 0 535,2415 "Odd-27-A-10";
551 0 0 537,2390 "Odd-27-B-22";
552 0 0 537,2391 "Odd-27-A-22";
553 0 1 552,551 "Odd-27-S-22";
554 0 0 553,2392 "Odd-27-B-21";
555 0 0 553,2393 "Odd-27-A-21";
556 0 1 555,554 "Odd-27-S-21";
557 0 0 556,2394 "Odd-27-B-20";
558 0 0 556,2395 "Odd-27-A-20";
559 0 1 558,557 "Odd-27-S-20";
560 0 0 559,2396 "Odd-27-B-19";
561 0 0 559,2397 "Odd-27-A-19";
562 0 1 574,573 "Odd-26-S-24";
563 0 0 575,2432 "Odd-27-B-1";
564 0 0 575,2433 "Odd-27-A-1";
565 0 1 564,563 "Odd-27-S-1";
566 0 0 565,2434 "Odd-27-B-0";
567 0 0 565,2435 "Odd-27-A-0";
568 0 1 567,566 "Odd-27-S-0";
569 0 1 1499,2382,2380 "Odd-26-Z";
570 0 0 569,2384 "Odd-26-B-25";
571 0 0 569,2385 "Odd-26-A-25";
572 0 1 571,570 "Odd-26-S-25";
573 0 0 572,2386 "Odd-26-B-24";
574 0 0 572,2387 "Odd-26-A-24";
575 0 1 612,611 "Odd-27-S-2";
576 0 0 562,2388 "Odd-26-B-23";
577 0 0 562,2389 "Odd-26-A-23";
578 0 1 577,576 "Odd-26-S-23";
579 0 0 578,2390 "Odd-26-B-22";
580 0 0 578,2391 "Odd-26-A-22";
581 0 1 580,579 "Odd-26-S-22";
582 0 0 581,2392 "Odd-26-B-21";
583 0 0 581,2393 "Odd-26-A-21";
584 0 1 583,582 "Odd-26-S-21";
585 0 0 584,2394 "Odd-26-B-20";
586 0 0 584,2395 "Odd-26-A-20";
587 0 1 586,585 "Odd-26-S-20";
588 0 1 600,599 "Odd-27-S-6";
589 0 1 550,536 "Odd-27-S-10";
590 0 0 589,2416 "Odd-27-B-9";
591 0 0 589,2417 "Odd-27-A-9";
592 0 1 591,590 "Odd-27-S-9";
593 0 0 592,2418 "Odd-27-B-8";
594 0 0 592,2419 "Odd-27-A-8";
595 0 1 594,593 "Odd-27-S-8";
596 0 0 595,2420 "Odd-27-B-7";
597 0 0 595,2421 "Odd-27-A-7";
598 0 1 597,596 "Odd-27-S-7";
599 0 0 598,2422 "Odd-27-B-6";
600 0 0 598,2423 "Odd-27-A-6";
601 0 1 485,484 "Odd-25-S-11";
602 0 0 588,2424 "Odd-27-B-5";
603 0 0 588,2425 "Odd-27-A-5";
604 0 1 603,602 "Odd-27-S-5";
605 0 0 604,2426 "Odd-27-B-4";
606 0 0 604,2427 "Odd-27-A-4";
607 0 1 606,605 "Odd-27-S-4";
608 0 0 607,2428 "Odd-27-B-3";
609 0 0 607,2429 "Odd-27-A-3";
610 0 1 609,608 "Odd-27-S-3";
611 0 0 610,2430 "Odd-27-B-2";
612 0 0 610,2431 "Odd-27-A-2";
613 0 1 625,624 "Odd-23-S-12";
614 0 1 626,663 "Odd-23-S-16";
615 0 0 614,2404 "Odd-23-B-15";
616 0 0 614,2405 "Odd-23-A-15";
617 0 1 616,615 "Odd-23-S-15";
618 0 0 617,2406 "Odd-23-B-14";
619 0 0 617,2407 "Odd-23-A-14";
620 0 1 619,618 "Odd-23-S-14";
621 0 0 620,2408 "Odd-23-B-13";
622 0 0 620,2409 "Odd-23-A-13";
623 0 1 622,621 "Odd-23-S-13";
624 0 0 623,2410 "Odd-23-B-12";
625 0 0 623,2411 "Odd-23-A-12";
626 0 0 662,2403 "Odd-23-A-16";
627 0 0 613,2412 "Odd-23-B-11";
628 0 0 613,2413 "Odd-23-A-11";
629 0 1 628,627 "Odd-23-S-11";
630 0 0 629,2414 "Odd-23-B-10";
631 0 0 629,2415 "Odd-23-A-10";
632 0 1 631,630 "Odd-23-S-10";
633 0 0 632,2416 "Odd-23-B-9";
634 0 0 632,2417 "Odd-23-A-9";
635 0 1 634,633 "Odd-23-S-9";
636 0 0 635,2418 "Odd-23-B-8";
637 0 0 635,2419 "Odd-23-A-8";
638 0 1 637,636 "Odd-23-S-8";
639 0 0 650,2395 "Odd-23-A-20";
640 0 1 703,791 "Odd-24-S-1";
641 0 0 640,2434 "Odd-24-B-0";
642 0 0 640,2435 "Odd-24-A-0";
643 0 1 642,641 "Odd-24-S-0";
644 0 1 1344,2388,2386,2384,2382,2380 "Odd-23-Z";
645 0 0 644,2390 "Odd-23-B-22";
646 0 0 644,2391 "Odd-23-A-22";
647 0 1 646,645 "Odd-23-S-22";
648 0 0 647,2392 "Odd-23-B-21";
649 0 0 647,2393 "Odd-23-A-21";
650 0 1 649,648 "Odd-23-S-21";
651 0 0 650,2394 "Odd-23-B-20";
652 0 0 638,2420 "Odd-23-B-7";
653 0 1 639,651 "Odd-23-S-20";
654 0 0 653,2396 "Odd-23-B-19";
655 0 0 653,2397 "Odd-23-A-19";
656 0 1 655,654 "Odd-23-S-19";
657 0 0 656,2398 "Odd-23-B-18";
658 0 0 656,2399 "Odd-23-A-18";
659 0 1 658,657 "Odd-23-S-18";
660 0 0 659,2400 "Odd-23-B-17";
661 0 0 659,2401 "Odd-23-A-17";
662 0 1 661,660 "Odd-23-S-17";
663 0 0 662,2402 "Odd-23-B-16";
664 0 0 675,2401 "Odd-22-A-17";
665 0 0 714,2393 "Odd-22-A-21";
666 0 1 665,677 "Odd-22-S-21";
667 0 0 666,2394 "Odd-22-B-20";
668 0 0 666,2395 "Odd-22-A-20";
669 0 1 668,667 "Odd-22-S-20";
670 0 0 669,2396 "Odd-22-B-19";
671 0 0 669,2397 "Odd-22-A-19";
672 0 1 671,670 "Odd-22-S-19";
673 0 0 672,2398 "Odd-22-B-18";
674 0 0 672,2399 "Odd-22-A-18";
675 0 1 674,673 "Odd-22-S-18";
676 0 0 675,2400 "Odd-22-B-17";
677 0 0 714,2392 "Odd-22-B-21";
678 0 1 664,676 "Odd-22-S-17";
679 0 0 678,2402 "Odd-22-B-16";
680 0 0 678,2403 "Odd-22-A-16";
681 0 1 680,679 "Odd-22-S-16";
682 0 0 681,2404 "Odd-22-B-15";
683 0 0 681,2405 "Odd-22-A-15";
684 0 1 683,682 "Odd-22-S-15";
685 0 0 684,2406 "Odd-22-B-14";
686 0 0 684,2407 "Odd-22-A-14";
687 0 1 686,685 "Odd-22-S-14";
688 0 0 687,2408 "Odd-22-B-13";
689 0 0 687,2409 "Odd-22-A-13";
690 0 0 701,2429 "Odd-23-A-3";
691 0 0 638,2421 "Odd-23-A-7";
692 0 1 691,652 "Odd-23-S-7";
693 0 0 692,2422 "Odd-23-B-6";
694 0 0 692,2423 "Odd-23-A-6";
695 0 1 694,693 "Odd-23-S-6";
696 0 0 695,2424 "Odd-23-B-5";
697 0 0 695,2425 "Odd-23-A-5";
698 0 1 697,696 "Odd-23-S-5";
699 0 0 698,2426 "Odd-23-B-4";
700 0 0 698,2427 "Odd-23-A-4";
701 0 1 700,699 "Odd-23-S-4";
702 0 0 701,2428 "Odd-23-B-3";
703 0 0 790,2433 "Odd-24-A-1";
704 0 1 690,702 "Odd-23-S-3";
705 0 0 704,2430 "Odd-23-B-2";
706 0 0 704,2431 "Odd-23-A-2";
707 0 1 706,705 "Odd-23-S-2";
708 0 0 707,2432 "Odd-23-B-1";
709 0 0 707,2433 "Odd-23-A-1";
710 0 1 709,708 "Odd-23-S-1";
711 0 0 710,2434 "Odd-23-B-0";
712 0 0 710,2435 "Odd-23-A-0";
713 0 1 712,711 "Odd-23-S-0";
714 0 1 2127,2390,2388,2386,2384,2382,2380 "Odd-22-Z";
715 0 0 727,2390 "Odd-24-B-22";
716 0 0 765,2431 "Odd-25-A-2";
717 0 1 716,728 "Odd-25-S-2";
718 0 0 717,2432 "Odd-25-B-1";
719 0 0 717,2433 "Odd-25-A-1";
720 0 1 719,718 "Odd-25-S-1";
721 0 0 720,2434 "Odd-25-B-0";
722 0 0 720,2435 "Odd-25-A-0";
723 0 1 722,721 "Odd-25-S-0";
724 0 1 1279,2386,2384,2382,2380 "Odd-24-Z";
725 0 0 724,2388 "Odd-24-B-23";
726 0 0 724,2389 "Odd-24-A-23";
727 0 1 726,725 "Odd-24-S-23";
728 0 0 765,2430 "Odd-25-B-2";
729 0 0 727,2391 "Odd-24-A-22";
730 0 1 729,715 "Odd-24-S-22";
731 0 0 730,2392 "Odd-24-B-21";
732 0 0 730,2393 "Odd-24-A-21";
733 0 1 732,731 "Odd-24-S-21";
734 0 0 733,2394 "Odd-24-B-20";
735 0 0 733,2395 "Odd-24-A-20";
736 0 1 735,734 "Odd-24-S-20";
737 0 0 736,2396 "Odd-24-B-19";
738 0 0 736,2397 "Odd-24-A-19";
739 0 1 738,737 "Odd-24-S-19";
740 0 0 739,2398 "Odd-24-B-18";
741 0 0 753,2422 "Odd-25-B-6";
742 0 0 601,2414 "Odd-25-B-10";
743 0 0 601,2415 "Odd-25-A-10";
744 0 1 743,742 "Odd-25-S-10";
745 0 0 744,2416 "Odd-25-B-9";
746 0 0 744,2417 "Odd-25-A-9";
747 0 1 746,745 "Odd-25-S-9";
748 0 0 747,2418 "Odd-25-B-8";
749 0 0 747,2419 "Odd-25-A-8";
750 0 1 749,748 "Odd-25-S-8";
751 0 0 750,2420 "Odd-25-B-7";
752 0 0 750,2421 "Odd-25-A-7";
753 0 1 752,751 "Odd-25-S-7";
754 0 0 739,2399 "Odd-24-A-18";
755 0 0 753,2423 "Odd-25-A-6";
756 0 1 755,741 "Odd-25-S-6";
757 0 0 756,2424 "Odd-25-B-5";
758 0 0 756,2425 "Odd-25-A-5";
759 0 1 758,757 "Odd-25-S-5";
760 0 0 759,2426 "Odd-25-B-4";
761 0 0 759,2427 "Odd-25-A-4";
762 0 1 761,760 "Odd-25-S-4";
763 0 0 762,2428 "Odd-25-B-3";
764 0 0 762,2429 "Odd-25-A-3";
765 0 1 764,763 "Odd-25-S-3";
766 0 0 778,2424 "Odd-24-B-5";
767 0 0 779,2416 "Odd-24-B-9";
768 0 0 779,2417 "Odd-24-A-9";
769 0 1 768,767 "Odd-24-S-9";
770 0 0 769,2418 "Odd-24-B-8";
771 0 0 769,2419 "Odd-24-A-8";
772 0 1 771,770 "Odd-24-S-8";
773 0 0 772,2420 "Odd-24-B-7";
774 0 0 772,2421 "Odd-24-A-7";
775 0 1 774,773 "Odd-24-S-7";
776 0 0 775,2422 "Odd-24-B-6";
777 0 0 775,2423 "Odd-24-A-6";
778 0 1 777,776 "Odd-24-S-6";
779 0 1 816,815 "Odd-24-S-10";
780 0 0 778,2425 "Odd-24-A-5";
781 0 1 780,766 "Odd-24-S-5";
782 0 0 781,2426 "Odd-24-B-4";
783 0 0 781,2427 "Odd-24-A-4";
784 0 1 783,782 "Odd-24-S-4";
785 0 0 784,2428 "Odd-24-B-3";
786 0 0 784,2429 "Odd-24-A-3";
787 0 1 786,785 "Odd-24-S-3";
788 0 0 787,2430 "Odd-24-B-2";
789 0 0 787,2431 "Odd-24-A-2";
790 0 1 789,788 "Odd-24-S-2";
791 0 0 790,2432 "Odd-24-B-1";
792 0 1 804,803 "Odd-24-S-14";
793 0 1 754,740 "Odd-24-S-18";
794 0 0 793,2400 "Odd-24-B-17";
795 0 0 793,2401 "Odd-24-A-17";
796 0 1 795,794 "Odd-24-S-17";
797 0 0 796,2402 "Odd-24-B-16";
798 0 0 796,2403 "Odd-24-A-16";
799 0 1 798,797 "Odd-24-S-16";
800 0 0 799,2404 "Odd-24-B-15";
801 0 0 799,2405 "Odd-24-A-15";
802 0 1 801,800 "Odd-24-S-15";
803 0 0 802,2406 "Odd-24-B-14";
804 0 0 802,2407 "Odd-24-A-14";
805 0 0 344,2433 "Odd-19-A-1";
806 0 0 792,2408 "Odd-24-B-13";
807 0 0 792,2409 "Odd-24-A-13";
808 0 1 807,806 "Odd-24-S-13";
809 0 0 808,2410 "Odd-24-B-12";
810 0 0 808,2411 "Odd-24-A-12";
811 0 1 810,809 "Odd-24-S-12";
812 0 0 811,2412 "Odd-24-B-11";
813 0 0 811,2413 "Odd-24-A-11";
814 0 1 813,812 "Odd-24-S-11";
815 0 0 814,2414 "Odd-24-B-10";
816 0 0 814,2415 "Odd-24-A-10";
817 0 0 832,2428 "Odd-7-B-3";
818 0 0 819,2414 "Odd-12-B-10";
819 0 1 820,821 "Odd-12-S-11";
820 0 0 822,2413 "Odd-12-A-11";
821 0 0 822,2412 "Odd-12-B-11";
822 0 1 2348,2410,2408,2406,2404,2402,2400,2398,2396,2394,2392,2390,2388,2386,2384,2382,2380 "Odd-12-Z";
823 0 1 1465,2420,2418,2416,2414,2412,2410,2408,2406,2404,2402,2400,2398,2396,2394,2392,2390,2388,2386,2384,2382,2380 "Odd-7-Z";
824 0 0 823,2422 "Odd-7-B-6";
825 0 0 823,2423 "Odd-7-A-6";
826 0 1 825,824 "Odd-7-S-6";
827 0 0 826,2424 "Odd-7-B-5";
828 0 0 826,2425 "Odd-7-A-5";
829 0 1 828,827 "Odd-7-S-5";
830 0 0 829,2426 "Odd-7-B-4";
831 0 0 829,2427 "Odd-7-A-4";
832 0 1 831,830 "Odd-7-S-4";
833 0 0 819,2415 "Odd-12-A-10";
834 0 0 832,2429 "Odd-7-A-3";
835 0 1 834,817 "Odd-7-S-3";
836 0 0 835,2430 "Odd-7-B-2";
837 0 0 835,2431 "Odd-7-A-2";
838 0 1 839,840 "Odd-13-S-0";
839 0 0 841,2435 "Odd-13-A-0";
840 0 0 841,2434 "Odd-13-B-0";
841 0 1 842,843 "Odd-13-S-1";
842 0 0 844,2433 "Odd-13-A-1";
843 0 0 844,2432 "Odd-13-B-1";
844 0 1 845,847 "Odd-13-S-2";
845 0 0 863,2431 "Odd-13-A-2";
846 0 1 837,836 "Odd-7-S-2";
847 0 0 863,2430 "Odd-13-B-2";
848 0 0 865,2425 "Odd-12-A-5";
849 0 0 850,2434 "Odd-12-B-0";
850 0 1 851,852 "Odd-12-S-1";
851 0 0 853,2433 "Odd-12-A-1";
852 0 0 853,2432 "Odd-12-B-1";
853 0 1 854,855 "Odd-12-S-2";
854 0 0 856,2431 "Odd-12-A-2";
855 0 0 856,2430 "Odd-12-B-2";
856 0 1 857,858 "Odd-12-S-3";
857 0 0 859,2429 "Odd-12-A-3";
858 0 0 859,2428 "Odd-12-B-3";
859 0 1 860,861 "Odd-12-S-4";
860 0 0 862,2427 "Odd-12-A-4";
861 0 0 862,2426 "Odd-12-B-4";
862 0 1 848,864 "Odd-12-S-5";
863 0 1 910,911 "Odd-13-S-3";
864 0 0 865,2424 "Odd-12-B-5";
865 0 1 866,867 "Odd-12-S-6";
866 0 0 868,2423 "Odd-12-A-6";
867 0 0 868,2422 "Odd-12-B-6";
868 0 1 869,870 "Odd-12-S-7";
869 0 0 871,2421 "Odd-12-A-7";
870 0 0 871,2420 "Odd-12-B-7";
871 0 1 872,873 "Odd-12-S-8";
872 0 0 874,2419 "Odd-12-A-8";
873 0 0 874,2418 "Odd-12-B-8";
874 0 1 875,876 "Odd-12-S-9";
875 0 0 877,2417 "Odd-12-A-9";
876 0 0 877,2416 "Odd-12-B-9";
877 0 1 833,818 "Odd-12-S-10";
878 0 1 895,896 "Odd-13-S-10";
879 0 1 880,881 "Odd-13-S-5";
880 0 0 882,2425 "Odd-13-A-5";
881 0 0 882,2424 "Odd-13-B-5";
882 0 1 883,884 "Odd-13-S-6";
883 0 0 885,2423 "Odd-13-A-6";
884 0 0 885,2422 "Odd-13-B-6";
885 0 1 886,887 "Odd-13-S-7";
886 0 0 888,2421 "Odd-13-A-7";
887 0 0 888,2420 "Odd-13-B-7";
888 0 1 889,890 "Odd-13-S-8";
889 0 0 891,2419 "Odd-13-A-8";
890 0 0 891,2418 "Odd-13-B-8";
891 0 1 892,893 "Odd-13-S-9";
892 0 0 878,2417 "Odd-13-A-9";
893 0 0 878,2416 "Odd-13-B-9";
894 0 0 879,2426 "Odd-13-B-4";
895 0 0 897,2415 "Odd-13-A-10";
896 0 0 897,2414 "Odd-13-B-10";
897 0 1 898,899 "Odd-13-S-11";
898 0 0 900,2413 "Odd-13-A-11";
899 0 0 900,2412 "Odd-13-B-11";
900 0 1 901,902 "Odd-13-S-12";
901 0 0 903,2411 "Odd-13-A-12";
902 0 0 903,2410 "Odd-13-B-12";
903 0 1 1817,2408,2406,2404,2402,2400,2398,2396,2394,2392,2390,2388,2386,2384,2382,2380 "Odd-13-Z";
904 0 1 1452,2424,2422,2420,2418,2416,2414,2412,2410,2408,2406,2404,2402,2400,2398,2396,2394,2392,2390,2388,2386,2384,2382,2380 "Odd-5-Z";
905 0 0 904,2426 "Odd-5-B-4";
906 0 0 904,2427 "Odd-5-A-4";
907 0 1 906,905 "Odd-5-S-4";
908 0 0 907,2428 "Odd-5-B-3";
909 0 1 923,922 "Odd-6-S-4";
910 0 0 937,2429 "Odd-13-A-3";
911 0 0 937,2428 "Odd-13-B-3";
912 0 0 846,2432 "Odd-7-B-1";
913 0 0 846,2433 "Odd-7-A-1";
914 0 1 913,912 "Odd-7-S-1";
915 0 0 914,2434 "Odd-7-B-0";
916 0 0 914,2435 "Odd-7-A-0";
917 0 1 916,915 "Odd-7-S-0";
918 0 1 1498,2422,2420,2418,2416,2414,2412,2410,2408,2406,2404,2402,2400,2398,2396,2394,2392,2390,2388,2386,2384,2382,2380 "Odd-6-Z";
919 0 0 918,2424 "Odd-6-B-5";
920 0 0 918,2425 "Odd-6-A-5";
921 0 1 920,919 "Odd-6-S-5";
922 0 0 921,2426 "Odd-6-B-4";
923 0 0 921,2427 "Odd-6-A-4";
924 0 0 850,2435 "Odd-12-A-0";
925 0 0 909,2428 "Odd-6-B-3";
926 0 0 909,2429 "Odd-6-A-3";
927 0 1 926,925 "Odd-6-S-3";
928 0 0 927,2430 "Odd-6-B-2";
929 0 0 927,2431 "Odd-6-A-2";
930 0 1 929,928 "Odd-6-S-2";
931 0 0 930,2432 "Odd-6-B-1";
932 0 0 930,2433 "Odd-6-A-1";
933 0 1 932,931 "Odd-6-S-1";
934 0 0 933,2434 "Odd-6-B-0";
935 0 0 933,2435 "Odd-6-A-0";
936 0 1 935,934 "Odd-6-S-0";
937 0 1 938,894 "Odd-13-S-4";
938 0 0 879,2427 "Odd-13-A-4";
939 0 0 954,2426 "Odd-9-B-4";
940 0 1 2231,2414,2412,2410,2408,2406,2404,2402,2400,2398,2396,2394,2392,2390,2388,2386,2384,2382,2380 "Odd-10-Z";
941 0 0 281,2426 "Odd-15-B-4";
942 0 1 1369,2416,2414,2412,2410,2408,2406,2404,2402,2400,2398,2396,2394,2392,2390,2388,2386,2384,2382,2380 "Odd-9-Z";
943 0 0 942,2418 "Odd-9-B-8";
944 0 0 942,2419 "Odd-9-A-8";
945 0 1 944,943 "Odd-9-S-8";
946 0 0 945,2420 "Odd-9-B-7";
947 0 0 945,2421 "Odd-9-A-7";
948 0 1 947,946 "Odd-9-S-7";
949 0 0 948,2422 "Odd-9-B-6";
950 0 0 948,2423 "Odd-9-A-6";
951 0 1 950,949 "Odd-9-S-6";
952 0 0 951,2424 "Odd-9-B-5";
953 0 0 951,2425 "Odd-9-A-5";
954 0 1 953,952 "Odd-9-S-5";
955 0 0 940,2416 "Odd-10-B-9";
956 0 0 954,2427 "Odd-9-A-4";
957 0 1 956,939 "Odd-9-S-4";
958 0 0 957,2428 "Odd-9-B-3";
959 0 0 957,2429 "Odd-9-A-3";
960 0 1 959,958 "Odd-9-S-3";
961 0 0 960,2430 "Odd-9-B-2";
962 0 0 960,2431 "Odd-9-A-2";
963 0 1 962,961 "Odd-9-S-2";
964 0 0 963,2432 "Odd-9-B-1";
965 0 0 963,2433 "Odd-9-A-1";
966 0 1 965,964 "Odd-9-S-1";
967 0 0 966,2434 "Odd-9-B-0";
968 0 0 966,2435 "Odd-9-A-0";
969 0 1 968,967 "Odd-9-S-0";
970 0 0 986,2426 "Odd-10-B-4";
971 0 1 972,973 "Odd-10-S-0";
972 0 0 974,2435 "Odd-10-A-0";
973 0 0 974,2434 "Odd-10-B-0";
974 0 1 975,976 "Odd-10-S-1";
975 0 0 977,2433 "Odd-10-A-1";
976 0 0 977,2432 "Odd-10-B-1";
977 0 1 978,979 "Odd-10-S-2";
978 0 0 980,2431 "Odd-10-A-2";
979 0 0 980,2430 "Odd-10-B-2";
980 0 1 981,982 "Odd-10-S-3";
981 0 0 983,2429 "Odd-10-A-3";
982 0 0 983,2428 "Odd-10-B-3";
983 0 1 984,970 "Odd-10-S-4";
984 0 0 986,2427 "Odd-10-A-4";
985 0 1 1031,1032 "Odd-11-S-0";
986 0 1 987,988 "Odd-10-S-5";
987 0 0 989,2425 "Odd-10-A-5";
988 0 0 989,2424 "Odd-10-B-5";
989 0 1 990,991 "Odd-10-S-6";
990 0 0 992,2423 "Odd-10-A-6";
991 0 0 992,2422 "Odd-10-B-6";
992 0 1 993,994 "Odd-10-S-7";
993 0 0 995,2421 "Odd-10-A-7";
994 0 0 995,2420 "Odd-10-B-7";
995 0 1 996,997 "Odd-10-S-8";
996 0 0 998,2419 "Odd-10-A-8";
997 0 0 998,2418 "Odd-10-B-8";
998 0 1 999,955 "Odd-10-S-9";
999 0 0 940,2417 "Odd-10-A-9";
1000 0 0 1013,2427 "Odd-8-A-4";
1001 0 0 1003,2415 "Odd-11-A-10";
1002 0 0 1003,2414 "Odd-11-B-10";
1003 0 1 2208,2412,2410,2408,2406,2404,2402,2400,2398,2396,2394,2392,2390,2388,2386,2384,2382,2380 "Odd-11-Z";
1004 0 1 1613,2418,2416,2414,2412,2410,2408,2406,2404,2402,2400,2398,2396,2394,2392,2390,2388,2386,2384,2382,2380 "Odd-8-Z";
1005 0 0 1004,2420 "Odd-8-B-7";
1006 0 0 1004,2421 "Odd-8-A-7";
1007 0 1 1006,1005 "Odd-8-S-7";
1008 0 0 1007,2422 "Odd-8-B-6";
1009 0 0 1007,2423 "Odd-8-A-6";
1010 0 1 1009,1008 "Odd-8-S-6";
1011 0 0 1010,2424 "Odd-8-B-5";
1012 0 0 1010,2425 "Odd-8-A-5";
1013 0 1 1012,1011 "Odd-8-S-5";
1014 0 0 1013,2426 "Odd-8-B-4";
1015 0 1 1001,1002 "Odd-11-S-10";
1016 0 1 1000,1014 "Odd-8-S-4";
1017 0 0 1016,2428 "Odd-8-B-3";
1018 0 0 1016,2429 "Odd-8-A-3";
1019 0 1 1018,1017 "Odd-8-S-3";
1020 0 0 1019,2430 "Odd-8-B-2";
1021 0 0 1019,2431 "Odd-8-A-2";
1022 0 1 1021,1020 "Odd-8-S-2";
1023 0 0 1022,2432 "Odd-8-B-1";
1024 0 0 1022,2433 "Odd-8-A-1";
1025 0 1 1024,1023 "Odd-8-S-1";
1026 0 0 1025,2434 "Odd-8-B-0";
1027 0 0 1025,2435 "Odd-8-A-0";
1028 0 1 1027,1026 "Odd-8-S-0";
1029 0 1 924,849 "Odd-12-S-0";
1030 0 1 1046,1047 "Odd-11-S-5";
1031 0 0 1033,2435 "Odd-11-A-0";
1032 0 0 1033,2434 "Odd-11-B-0";
1033 0 1 1034,1035 "Odd-11-S-1";
1034 0 0 1036,2433 "Odd-11-A-1";
1035 0 0 1036,2432 "Odd-11-B-1";
1036 0 1 1037,1038 "Odd-11-S-2";
1037 0 0 1039,2431 "Odd-11-A-2";
1038 0 0 1039,2430 "Odd-11-B-2";
1039 0 1 1040,1041 "Odd-11-S-3";
1040 0 0 1042,2429 "Odd-11-A-3";
1041 0 0 1042,2428 "Odd-11-B-3";
1042 0 1 1043,1044 "Odd-11-S-4";
1043 0 0 1030,2427 "Odd-11-A-4";
1044 0 0 1030,2426 "Odd-11-B-4";
1045 0 0 281,2427 "Odd-15-A-4";
1046 0 0 1048,2425 "Odd-11-A-5";
1047 0 0 1048,2424 "Odd-11-B-5";
1048 0 1 1049,1050 "Odd-11-S-6";
1049 0 0 1051,2423 "Odd-11-A-6";
1050 0 0 1051,2422 "Odd-11-B-6";
1051 0 1 1052,1053 "Odd-11-S-7";
1052 0 0 1054,2421 "Odd-11-A-7";
1053 0 0 1054,2420 "Odd-11-B-7";
1054 0 1 1055,1056 "Odd-11-S-8";
1055 0 0 1057,2419 "Odd-11-A-8";
1056 0 0 1057,2418 "Odd-11-B-8";
1057 0 1 1058,1059 "Odd-11-S-9";
1058 0 0 1015,2417 "Odd-11-A-9";
1059 0 0 1015,2416 "Odd-11-B-9";
1060 0 1 1071,1072 "Odd-14-S-8";
1061 0 1 1062,1063 "Odd-14-S-5";
1062 0 0 1064,2425 "Odd-14-A-5";
1063 0 0 1064,2424 "Odd-14-B-5";
1064 0 1 1065,1066 "Odd-14-S-6";
1065 0 0 1067,2423 "Odd-14-A-6";
1066 0 0 1067,2422 "Odd-14-B-6";
1067 0 1 1068,1069 "Odd-14-S-7";
1068 0 0 1060,2421 "Odd-14-A-7";
1069 0 0 1060,2420 "Odd-14-B-7";
1070 0 0 1061,2426 "Odd-14-B-4";
1071 0 0 1073,2419 "Odd-14-A-8";
1072 0 0 1073,2418 "Odd-14-B-8";
1073 0 1 1074,1075 "Odd-14-S-9";
1074 0 0 1107,2417 "Odd-14-A-9";
1075 0 0 1107,2416 "Odd-14-B-9";
1076 0 1 1077,1078 "Odd-2-S-0";
1077 0 0 1079,2435 "Odd-2-A-0";
1078 0 0 1079,2434 "Odd-2-B-0";
1079 0 1 1090,1121 "Odd-2-S-1";
1080 0 0 1092,2433 "Odd-14-A-1";
1081 0 0 1145,2433 "Odd-5-A-1";
1082 0 1 1081,1144 "Odd-5-S-1";
1083 0 0 1082,2434 "Odd-5-B-0";
1084 0 0 1082,2435 "Odd-5-A-0";
1085 0 1 1084,1083 "Odd-5-S-0";
1086 0 1 1087,1088 "Odd-14-S-0";
1087 0 0 1089,2435 "Odd-14-A-0";
1088 0 0 1089,2434 "Odd-14-B-0";
1089 0 1 1080,1091 "Odd-14-S-1";
1090 0 0 1122,2433 "Odd-2-A-1";
1091 0 0 1092,2432 "Odd-14-B-1";
1092 0 1 1093,1094 "Odd-14-S-2";
1093 0 0 1095,2431 "Odd-14-A-2";
1094 0 0 1095,2430 "Odd-14-B-2";
1095 0 1 1096,1097 "Odd-14-S-3";
1096 0 0 1098,2429 "Odd-14-A-3";
1097 0 0 1098,2428 "Odd-14-B-3";
1098 0 1 1099,1070 "Odd-14-S-4";
1099 0 0 1061,2427 "Odd-14-A-4";
1100 0 1 1111,1112 "Odd-14-S-11";
1101 0 0 1103,2433 "Odd-3-A-1";
1102 0 0 1103,2432 "Odd-3-B-1";
1103 0 1 1104,1105 "Odd-3-S-2";
1104 0 0 1106,2431 "Odd-3-A-2";
1105 0 0 1106,2430 "Odd-3-B-2";
1106 0 1 1412,2428,2426,2424,2422,2420,2418,2416,2414,2412,2410,2408,2406,2404,2402,2400,2398,2396,2394,2392,2390,2388,2386,2384,2382,2380 "Odd-3-Z";
1107 0 1 1108,1109 "Odd-14-S-10";
1108 0 0 1100,2415 "Odd-14-A-10";
1109 0 0 1100,2414 "Odd-14-B-10";
1110 0 1 1101,1102 "Odd-3-S-1";
1111 0 0 1113,2413 "Odd-14-A-11";
1112 0 0 1113,2412 "Odd-14-B-11";
1113 0 1 1114,1115 "Odd-14-S-12";
1114 0 0 1116,2411 "Odd-14-A-12";
1115 0 0 1116,2410 "Odd-14-B-12";
1116 0 1 1117,1118 "Odd-14-S-13";
1117 0 0 1119,2409 "Odd-14-A-13";
1118 0 0 1119,2408 "Odd-14-B-13";
1119 0 1 1987,2406,2404,2402,2400,2398,2396,2394,2392,2390,2388,2386,2384,2382,2380 "Odd-14-Z";
1120 0 0 1128,2431 "Odd-4-A-2";
1121 0 0 1122,2432 "Odd-2-B-1";
1122 0 1 1396,2430,2428,2426,2424,2422,2420,2418,2416,2414,2412,2410,2408,2406,2404,2402,2400,2398,2396,2394,2392,2390,2388,2386,2384,2382,2380 "Odd-2-Z";
1123 0 1 1124,1138 "Odd-3-S-0";
1124 0 0 1110,2435 "Odd-3-A-0";
1125 0 1 1471,2426,2424,2422,2420,2418,2416,2414,2412,2410,2408,2406,2404,2402,2400,2398,2396,2394,2392,2390,2388,2386,2384,2382,2380 "Odd-4-Z";
1126 0 0 1125,2428 "Odd-4-B-3";
1127 0 0 1125,2429 "Odd-4-A-3";
1128 0 1 1127,1126 "Odd-4-S-3";
1129 0 0 1128,2430 "Odd-4-B-2";
1130 0 1 1143,908 "Odd-5-S-3";
1131 0 1 1120,1129 "Odd-4-S-2";
1132 0 0 1131,2432 "Odd-4-B-1";
1133 0 0 1131,2433 "Odd-4-A-1";
1134 0 1 1133,1132 "Odd-4-S-1";
1135 0 0 1134,2434 "Odd-4-B-0";
1136 0 0 1134,2435 "Odd-4-A-0";
1137 0 1 1136,1135 "Odd-4-S-0";
1138 0 0 1110,2434 "Odd-3-B-0";
1139 0 0 1155,2429 "Odd-15-A-3";
1140 0 0 1141,2432 "Odd-15-B-1";
1141 0 1 1142,1148 "Odd-15-S-2";
1142 0 0 1153,2431 "Odd-15-A-2";
1143 0 0 907,2429 "Odd-5-A-3";
1144 0 0 1145,2432 "Odd-5-B-1";
1145 0 1 1146,1147 "Odd-5-S-2";
1146 0 0 1130,2431 "Odd-5-A-2";
1147 0 0 1130,2430 "Odd-5-B-2";
1148 0 0 1153,2430 "Odd-15-B-2";
1149 0 1 1319,2432,2430,2428,2426,2424,2422,2420,2418,2416,2414,2412,2410,2408,2406,2404,2402,2400,2398,2396,2394,2392,2390,2388,2386,2384,2382,2380 "Odd-1-Z";
1150 0 0 1149,2434 "Odd-1-B-0";
1151 0 0 1149,2435 "Odd-1-A-0";
1152 0 1 1151,1150 "Odd-1-S-0";
1153 0 1 1139,1154 "Odd-15-S-3";
1154 0 0 1155,2428 "Odd-15-B-3";
1155 0 1 1045,941 "Odd-15-S-4";
1156 0 1 1395,2434,2432,2430,2428,2426,2424,2422,2420,2418,2416,2414,2412,2410,2408,2406,2404,2402,2400,2398,2396,2394,2392,2390,2388,2386,2384,2382,2380 "Odd-0-Z";
1157 0 0 1141,2433 "Odd-15-A-1";
1158 0 1 1157,1140 "Odd-15-S-1";
1159 0 0 1158,2434 "Odd-15-B-0";
1160 0 0 1158,2435 "Odd-15-A-0";
1161 0 1 1160,1159 "Odd-15-S-0";
1162 1 1 1165,2418 "Even-24-A-8";
1163 1 1 1168,2417 "Even-24-B-9";
1164 1 1 1168,2416 "Even-24-A-9";
1165 1 0 1164,1163 "Even-24-S-9";
1166 1 1 1165,2419 "Even-24-B-8";
1167 1 0 1203,1202 "Even-24-S-7";
1168 1 0 1169,1170 "Even-24-S-10";
1169 1 1 1171,2414 "Even-24-A-10";
1170 1 1 1171,2415 "Even-24-B-10";
1171 1 0 1172,1173 "Even-24-S-11";
1172 1 1 1174,2412 "Even-24-A-11";
1173 1 1 1174,2413 "Even-24-B-11";
1174 1 0 1175,1176 "Even-24-S-12";
1175 1 1 1177,2410 "Even-24-A-12";
1176 1 1 1177,2411 "Even-24-B-12";
1177 1 0 1178,1179 "Even-24-S-13";
1178 1 1 1180,2408 "Even-24-A-13";
1179 1 1 1180,2409 "Even-24-B-13";
1180 1 0 1181,1282 "Even-24-S-14";
1181 1 1 1272,2406 "Even-24-A-14";
1182 1 0 1193,1194 "Even-27-S-26";
1183 1 0 1184,1185 "Even-27-S-23";
1184 1 1 1186,2388 "Even-27-A-23";
1185 1 1 1186,2389 "Even-27-B-23";
1186 1 0 1187,1188 "Even-27-S-24";
1187 1 1 1189,2386 "Even-27-A-24";
1188 1 1 1189,2387 "Even-27-B-24";
1189 1 0 1190,1191 "Even-27-S-25";
1190 1 1 1182,2384 "Even-27-A-25";
1191 1 1 1182,2385 "Even-27-B-25";
1192 1 1 1183,2391 "Even-27-B-22";
1193 1 1 1195,2382 "Even-27-A-26";
1194 1 1 1195,2383 "Even-27-B-26";
1195 1 0 2369 "Even-27-Z";
1196 1 0 2437,568 "Odd-27-T";
1197 1 1 1472,2429 "Even-4-B-3";
1198 1 1 1472,2428 "Even-4-A-3";
1199 1 0 1198,1197 "Even-4-S-3";
1200 1 1 1199,2431 "Even-4-B-2";
1201 1 1 1210,2427 "Even-24-B-4";
1202 1 1 1211,2421 "Even-24-B-7";
1203 1 1 1211,2420 "Even-24-A-7";
1204 1 1 1266,2402 "Even-24-A-16";
1205 1 1 1167,2423 "Even-24-B-6";
1206 1 1 1167,2422 "Even-24-A-6";
1207 1 0 1206,1205 "Even-24-S-6";
1208 1 1 1207,2425 "Even-24-B-5";
1209 1 1 1207,2424 "Even-24-A-5";
1210 1 0 1209,1208 "Even-24-S-5";
1211 1 0 1162,1166 "Even-24-S-8";
1212 1 1 1210,2426 "Even-24-A-4";
1213 1 0 1212,1201 "Even-24-S-4";
1214 1 1 1213,2429 "Even-24-B-3";
1215 1 0 1216,1217 "Even-27-S-21";
1216 1 1 1218,2392 "Even-27-A-21";
1217 1 1 1218,2393 "Even-27-B-21";
1218 1 0 1219,1192 "Even-27-S-22";
1219 1 1 1183,2390 "Even-27-A-22";
1220 1 1 1381,2422 "Even-23-A-6";
1221 1 1 1222,2433 "Even-9-B-1";
1222 1 0 1231,1232 "Even-9-S-2";
1223 1 1 1225,2426 "Even-23-A-4";
1224 1 1 1225,2427 "Even-23-B-4";
1225 1 0 1226,1227 "Even-23-S-5";
1226 1 1 1228,2424 "Even-23-A-5";
1227 1 1 1228,2425 "Even-23-B-5";
1228 1 0 1220,1230 "Even-23-S-6";
1229 1 1 1222,2432 "Even-9-A-1";
1230 1 1 1381,2423 "Even-23-B-6";
1231 1 1 1233,2430 "Even-9-A-2";
1232 1 1 1233,2431 "Even-9-B-2";
1233 1 0 1234,1235 "Even-9-S-3";
1234 1 1 1236,2428 "Even-9-A-3";
1235 1 1 1236,2429 "Even-9-B-3";
1236 1 0 1237,1247 "Even-9-S-4";
1237 1 1 1274,2426 "Even-9-A-4";
1238 1 1 1248,2397 "Even-27-B-19";
1239 1 0 1240,1241 "Even-27-S-17";
1240 1 1 1242,2400 "Even-27-A-17";
1241 1 1 1242,2401 "Even-27-B-17";
1242 1 0 1243,1244 "Even-27-S-18";
1243 1 1 1245,2398 "Even-27-A-18";
1244 1 1 1245,2399 "Even-27-B-18";
1245 1 0 1246,1238 "Even-27-S-19";
1246 1 1 1248,2396 "Even-27-A-19";
1247 1 1 1274,2427 "Even-9-B-4";
1248 1 0 1249,1250 "Even-27-S-20";
1249 1 1 1215,2394 "Even-27-A-20";
1250 1 1 1215,2395 "Even-27-B-20";
1251 1 0 1252,1253 "Even-9-S-0";
1252 1 1 1254,2434 "Even-9-A-0";
1253 1 1 1254,2435 "Even-9-B-0";
1254 1 0 1229,1221 "Even-9-S-1";
1255 1 1 1263,2401 "Even-24-B-17";
1256 1 1 1289,2394 "Even-24-A-20";
1257 1 0 1256,1264 "Even-24-S-20";
1258 1 1 1257,2397 "Even-24-B-19";
1259 1 1 1257,2396 "Even-24-A-19";
1260 1 0 1259,1258 "Even-24-S-19";
1261 1 1 1260,2399 "Even-24-B-18";
1262 1 1 1260,2398 "Even-24-A-18";
1263 1 0 1262,1261 "Even-24-S-18";
1264 1 1 1289,2395 "Even-24-B-20";
1265 1 1 1263,2400 "Even-24-A-17";
1266 1 0 1265,1255 "Even-24-S-17";
1267 1 1 1266,2403 "Even-24-B-16";
1268 1 1 1371,2420 "Even-23-A-7";
1269 1 0 1204,1267 "Even-24-S-16";
1270 1 1 1269,2405 "Even-24-B-15";
1271 1 1 1269,2404 "Even-24-A-15";
1272 1 0 1271,1270 "Even-24-S-15";
1273 1 1 1280,2388 "Even-24-A-23";
1274 1 0 1275,1276 "Even-9-S-5";
1275 1 1 1277,2424 "Even-9-A-5";
1276 1 1 1277,2425 "Even-9-B-5";
1277 1 0 1278,1361 "Even-9-S-6";
1278 1 1 1362,2422 "Even-9-A-6";
1279 1 0 2443,643 "Odd-24-T";
1280 1 0 2367,2385,2383,2381 "Even-24-Z";
1281 1 1 1280,2389 "Even-24-B-23";
1282 1 1 1272,2407 "Even-24-B-14";
1283 1 0 1273,1281 "Even-24-S-23";
1284 1 1 1283,2391 "Even-24-B-22";
1285 1 1 1283,2390 "Even-24-A-22";
1286 1 0 1285,1284 "Even-24-S-22";
1287 1 1 1286,2393 "Even-24-B-21";
1288 1 1 1286,2392 "Even-24-A-21";
1289 1 0 1288,1287 "Even-24-S-21";
1290 1 0 1300,1301 "Even-10-S-7";
1291 1 1 1293,2426 "Even-10-A-4";
1292 1 1 1293,2427 "Even-10-B-4";
1293 1 0 1294,1295 "Even-10-S-5";
1294 1 1 1296,2424 "Even-10-A-5";
1295 1 1 1296,2425 "Even-10-B-5";
1296 1 0 1297,1298 "Even-10-S-6";
1297 1 1 1290,2422 "Even-10-A-6";
1298 1 1 1290,2423 "Even-10-B-6";
1299 1 0 1291,1292 "Even-10-S-4";
1300 1 1 1348,2420 "Even-10-A-7";
1301 1 1 1348,2421 "Even-10-B-7";
1302 1 1 1304,2410 "Even-23-A-12";
1303 1 1 1304,2411 "Even-23-B-12";
1304 1 0 1305,1306 "Even-23-S-13";
1305 1 1 1307,2408 "Even-23-A-13";
1306 1 1 1307,2409 "Even-23-B-13";
1307 1 0 1355,1354 "Even-23-S-14";
1308 1 1 1299,2429 "Even-10-B-3";
1309 1 1 1299,2428 "Even-10-A-3";
1310 1 0 1309,1308 "Even-10-S-3";
1311 1 1 1310,2431 "Even-10-B-2";
1312 1 0 1302,1303 "Even-23-S-12";
1313 1 1 1312,2413 "Even-23-B-11";
1314 1 1 1397,2432 "Even-2-A-1";
1315 1 0 1314,1353 "Even-2-S-1";
1316 1 1 1315,2435 "Even-2-B-0";
1317 1 1 1315,2434 "Even-2-A-0";
1318 1 0 1317,1316 "Even-2-S-0";
1319 1 0 2489,1152 "Odd-1-T";
1320 1 0 2355,2431,2429,2427,2425,2423,2421,2419,2417,2415,2413,2411,2409,2407,2405,2403,2401,2399,2397,2395,2393,2391,2389,2387,2385,2383,2381 "Even-1-Z";
1321 1 1 1320,2435 "Even-1-B-0";
1322 1 1 1320,2434 "Even-1-A-0";
1323 1 1 1331,2395 "Even-23-B-20";
1324 1 1 1332,2393 "Even-23-B-21";
1325 1 1 1327,2402 "Even-23-A-16";
1326 1 1 1327,2403 "Even-23-B-16";
1327 1 0 1328,1329 "Even-23-S-17";
1328 1 1 1380,2400 "Even-23-A-17";
1329 1 1 1380,2401 "Even-23-B-17";
1330 1 1 1332,2392 "Even-23-A-21";
1331 1 0 1330,1324 "Even-23-S-21";
1332 1 0 1341,1342 "Even-23-S-22";
1333 1 1 1331,2394 "Even-23-A-20";
1334 1 0 1333,1323 "Even-23-S-20";
1335 1 1 1334,2397 "Even-23-B-19";
1336 1 1 1334,2396 "Even-23-A-19";
1337 1 0 1336,1335 "Even-23-S-19";
1338 1 1 1337,2399 "Even-23-B-18";
1339 1 1 1337,2398 "Even-23-A-18";
1340 1 0 1322,1321 "Even-1-S-0";
1341 1 1 1343,2390 "Even-23-A-22";
1342 1 1 1343,2391 "Even-23-B-22";
1343 1 0 2353,2387,2385,2383,2381 "Even-23-Z";
1344 1 0 2445,713 "Odd-23-T";
1345 1 0 2234,2233 "Even-10-S-9";
1346 1 1 1345,2419 "Even-10-B-8";
1347 1 1 1345,2418 "Even-10-A-8";
1348 1 0 1347,1346 "Even-10-S-8";
1349 1 0 1325,1326 "Even-23-S-16";
1350 1 1 1349,2405 "Even-23-B-15";
1351 1 1 1349,2404 "Even-23-A-15";
1352 1 0 1351,1350 "Even-23-S-15";
1353 1 1 1397,2433 "Even-2-B-1";
1354 1 1 1352,2407 "Even-23-B-14";
1355 1 1 1352,2406 "Even-23-A-14";
1356 1 0 1366,1367 "Even-9-S-8";
1357 1 0 1365,1374 "Even-24-S-1";
1358 1 1 1357,2435 "Even-24-B-0";
1359 1 1 1357,2434 "Even-24-A-0";
1360 1 0 1359,1358 "Even-24-S-0";
1361 1 1 1362,2423 "Even-9-B-6";
1362 1 0 1363,1364 "Even-9-S-7";
1363 1 1 1356,2420 "Even-9-A-7";
1364 1 1 1356,2421 "Even-9-B-7";
1365 1 1 1375,2432 "Even-24-A-1";
1366 1 1 1368,2418 "Even-9-A-8";
1367 1 1 1368,2419 "Even-9-B-8";
1368 1 0 2379,2415,2413,2411,2409,2407,2405,2403,2401,2399,2397,2395,2393,2391,2389,2387,2385,2383,2381 "Even-9-Z";
1369 1 0 2473,969 "Odd-9-T";
1370 1 1 1371,2421 "Even-23-B-7";
1371 1 0 1372,1373 "Even-23-S-8";
1372 1 1 1421,2418 "Even-23-A-8";
1373 1 1 1421,2419 "Even-23-B-8";
1374 1 1 1375,2433 "Even-24-B-1";
1375 1 0 1376,1377 "Even-24-S-2";
1376 1 1 1378,2430 "Even-24-A-2";
1377 1 1 1378,2431 "Even-24-B-2";
1378 1 0 1379,1214 "Even-24-S-3";
1379 1 1 1213,2428 "Even-24-A-3";
1380 1 0 1339,1338 "Even-23-S-18";
1381 1 0 1268,1370 "Even-23-S-7";
1382 1 0 1383,1384 "Even-4-S-0";
1383 1 1 1385,2434 "Even-4-A-0";
1384 1 1 1385,2435 "Even-4-B-0";
1385 1 0 1386,1387 "Even-4-S-1";
1386 1 1 1388,2432 "Even-4-A-1";
1387 1 1 1388,2433 "Even-4-B-1";
1388 1 0 1406,1200 "Even-4-S-2";
1389 1 0 1399,1400 "Even-10-S-0";
1390 1 0 1398,1407 "Even-3-S-1";
1391 1 1 1390,2435 "Even-3-B-0";
1392 1 1 1390,2434 "Even-3-A-0";
1393 1 0 1392,1391 "Even-3-S-0";
1394 1 0 2360,2433,2431,2429,2427,2425,2423,2421,2419,2417,2415,2413,2411,2409,2407,2405,2403,2401,2399,2397,2395,2393,2391,2389,2387,2385,2383,2381 "Even-0-Z";
1395 1 0 2491,1156 "Odd-0-T";
1396 1 0 2487,1076 "Odd-2-T";
1397 1 0 2359,2429,2427,2425,2423,2421,2419,2417,2415,2413,2411,2409,2407,2405,2403,2401,2399,2397,2395,2393,2391,2389,2387,2385,2383,2381 "Even-2-Z";
1398 1 1 1408,2432 "Even-3-A-1";
1399 1 1 1401,2434 "Even-10-A-0";
1400 1 1 1401,2435 "Even-10-B-0";
1401 1 0 1402,1403 "Even-10-S-1";
1402 1 1 1404,2432 "Even-10-A-1";
1403 1 1 1404,2433 "Even-10-B-1";
1404 1 0 1405,1311 "Even-10-S-2";
1405 1 1 1310,2430 "Even-10-A-2";
1406 1 1 1199,2430 "Even-4-A-2";
1407 1 1 1408,2433 "Even-3-B-1";
1408 1 0 1409,1410 "Even-3-S-2";
1409 1 1 1411,2430 "Even-3-A-2";
1410 1 1 1411,2431 "Even-3-B-2";
1411 1 0 2357,2427,2425,2423,2421,2419,2417,2415,2413,2411,2409,2407,2405,2403,2401,2399,2397,2395,2393,2391,2389,2387,2385,2383,2381 "Even-3-Z";
1412 1 0 2485,1123 "Odd-3-T";
1413 1 1 2347,2430 "Even-11-A-2";
1414 1 1 1312,2412 "Even-23-A-11";
1415 1 0 1414,1313 "Even-23-S-11";
1416 1 1 1415,2415 "Even-23-B-10";
1417 1 1 1415,2414 "Even-23-A-10";
1418 1 0 1417,1416 "Even-23-S-10";
1419 1 1 1418,2417 "Even-23-B-9";
1420 1 1 1418,2416 "Even-23-A-9";
1421 1 0 1420,1419 "Even-23-S-9";
1422 1 1 1431,2431 "Even-26-B-2";
1423 1 1 1432,2431 "Even-5-B-2";
1424 1 1 1432,2430 "Even-5-A-2";
1425 1 0 1451,1441 "Even-26-S-5";
1426 1 1 1425,2427 "Even-26-B-4";
1427 1 1 1425,2426 "Even-26-A-4";
1428 1 0 1427,1426 "Even-26-S-4";
1429 1 1 1428,2429 "Even-26-B-3";
1430 1 1 1428,2428 "Even-26-A-3";
1431 1 0 1430,1429 "Even-26-S-3";
1432 1 0 1458,1457 "Even-5-S-3";
1433 1 1 1431,2430 "Even-26-A-2";
1434 1 0 1433,1422 "Even-26-S-2";
1435 1 1 1434,2433 "Even-26-B-1";
1436 1 1 1434,2432 "Even-26-A-1";
1437 1 0 1436,1435 "Even-26-S-1";
1438 1 1 1437,2435 "Even-26-B-0";
1439 1 1 1437,2434 "Even-26-A-0";
1440 1 0 1439,1438 "Even-26-S-0";
1441 1 1 1449,2425 "Even-26-B-5";
1442 1 1 1551,2418 "Even-26-A-8";
1443 1 0 1442,1487 "Even-26-S-8";
1444 1 1 1443,2421 "Even-26-B-7";
1445 1 1 1443,2420 "Even-26-A-7";
1446 1 0 1445,1444 "Even-26-S-7";
1447 1 1 1446,2423 "Even-26-B-6";
1448 1 1 1446,2422 "Even-26-A-6";
1449 1 0 1448,1447 "Even-26-S-6";
1450 1 0 1424,1423 "Even-5-S-2";
1451 1 1 1449,2424 "Even-26-A-5";
1452 1 0 2481,1085 "Odd-5-T";
1453 1 0 2362,2423,2421,2419,2417,2415,2413,2411,2409,2407,2405,2403,2401,2399,2397,2395,2393,2391,2389,2387,2385,2383,2381 "Even-5-Z";
1454 1 1 1453,2427 "Even-5-B-4";
1455 1 1 1453,2426 "Even-5-A-4";
1456 1 0 1455,1454 "Even-5-S-4";
1457 1 1 1456,2429 "Even-5-B-3";
1458 1 1 1456,2428 "Even-5-A-3";
1459 1 1 1467,2434 "Even-5-A-0";
1460 1 1 1461,2425 "Even-7-B-5";
1461 1 0 1462,1463 "Even-7-S-6";
1462 1 1 1464,2422 "Even-7-A-6";
1463 1 1 1464,2423 "Even-7-B-6";
1464 1 0 2365,2419,2417,2415,2413,2411,2409,2407,2405,2403,2401,2399,2397,2395,2393,2391,2389,2387,2385,2383,2381 "Even-7-Z";
1465 1 0 2477,917 "Odd-7-T";
1466 1 1 1450,2432 "Even-5-A-1";
1467 1 0 1466,1479 "Even-5-S-1";
1468 1 1 1467,2435 "Even-5-B-0";
1469 1 1 1461,2424 "Even-7-A-5";
1470 1 0 1459,1468 "Even-5-S-0";
1471 1 0 2483,1137 "Odd-4-T";
1472 1 0 2354,2425,2423,2421,2419,2417,2415,2413,2411,2409,2407,2405,2403,2401,2399,2397,2395,2393,2391,2389,2387,2385,2383,2381 "Even-4-Z";
1473 1 0 1474,1475 "Even-27-S-0";
1474 1 1 1476,2434 "Even-27-A-0";
1475 1 1 1476,2435 "Even-27-B-0";
1476 1 0 1477,1561 "Even-27-S-1";
1477 1 1 1664,2432 "Even-27-A-1";
1478 1 1 1489,2430 "Even-7-A-2";
1479 1 1 1450,2433 "Even-5-B-1";
1480 1 0 1481,1482 "Even-7-S-0";
1481 1 1 1483,2434 "Even-7-A-0";
1482 1 1 1483,2435 "Even-7-B-0";
1483 1 0 1484,1485 "Even-7-S-1";
1484 1 1 1486,2432 "Even-7-A-1";
1485 1 1 1486,2433 "Even-7-B-1";
1486 1 0 1478,1488 "Even-7-S-2";
1487 1 1 1551,2419 "Even-26-B-8";
1488 1 1 1489,2431 "Even-7-B-2";
1489 1 0 1490,1491 "Even-7-S-3";
1490 1 1 1492,2428 "Even-7-A-3";
1491 1 1 1492,2429 "Even-7-B-3";
1492 1 0 1493,1494 "Even-7-S-4";
1493 1 1 1495,2426 "Even-7-A-4";
1494 1 1 1495,2427 "Even-7-B-4";
1495 1 0 1469,1460 "Even-7-S-5";
1496 1 0 1505,1504 "Even-26-S-24";
1497 1 0 2378,2421,2419,2417,2415,2413,2411,2409,2407,2405,2403,2401,2399,2397,2395,2393,2391,2389,2387,2385,2383,2381 "Even-6-Z";
1498 1 0 2479,936 "Odd-6-T";
1499 1 0 2439,494 "Odd-26-T";
1500 1 0 2368,2381 "Even-26-Z";
1501 1 1 1500,2385 "Even-26-B-25";
1502 1 1 1500,2384 "Even-26-A-25";
1503 1 0 1502,1501 "Even-26-S-25";
1504 1 1 1503,2387 "Even-26-B-24";
1505 1 1 1503,2386 "Even-26-A-24";
1506 1 1 1497,2425 "Even-6-B-5";
1507 1 1 1496,2389 "Even-26-B-23";
1508 1 1 1496,2388 "Even-26-A-23";
1509 1 0 1508,1507 "Even-26-S-23";
1510 1 1 1509,2391 "Even-26-B-22";
1511 1 1 1509,2390 "Even-26-A-22";
1512 1 0 1511,1510 "Even-26-S-22";
1513 1 1 1512,2393 "Even-26-B-21";
1514 1 1 1512,2392 "Even-26-A-21";
1515 1 1 1525,2431 "Even-6-B-2";
1516 1 0 1517,1518 "Even-6-S-0";
1517 1 1 1519,2434 "Even-6-A-0";
1518 1 1 1519,2435 "Even-6-B-0";
1519 1 0 1520,1521 "Even-6-S-1";
1520 1 1 1522,2432 "Even-6-A-1";
1521 1 1 1522,2433 "Even-6-B-1";
1522 1 0 1523,1515 "Even-6-S-2";
1523 1 1 1525,2430 "Even-6-A-2";
1524 1 0 1514,1513 "Even-26-S-21";
1525 1 0 1526,1527 "Even-6-S-3";
1526 1 1 1528,2428 "Even-6-A-3";
1527 1 1 1528,2429 "Even-6-B-3";
1528 1 0 1529,1530 "Even-6-S-4";
1529 1 1 1531,2426 "Even-6-A-4";
1530 1 1 1531,2427 "Even-6-B-4";
1531 1 0 1532,1506 "Even-6-S-5";
1532 1 1 1497,2424 "Even-6-A-5";
1533 1 1 1542,2413 "Even-26-B-11";
1534 1 1 1543,2407 "Even-26-B-14";
1535 1 1 1543,2406 "Even-26-A-14";
1536 1 0 1535,1534 "Even-26-S-14";
1537 1 1 1536,2409 "Even-26-B-13";
1538 1 1 1536,2408 "Even-26-A-13";
1539 1 0 1538,1537 "Even-26-S-13";
1540 1 1 1539,2411 "Even-26-B-12";
1541 1 1 1539,2410 "Even-26-A-12";
1542 1 0 1541,1540 "Even-26-S-12";
1543 1 0 1569,1568 "Even-26-S-15";
1544 1 1 1542,2412 "Even-26-A-11";
1545 1 0 1544,1533 "Even-26-S-11";
1546 1 1 1545,2415 "Even-26-B-10";
1547 1 1 1545,2414 "Even-26-A-10";
1548 1 0 1547,1546 "Even-26-S-10";
1549 1 1 1548,2417 "Even-26-B-9";
1550 1 1 1548,2416 "Even-26-A-9";
1551 1 0 1550,1549 "Even-26-S-9";
1552 1 0 1560,1559 "Even-26-S-18";
1553 1 1 1524,2395 "Even-26-B-20";
1554 1 1 1524,2394 "Even-26-A-20";
1555 1 0 1554,1553 "Even-26-S-20";
1556 1 1 1555,2397 "Even-26-B-19";
1557 1 1 1555,2396 "Even-26-A-19";
1558 1 0 1557,1556 "Even-26-S-19";
1559 1 1 1558,2399 "Even-26-B-18";
1560 1 1 1558,2398 "Even-26-A-18";
1561 1 1 1664,2433 "Even-27-B-1";
1562 1 1 1552,2401 "Even-26-B-17";
1563 1 1 1552,2400 "Even-26-A-17";
1564 1 0 1563,1562 "Even-26-S-17";
1565 1 1 1564,2403 "Even-26-B-16";
1566 1 1 1564,2402 "Even-26-A-16";
1567 1 0 1566,1565 "Even-26-S-16";
1568 1 1 1567,2405 "Even-26-B-15";
1569 1 1 1567,2404 "Even-26-A-15";
1570 1 1 1582,2424 "Even-8-A-5";
1571 1 1 1573,2430 "Even-8-A-2";
1572 1 1 1573,2431 "Even-8-B-2";
1573 1 0 1574,1575 "Even-8-S-3";
1574 1 1 1576,2428 "Even-8-A-3";
1575 1 1 1576,2429 "Even-8-B-3";
1576 1 0 1577,1578 "Even-8-S-4";
1577 1 1 1579,2426 "Even-8-A-4";
1578 1 1 1579,2427 "Even-8-B-4";
1579 1 0 1570,1581 "Even-8-S-5";
1580 1 0 1571,1572 "Even-8-S-2";
1581 1 1 1582,2425 "Even-8-B-5";
1582 1 0 1583,1584 "Even-8-S-6";
1583 1 1 1609,2422 "Even-8-A-6";
1584 1 1 1609,2423 "Even-8-B-6";
1585 1 1 1586,2427 "Even-27-B-4";
1586 1 0 1587,1588 "Even-27-S-5";
1587 1 1 1598,2424 "Even-27-A-5";
1588 1 1 1598,2425 "Even-27-B-5";
1589 1 1 1597,2433 "Even-25-B-1";
1590 1 1 1699,2426 "Even-25-A-4";
1591 1 0 1590,1635 "Even-25-S-4";
1592 1 1 1591,2429 "Even-25-B-3";
1593 1 1 1591,2428 "Even-25-A-3";
1594 1 0 1593,1592 "Even-25-S-3";
1595 1 1 1594,2431 "Even-25-B-2";
1596 1 1 1594,2430 "Even-25-A-2";
1597 1 0 1596,1595 "Even-25-S-2";
1598 1 0 1627,1628 "Even-27-S-6";
1599 1 1 1597,2432 "Even-25-A-1";
1600 1 0 1599,1589 "Even-25-S-1";
1601 1 1 1600,2435 "Even-25-B-0";
1602 1 1 1600,2434 "Even-25-A-0";
1603 1 0 1602,1601 "Even-25-S-0";
1604 1 0 1605,1606 "Even-8-S-1";
1605 1 1 1580,2432 "Even-8-A-1";
1606 1 1 1580,2433 "Even-8-B-1";
1607 1 1 1618,2409 "Even-27-B-13";
1608 1 1 1615,2410 "Even-27-A-12";
1609 1 0 1610,1611 "Even-8-S-7";
1610 1 1 1612,2420 "Even-8-A-7";
1611 1 1 1612,2421 "Even-8-B-7";
1612 1 0 2370,2417,2415,2413,2411,2409,2407,2405,2403,2401,2399,2397,2395,2393,2391,2389,2387,2385,2383,2381 "Even-8-Z";
1613 1 0 2475,1028 "Odd-8-T";
1614 1 1 1615,2411 "Even-27-B-12";
1615 1 0 1616,1607 "Even-27-S-13";
1616 1 1 1618,2408 "Even-27-A-13";
1617 1 0 1608,1614 "Even-27-S-12";
1618 1 0 1619,1620 "Even-27-S-14";
1619 1 1 1621,2406 "Even-27-A-14";
1620 1 1 1621,2407 "Even-27-B-14";
1621 1 0 1622,1623 "Even-27-S-15";
1622 1 1 1624,2404 "Even-27-A-15";
1623 1 1 1624,2405 "Even-27-B-15";
1624 1 0 1625,1709 "Even-27-S-16";
1625 1 1 1239,2402 "Even-27-A-16";
1626 1 0 1636,1637 "Even-27-S-9";
1627 1 1 1629,2422 "Even-27-A-6";
1628 1 1 1629,2423 "Even-27-B-6";
1629 1 0 1630,1631 "Even-27-S-7";
1630 1 1 1632,2420 "Even-27-A-7";
1631 1 1 1632,2421 "Even-27-B-7";
1632 1 0 1633,1634 "Even-27-S-8";
1633 1 1 1626,2418 "Even-27-A-8";
1634 1 1 1626,2419 "Even-27-B-8";
1635 1 1 1699,2427 "Even-25-B-4";
1636 1 1 1638,2416 "Even-27-A-9";
1637 1 1 1638,2417 "Even-27-B-9";
1638 1 0 1639,1640 "Even-27-S-10";
1639 1 1 1641,2414 "Even-27-A-10";
1640 1 1 1641,2415 "Even-27-B-10";
1641 1 0 1642,1643 "Even-27-S-11";
1642 1 1 1617,2412 "Even-27-A-11";
1643 1 1 1617,2413 "Even-27-B-11";
1644 1 0 1653,1652 "Even-25-S-20";
1645 1 0 1654,1680 "Even-25-S-23";
1646 1 1 1645,2391 "Even-25-B-22";
1647 1 1 1645,2390 "Even-25-A-22";
1648 1 0 1647,1646 "Even-25-S-22";
1649 1 1 1648,2393 "Even-25-B-21";
1650 1 1 1648,2392 "Even-25-A-21";
1651 1 0 1650,1649 "Even-25-S-21";
1652 1 1 1651,2395 "Even-25-B-20";
1653 1 1 1651,2394 "Even-25-A-20";
1654 1 1 1679,2388 "Even-25-A-23";
1655 1 1 1644,2397 "Even-25-B-19";
1656 1 1 1644,2396 "Even-25-A-19";
1657 1 0 1656,1655 "Even-25-S-19";
1658 1 1 1657,2399 "Even-25-B-18";
1659 1 1 1657,2398 "Even-25-A-18";
1660 1 0 1659,1658 "Even-25-S-18";
1661 1 1 1660,2401 "Even-25-B-17";
1662 1 1 1660,2400 "Even-25-A-17";
1663 1 0 1673,1674 "Even-8-S-0";
1664 1 0 1665,1666 "Even-27-S-2";
1665 1 1 1667,2430 "Even-27-A-2";
1666 1 1 1667,2431 "Even-27-B-2";
1667 1 0 1668,1669 "Even-27-S-3";
1668 1 1 1670,2428 "Even-27-A-3";
1669 1 1 1670,2429 "Even-27-B-3";
1670 1 0 1671,1585 "Even-27-S-4";
1671 1 1 1586,2426 "Even-27-A-4";
1672 1 0 1662,1661 "Even-25-S-17";
1673 1 1 1604,2434 "Even-8-A-0";
1674 1 1 1604,2435 "Even-8-B-0";
1675 1 0 2441,723 "Odd-25-T";
1676 1 0 2363,2383,2381 "Even-25-Z";
1677 1 1 1676,2387 "Even-25-B-24";
1678 1 1 1676,2386 "Even-25-A-24";
1679 1 0 1678,1677 "Even-25-S-24";
1680 1 1 1679,2389 "Even-25-B-23";
1681 1 1 1690,2421 "Even-25-B-7";
1682 1 1 1691,2415 "Even-25-B-10";
1683 1 1 1691,2414 "Even-25-A-10";
1684 1 0 1683,1682 "Even-25-S-10";
1685 1 1 1684,2417 "Even-25-B-9";
1686 1 1 1684,2416 "Even-25-A-9";
1687 1 0 1686,1685 "Even-25-S-9";
1688 1 1 1687,2419 "Even-25-B-8";
1689 1 1 1687,2418 "Even-25-A-8";
1690 1 0 1689,1688 "Even-25-S-8";
1691 1 0 1717,1716 "Even-25-S-11";
1692 1 1 1690,2420 "Even-25-A-7";
1693 1 0 1692,1681 "Even-25-S-7";
1694 1 1 1693,2423 "Even-25-B-6";
1695 1 1 1693,2422 "Even-25-A-6";
1696 1 0 1695,1694 "Even-25-S-6";
1697 1 1 1696,2425 "Even-25-B-5";
1698 1 1 1696,2424 "Even-25-A-5";
1699 1 0 1698,1697 "Even-25-S-5";
1700 1 0 1708,1707 "Even-25-S-14";
1701 1 1 1672,2403 "Even-25-B-16";
1702 1 1 1672,2402 "Even-25-A-16";
1703 1 0 1702,1701 "Even-25-S-16";
1704 1 1 1703,2405 "Even-25-B-15";
1705 1 1 1703,2404 "Even-25-A-15";
1706 1 0 1705,1704 "Even-25-S-15";
1707 1 1 1706,2407 "Even-25-B-14";
1708 1 1 1706,2406 "Even-25-A-14";
1709 1 1 1239,2403 "Even-27-B-16";
1710 1 1 1700,2409 "Even-25-B-13";
1711 1 1 1700,2408 "Even-25-A-13";
1712 1 0 1711,1710 "Even-25-S-13";
1713 1 1 1712,2411 "Even-25-B-12";
1714 1 1 1712,2410 "Even-25-A-12";
1715 1 0 1714,1713 "Even-25-S-12";
1716 1 1 1715,2413 "Even-25-B-11";
1717 1 1 1715,2412 "Even-25-A-11";
1718 1 0 2455,404 "Odd-18-T";
1719 1 1 1720,2427 "Even-14-B-4";
1720 1 0 1721,1722 "Even-14-S-5";
1721 1 1 1723,2424 "Even-14-A-5";
1722 1 1 1723,2425 "Even-14-B-5";
1723 1 0 1724,1725 "Even-14-S-6";
1724 1 1 1726,2422 "Even-14-A-6";
1725 1 1 1726,2423 "Even-14-B-6";
1726 1 0 1727,1728 "Even-14-S-7";
1727 1 1 2000,2420 "Even-14-A-7";
1728 1 1 2000,2421 "Even-14-B-7";
1729 1 1 1720,2426 "Even-14-A-4";
1730 1 0 2364,2397,2395,2393,2391,2389,2387,2385,2383,2381 "Even-18-Z";
1731 1 1 1730,2401 "Even-18-B-17";
1732 1 1 1730,2400 "Even-18-A-17";
1733 1 0 1732,1731 "Even-18-S-17";
1734 1 1 1733,2403 "Even-18-B-16";
1735 1 1 1733,2402 "Even-18-A-16";
1736 1 0 1735,1734 "Even-18-S-16";
1737 1 1 1736,2405 "Even-18-B-15";
1738 1 1 1736,2404 "Even-18-A-15";
1739 1 0 1738,1737 "Even-18-S-15";
1740 1 0 1752,1753 "Even-14-S-1";
1741 1 0 1794,1868 "Even-19-S-2";
1742 1 1 1741,2433 "Even-19-B-1";
1743 1 1 1741,2432 "Even-19-A-1";
1744 1 0 1743,1742 "Even-19-S-1";
1745 1 1 1744,2435 "Even-19-B-0";
1746 1 1 1744,2434 "Even-19-A-0";
1747 1 0 1746,1745 "Even-19-S-0";
1748 1 0 1749,1750 "Even-14-S-0";
1749 1 1 1740,2434 "Even-14-A-0";
1750 1 1 1740,2435 "Even-14-B-0";
1751 1 1 1739,2407 "Even-18-B-14";
1752 1 1 1754,2432 "Even-14-A-1";
1753 1 1 1754,2433 "Even-14-B-1";
1754 1 0 1755,1756 "Even-14-S-2";
1755 1 1 1757,2430 "Even-14-A-2";
1756 1 1 1757,2431 "Even-14-B-2";
1757 1 0 1758,1759 "Even-14-S-3";
1758 1 1 1760,2428 "Even-14-A-3";
1759 1 1 1760,2429 "Even-14-B-3";
1760 1 0 1729,1719 "Even-14-S-4";
1761 1 0 1771,1770 "Even-18-S-4";
1762 1 1 1803,2420 "Even-18-A-7";
1763 1 0 1762,1772 "Even-18-S-7";
1764 1 1 1763,2423 "Even-18-B-6";
1765 1 1 1763,2422 "Even-18-A-6";
1766 1 0 1765,1764 "Even-18-S-6";
1767 1 1 1766,2425 "Even-18-B-5";
1768 1 1 1766,2424 "Even-18-A-5";
1769 1 0 1768,1767 "Even-18-S-5";
1770 1 1 1769,2427 "Even-18-B-4";
1771 1 1 1769,2426 "Even-18-A-4";
1772 1 1 1803,2421 "Even-18-B-7";
1773 1 1 1761,2429 "Even-18-B-3";
1774 1 1 1761,2428 "Even-18-A-3";
1775 1 0 1774,1773 "Even-18-S-3";
1776 1 1 1775,2431 "Even-18-B-2";
1777 1 1 1775,2430 "Even-18-A-2";
1778 1 0 1777,1776 "Even-18-S-2";
1779 1 1 1778,2433 "Even-18-B-1";
1780 1 1 1778,2432 "Even-18-A-1";
1781 1 0 1780,1779 "Even-18-S-1";
1782 1 1 1781,2435 "Even-18-B-0";
1783 1 0 1793,1792 "Even-18-S-11";
1784 1 1 1739,2406 "Even-18-A-14";
1785 1 0 1784,1751 "Even-18-S-14";
1786 1 1 1785,2409 "Even-18-B-13";
1787 1 1 1785,2408 "Even-18-A-13";
1788 1 0 1787,1786 "Even-18-S-13";
1789 1 1 1788,2411 "Even-18-B-12";
1790 1 1 1788,2410 "Even-18-A-12";
1791 1 0 1790,1789 "Even-18-S-12";
1792 1 1 1791,2413 "Even-18-B-11";
1793 1 1 1791,2412 "Even-18-A-11";
1794 1 1 1867,2430 "Even-19-A-2";
1795 1 1 1783,2415 "Even-18-B-10";
1796 1 1 1783,2414 "Even-18-A-10";
1797 1 0 1796,1795 "Even-18-S-10";
1798 1 1 1797,2417 "Even-18-B-9";
1799 1 1 1797,2416 "Even-18-A-9";
1800 1 0 1799,1798 "Even-18-S-9";
1801 1 1 1800,2419 "Even-18-B-8";
1802 1 1 1800,2418 "Even-18-A-8";
1803 1 0 1802,1801 "Even-18-S-8";
1804 1 1 1816,2411 "Even-13-B-12";
1805 1 1 1807,2416 "Even-13-A-9";
1806 1 1 1807,2417 "Even-13-B-9";
1807 1 0 1808,1809 "Even-13-S-10";
1808 1 1 1810,2414 "Even-13-A-10";
1809 1 1 1810,2415 "Even-13-B-10";
1810 1 0 1811,1812 "Even-13-S-11";
1811 1 1 1813,2412 "Even-13-A-11";
1812 1 1 1813,2413 "Even-13-B-11";
1813 1 0 1814,1804 "Even-13-S-12";
1814 1 1 1816,2410 "Even-13-A-12";
1815 1 0 1805,1806 "Even-13-S-9";
1816 1 0 2375,2407,2405,2403,2401,2399,2397,2395,2393,2391,2389,2387,2385,2383,2381 "Even-13-Z";
1817 1 0 2465,838 "Odd-13-T";
1818 1 0 2453,349 "Odd-19-T";
1819 1 0 2371,2395,2393,2391,2389,2387,2385,2383,2381 "Even-19-Z";
1820 1 1 1819,2399 "Even-19-B-18";
1821 1 1 1819,2398 "Even-19-A-18";
1822 1 0 1821,1820 "Even-19-S-18";
1823 1 1 1822,2401 "Even-19-B-17";
1824 1 1 1822,2400 "Even-19-A-17";
1825 1 0 1824,1823 "Even-19-S-17";
1826 1 1 1838,2425 "Even-13-B-5";
1827 1 1 1829,2430 "Even-13-A-2";
1828 1 1 1829,2431 "Even-13-B-2";
1829 1 0 1830,1831 "Even-13-S-3";
1830 1 1 1832,2428 "Even-13-A-3";
1831 1 1 1832,2429 "Even-13-B-3";
1832 1 0 1833,1834 "Even-13-S-4";
1833 1 1 1835,2426 "Even-13-A-4";
1834 1 1 1835,2427 "Even-13-B-4";
1835 1 0 1836,1826 "Even-13-S-5";
1836 1 1 1838,2424 "Even-13-A-5";
1837 1 1 1825,2403 "Even-19-B-16";
1838 1 0 1839,1840 "Even-13-S-6";
1839 1 1 1841,2422 "Even-13-A-6";
1840 1 1 1841,2423 "Even-13-B-6";
1841 1 0 1842,1843 "Even-13-S-7";
1842 1 1 1844,2420 "Even-13-A-7";
1843 1 1 1844,2421 "Even-13-B-7";
1844 1 0 1845,1846 "Even-13-S-8";
1845 1 1 1815,2418 "Even-13-A-8";
1846 1 1 1815,2419 "Even-13-B-8";
1847 1 0 1857,1856 "Even-19-S-6";
1848 1 1 1889,2416 "Even-19-A-9";
1849 1 0 1848,1858 "Even-19-S-9";
1850 1 1 1849,2419 "Even-19-B-8";
1851 1 1 1849,2418 "Even-19-A-8";
1852 1 0 1851,1850 "Even-19-S-8";
1853 1 1 1852,2421 "Even-19-B-7";
1854 1 1 1852,2420 "Even-19-A-7";
1855 1 0 1854,1853 "Even-19-S-7";
1856 1 1 1855,2423 "Even-19-B-6";
1857 1 1 1855,2422 "Even-19-A-6";
1858 1 1 1889,2417 "Even-19-B-9";
1859 1 1 1847,2425 "Even-19-B-5";
1860 1 1 1847,2424 "Even-19-A-5";
1861 1 0 1860,1859 "Even-19-S-5";
1862 1 1 1861,2427 "Even-19-B-4";
1863 1 1 1861,2426 "Even-19-A-4";
1864 1 0 1863,1862 "Even-19-S-4";
1865 1 1 1864,2429 "Even-19-B-3";
1866 1 1 1864,2428 "Even-19-A-3";
1867 1 0 1866,1865 "Even-19-S-3";
1868 1 1 1867,2431 "Even-19-B-2";
1869 1 0 1879,1878 "Even-19-S-13";
1870 1 1 1825,2402 "Even-19-A-16";
1871 1 0 1870,1837 "Even-19-S-16";
1872 1 1 1871,2405 "Even-19-B-15";
1873 1 1 1871,2404 "Even-19-A-15";
1874 1 0 1873,1872 "Even-19-S-15";
1875 1 1 1874,2407 "Even-19-B-14";
1876 1 1 1874,2406 "Even-19-A-14";
1877 1 0 1876,1875 "Even-19-S-14";
1878 1 1 1877,2409 "Even-19-B-13";
1879 1 1 1877,2408 "Even-19-A-13";
1880 1 1 1781,2434 "Even-18-A-0";
1881 1 1 1869,2411 "Even-19-B-12";
1882 1 1 1869,2410 "Even-19-A-12";
1883 1 0 1882,1881 "Even-19-S-12";
1884 1 1 1883,2413 "Even-19-B-11";
1885 1 1 1883,2412 "Even-19-A-11";
1886 1 0 1885,1884 "Even-19-S-11";
1887 1 1 1886,2415 "Even-19-B-10";
1888 1 1 1886,2414 "Even-19-A-10";
1889 1 0 1888,1887 "Even-19-S-10";
1890 1 0 1900,1899 "Even-16-S-13";
1891 1 0 2459,301 "Odd-16-T";
1892 1 0 2352,2401,2399,2397,2395,2393,2391,2389,2387,2385,2383,2381 "Even-16-Z";
1893 1 1 1892,2405 "Even-16-B-15";
1894 1 1 1892,2404 "Even-16-A-15";
1895 1 0 1894,1893 "Even-16-S-15";
1896 1 1 1895,2407 "Even-16-B-14";
1897 1 1 1895,2406 "Even-16-A-14";
1898 1 0 1897,1896 "Even-16-S-14";
1899 1 1 1898,2409 "Even-16-B-13";
1900 1 1 1898,2408 "Even-16-A-13";
1901 1 1 1941,2415 "Even-15-B-10";
1902 1 1 1890,2411 "Even-16-B-12";
1903 1 1 1890,2410 "Even-16-A-12";
1904 1 0 1903,1902 "Even-16-S-12";
1905 1 1 1904,2413 "Even-16-B-11";
1906 1 1 1904,2412 "Even-16-A-11";
1907 1 0 1906,1905 "Even-16-S-11";
1908 1 1 1907,2415 "Even-16-B-10";
1909 1 1 1907,2414 "Even-16-A-10";
1910 1 0 1909,1908 "Even-16-S-10";
1911 1 1 1910,2417 "Even-16-B-9";
1912 1 1 1925,2420 "Even-15-A-7";
1913 1 0 1914,1915 "Even-15-S-4";
1914 1 1 1916,2426 "Even-15-A-4";
1915 1 1 1916,2427 "Even-15-B-4";
1916 1 0 1917,1918 "Even-15-S-5";
1917 1 1 1919,2424 "Even-15-A-5";
1918 1 1 1919,2425 "Even-15-B-5";
1919 1 0 1920,1921 "Even-15-S-6";
1920 1 1 1922,2422 "Even-15-A-6";
1921 1 1 1922,2423 "Even-15-B-6";
1922 1 0 1912,1924 "Even-15-S-7";
1923 1 1 1910,2416 "Even-16-A-9";
1924 1 1 1925,2421 "Even-15-B-7";
1925 1 0 1926,1927 "Even-15-S-8";
1926 1 1 1928,2418 "Even-15-A-8";
1927 1 1 1928,2419 "Even-15-B-8";
1928 1 0 1929,1930 "Even-15-S-9";
1929 1 1 1931,2416 "Even-15-A-9";
1930 1 1 1931,2417 "Even-15-B-9";
1931 1 0 1932,1901 "Even-15-S-10";
1932 1 1 1941,2414 "Even-15-A-10";
1933 1 0 1945,1946 "Even-15-S-12";
1934 1 0 1944,1975 "Even-16-S-2";
1935 1 1 1934,2433 "Even-16-B-1";
1936 1 1 1934,2432 "Even-16-A-1";
1937 1 0 1936,1935 "Even-16-S-1";
1938 1 1 1937,2435 "Even-16-B-0";
1939 1 1 1937,2434 "Even-16-A-0";
1940 1 0 1939,1938 "Even-16-S-0";
1941 1 0 1942,1943 "Even-15-S-11";
1942 1 1 1933,2412 "Even-15-A-11";
1943 1 1 1933,2413 "Even-15-B-11";
1944 1 1 1974,2430 "Even-16-A-2";
1945 1 1 1947,2410 "Even-15-A-12";
1946 1 1 1947,2411 "Even-15-B-12";
1947 1 0 1948,1949 "Even-15-S-13";
1948 1 1 1950,2408 "Even-15-A-13";
1949 1 1 1950,2409 "Even-15-B-13";
1950 1 0 1951,1952 "Even-15-S-14";
1951 1 1 1953,2406 "Even-15-A-14";
1952 1 1 1953,2407 "Even-15-B-14";
1953 1 0 2361,2403,2401,2399,2397,2395,2393,2391,2389,2387,2385,2383,2381 "Even-15-Z";
1954 1 0 2461,1161 "Odd-15-T";
1955 1 1 1965,2425 "Even-16-B-5";
1956 1 0 1923,1911 "Even-16-S-9";
1957 1 1 1956,2419 "Even-16-B-8";
1958 1 1 1956,2418 "Even-16-A-8";
1959 1 0 1958,1957 "Even-16-S-8";
1960 1 1 1959,2421 "Even-16-B-7";
1961 1 1 1959,2420 "Even-16-A-7";
1962 1 0 1961,1960 "Even-16-S-7";
1963 1 1 1962,2423 "Even-16-B-6";
1964 1 1 1962,2422 "Even-16-A-6";
1965 1 0 1964,1963 "Even-16-S-6";
1966 1 1 1913,2429 "Even-15-B-3";
1967 1 1 1965,2424 "Even-16-A-5";
1968 1 0 1967,1955 "Even-16-S-5";
1969 1 1 1968,2427 "Even-16-B-4";
1970 1 1 1968,2426 "Even-16-A-4";
1971 1 0 1970,1969 "Even-16-S-4";
1972 1 1 1971,2429 "Even-16-B-3";
1973 1 1 1971,2428 "Even-16-A-3";
1974 1 0 1973,1972 "Even-16-S-3";
1975 1 1 1974,2431 "Even-16-B-2";
1976 1 0 1986,1985 "Even-17-S-14";
1977 1 0 2457,252 "Odd-17-T";
1978 1 0 2377,2399,2397,2395,2393,2391,2389,2387,2385,2383,2381 "Even-17-Z";
1979 1 1 1978,2403 "Even-17-B-16";
1980 1 1 1978,2402 "Even-17-A-16";
1981 1 0 1980,1979 "Even-17-S-16";
1982 1 1 1981,2405 "Even-17-B-15";
1983 1 1 1981,2404 "Even-17-A-15";
1984 1 0 1983,1982 "Even-17-S-15";
1985 1 1 1984,2407 "Even-17-B-14";
1986 1 1 1984,2406 "Even-17-A-14";
1987 1 0 2463,1086 "Odd-14-T";
1988 1 1 1976,2409 "Even-17-B-13";
1989 1 1 1976,2408 "Even-17-A-13";
1990 1 0 1989,1988 "Even-17-S-13";
1991 1 1 1990,2411 "Even-17-B-12";
1992 1 1 1990,2410 "Even-17-A-12";
1993 1 0 1992,1991 "Even-17-S-12";
1994 1 1 1993,2413 "Even-17-B-11";
1995 1 1 1993,2412 "Even-17-A-11";
1996 1 0 1995,1994 "Even-17-S-11";
1997 1 1 1996,2415 "Even-17-B-10";
1998 1 0 2010,2011 "Even-14-S-11";
1999 1 0 1880,1782 "Even-18-S-0";
2000 1 0 2001,2002 "Even-14-S-8";
2001 1 1 2003,2418 "Even-14-A-8";
2002 1 1 2003,2419 "Even-14-B-8";
2003 1 0 2004,2005 "Even-14-S-9";
2004 1 1 2006,2416 "Even-14-A-9";
2005 1 1 2006,2417 "Even-14-B-9";
2006 1 0 2007,2008 "Even-14-S-10";
2007 1 1 1998,2414 "Even-14-A-10";
2008 1 1 1998,2415 "Even-14-B-10";
2009 1 1 1996,2414 "Even-17-A-10";
2010 1 1 2012,2412 "Even-14-A-11";
2011 1 1 2012,2413 "Even-14-B-11";
2012 1 0 2013,2014 "Even-14-S-12";
2013 1 1 2015,2410 "Even-14-A-12";
2014 1 1 2015,2411 "Even-14-B-12";
2015 1 0 2016,2017 "Even-14-S-13";
2016 1 1 2018,2408 "Even-14-A-13";
2017 1 1 2018,2409 "Even-14-B-13";
2018 1 0 2373,2405,2403,2401,2399,2397,2395,2393,2391,2389,2387,2385,2383,2381 "Even-14-Z";
2019 1 0 2031,2032 "Even-15-S-0";
2020 1 0 2030,2061 "Even-17-S-3";
2021 1 1 2020,2431 "Even-17-B-2";
2022 1 1 2020,2430 "Even-17-A-2";
2023 1 0 2022,2021 "Even-17-S-2";
2024 1 1 2023,2433 "Even-17-B-1";
2025 1 1 2023,2432 "Even-17-A-1";
2026 1 0 2025,2024 "Even-17-S-1";
2027 1 1 2026,2435 "Even-17-B-0";
2028 1 1 2026,2434 "Even-17-A-0";
2029 1 0 2028,2027 "Even-17-S-0";
2030 1 1 2060,2428 "Even-17-A-3";
2031 1 1 2033,2434 "Even-15-A-0";
2032 1 1 2033,2435 "Even-15-B-0";
2033 1 0 2034,2035 "Even-15-S-1";
2034 1 1 2036,2432 "Even-15-A-1";
2035 1 1 2036,2433 "Even-15-B-1";
2036 1 0 2037,2038 "Even-15-S-2";
2037 1 1 2039,2430 "Even-15-A-2";
2038 1 1 2039,2431 "Even-15-B-2";
2039 1 0 2040,1966 "Even-15-S-3";
2040 1 1 1913,2428 "Even-15-A-3";
2041 1 1 2051,2423 "Even-17-B-6";
2042 1 0 2009,1997 "Even-17-S-10";
2043 1 1 2042,2417 "Even-17-B-9";
2044 1 1 2042,2416 "Even-17-A-9";
2045 1 0 2044,2043 "Even-17-S-9";
2046 1 1 2045,2419 "Even-17-B-8";
2047 1 1 2045,2418 "Even-17-A-8";
2048 1 0 2047,2046 "Even-17-S-8";
2049 1 1 2048,2421 "Even-17-B-7";
2050 1 1 2048,2420 "Even-17-A-7";
2051 1 0 2050,2049 "Even-17-S-7";
2052 1 1 2258,2429 "Even-23-B-3";
2053 1 1 2051,2422 "Even-17-A-6";
2054 1 0 2053,2041 "Even-17-S-6";
2055 1 1 2054,2425 "Even-17-B-5";
2056 1 1 2054,2424 "Even-17-A-5";
2057 1 0 2056,2055 "Even-17-S-5";
2058 1 1 2057,2427 "Even-17-B-4";
2059 1 1 2057,2426 "Even-17-A-4";
2060 1 0 2059,2058 "Even-17-S-4";
2061 1 1 2060,2429 "Even-17-B-3";
2062 1 1 2070,2400 "Even-21-A-17";
2063 1 1 2064,2395 "Even-22-B-20";
2064 1 0 2065,2123 "Even-22-S-21";
2065 1 1 2125,2392 "Even-22-A-21";
2066 1 1 2096,2396 "Even-21-A-19";
2067 1 0 2066,2072 "Even-21-S-19";
2068 1 1 2067,2399 "Even-21-B-18";
2069 1 1 2067,2398 "Even-21-A-18";
2070 1 0 2069,2068 "Even-21-S-18";
2071 1 1 2070,2401 "Even-21-B-17";
2072 1 1 2096,2397 "Even-21-B-19";
2073 1 0 2062,2071 "Even-21-S-17";
2074 1 1 2073,2403 "Even-21-B-16";
2075 1 1 2073,2402 "Even-21-A-16";
2076 1 0 2075,2074 "Even-21-S-16";
2077 1 1 2076,2405 "Even-21-B-15";
2078 1 1 2076,2404 "Even-21-A-15";
2079 1 0 2078,2077 "Even-21-S-15";
2080 1 1 2079,2407 "Even-21-B-14";
2081 1 0 2449,27 "Odd-21-T";
2082 1 1 2090,2398 "Even-22-A-18";
2083 1 1 2085,2429 "Even-12-B-3";
2084 1 1 2090,2399 "Even-22-B-18";
2085 1 0 2086,2087 "Even-12-S-4";
2086 1 1 2088,2426 "Even-12-A-4";
2087 1 1 2088,2427 "Even-12-B-4";
2088 1 0 2089,2292 "Even-12-S-5";
2089 1 1 2283,2424 "Even-12-A-5";
2090 1 0 2092,2097 "Even-22-S-19";
2091 1 1 2079,2406 "Even-21-A-14";
2092 1 1 2098,2396 "Even-22-A-19";
2093 1 0 2376,2391,2389,2387,2385,2383,2381 "Even-21-Z";
2094 1 1 2093,2395 "Even-21-B-20";
2095 1 1 2093,2394 "Even-21-A-20";
2096 1 0 2095,2094 "Even-21-S-20";
2097 1 1 2098,2397 "Even-22-B-19";
2098 1 0 2099,2063 "Even-22-S-20";
2099 1 1 2064,2394 "Even-22-A-20";
2100 1 1 2109,2423 "Even-21-B-6";
2101 1 0 2110,2136 "Even-21-S-9";
2102 1 1 2101,2419 "Even-21-B-8";
2103 1 1 2101,2418 "Even-21-A-8";
2104 1 1 2200,2419 "Even-11-B-8";
2105 1 0 2103,2102 "Even-21-S-8";
2106 1 1 2200,2418 "Even-11-A-8";
2107 1 1 2105,2421 "Even-21-B-7";
2108 1 1 2105,2420 "Even-21-A-7";
2109 1 0 2108,2107 "Even-21-S-7";
2110 1 1 2135,2416 "Even-21-A-9";
2111 1 1 2109,2422 "Even-21-A-6";
2112 1 0 2111,2100 "Even-21-S-6";
2113 1 1 2112,2425 "Even-21-B-5";
2114 1 1 2112,2424 "Even-21-A-5";
2115 1 0 2114,2113 "Even-21-S-5";
2116 1 1 2115,2427 "Even-21-B-4";
2117 1 1 2115,2426 "Even-21-A-4";
2118 1 0 2117,2116 "Even-21-S-4";
2119 1 1 2124,2410 "Even-21-A-12";
2120 1 0 2091,2080 "Even-21-S-14";
2121 1 1 2120,2409 "Even-21-B-13";
2122 1 1 2120,2408 "Even-21-A-13";
2123 1 1 2125,2393 "Even-22-B-21";
2124 1 0 2122,2121 "Even-21-S-13";
2125 1 0 2372,2389,2387,2385,2383,2381 "Even-22-Z";
2126 1 1 2124,2411 "Even-21-B-12";
2127 1 0 2447,117 "Odd-22-T";
2128 1 1 2085,2428 "Even-12-A-3";
2129 1 0 2119,2126 "Even-21-S-12";
2130 1 1 2129,2413 "Even-21-B-11";
2131 1 1 2129,2412 "Even-21-A-11";
2132 1 0 2131,2130 "Even-21-S-11";
2133 1 1 2132,2415 "Even-21-B-10";
2134 1 1 2132,2414 "Even-21-A-10";
2135 1 0 2134,2133 "Even-21-S-10";
2136 1 1 2135,2417 "Even-21-B-9";
2137 1 1 2145,2433 "Even-22-B-1";
2138 1 0 2147,2173 "Even-22-S-4";
2139 1 1 2138,2429 "Even-22-B-3";
2140 1 1 2138,2428 "Even-22-A-3";
2141 1 0 2140,2139 "Even-22-S-3";
2142 1 1 2141,2431 "Even-22-B-2";
2143 1 1 2141,2430 "Even-22-A-2";
2144 1 1 2153,2414 "Even-22-A-10";
2145 1 0 2143,2142 "Even-22-S-2";
2146 1 1 2153,2415 "Even-22-B-10";
2147 1 1 2172,2426 "Even-22-A-4";
2148 1 1 2145,2432 "Even-22-A-1";
2149 1 0 2148,2137 "Even-22-S-1";
2150 1 1 2149,2435 "Even-22-B-0";
2151 1 1 2149,2434 "Even-22-A-0";
2152 1 0 2151,2150 "Even-22-S-0";
2153 1 0 2154,2155 "Even-22-S-11";
2154 1 1 2165,2412 "Even-22-A-11";
2155 1 1 2165,2413 "Even-22-B-11";
2156 1 1 2163,2420 "Even-22-A-7";
2157 1 1 2159,2416 "Even-22-A-9";
2158 1 1 2159,2417 "Even-22-B-9";
2159 1 0 2144,2146 "Even-22-S-10";
2160 1 0 2157,2158 "Even-22-S-9";
2161 1 1 2160,2419 "Even-22-B-8";
2162 1 1 2160,2418 "Even-22-A-8";
2163 1 0 2162,2161 "Even-22-S-8";
2164 1 1 2163,2421 "Even-22-B-7";
2165 1 0 2194,2195 "Even-22-S-12";
2166 1 0 2156,2164 "Even-22-S-7";
2167 1 1 2166,2423 "Even-22-B-6";
2168 1 1 2166,2422 "Even-22-A-6";
2169 1 0 2168,2167 "Even-22-S-6";
2170 1 1 2169,2425 "Even-22-B-5";
2171 1 1 2169,2424 "Even-22-A-5";
2172 1 0 2171,2170 "Even-22-S-5";
2173 1 1 2172,2427 "Even-22-B-4";
2174 1 1 2187,2400 "Even-22-A-17";
2175 1 1 2176,2405 "Even-22-B-15";
2176 1 0 2177,2178 "Even-22-S-16";
2177 1 1 2182,2402 "Even-22-A-16";
2178 1 1 2182,2403 "Even-22-B-16";
2179 1 0 2180,2181 "Even-12-S-0";
2180 1 1 2183,2434 "Even-12-A-0";
2181 1 1 2183,2435 "Even-12-B-0";
2182 1 0 2174,2185 "Even-22-S-17";
2183 1 0 2186,2188 "Even-12-S-1";
2184 1 1 2176,2404 "Even-22-A-15";
2185 1 1 2187,2401 "Even-22-B-17";
2186 1 1 2189,2432 "Even-12-A-1";
2187 1 0 2082,2084 "Even-22-S-18";
2188 1 1 2189,2433 "Even-12-B-1";
2189 1 0 2190,2191 "Even-12-S-2";
2190 1 1 2192,2430 "Even-12-A-2";
2191 1 1 2192,2431 "Even-12-B-2";
2192 1 0 2128,2083 "Even-12-S-3";
2193 1 1 2203,2417 "Even-11-B-9";
2194 1 1 2196,2410 "Even-22-A-12";
2195 1 1 2196,2411 "Even-22-B-12";
2196 1 0 2197,2198 "Even-22-S-13";
2197 1 1 2199,2408 "Even-22-A-13";
2198 1 1 2199,2409 "Even-22-B-13";
2199 1 0 2207,2209 "Even-22-S-14";
2200 1 0 2201,2193 "Even-11-S-9";
2201 1 1 2203,2416 "Even-11-A-9";
2202 1 1 2259,2433 "Even-13-B-1";
2203 1 0 2204,2205 "Even-11-S-10";
2204 1 1 2206,2414 "Even-11-A-10";
2205 1 1 2206,2415 "Even-11-B-10";
2206 1 0 2358,2411,2409,2407,2405,2403,2401,2399,2397,2395,2393,2391,2389,2387,2385,2383,2381 "Even-11-Z";
2207 1 1 2210,2406 "Even-22-A-14";
2208 1 0 2469,985 "Odd-11-T";
2209 1 1 2210,2407 "Even-22-B-14";
2210 1 0 2184,2175 "Even-22-S-15";
2211 1 1 2218,2418 "Even-20-A-8";
2212 1 0 2220,2246 "Even-20-S-11";
2213 1 1 2212,2415 "Even-20-B-10";
2214 1 1 2212,2414 "Even-20-A-10";
2215 1 0 2214,2213 "Even-20-S-10";
2216 1 1 2215,2417 "Even-20-B-9";
2217 1 1 2215,2416 "Even-20-A-9";
2218 1 0 2217,2216 "Even-20-S-9";
2219 1 1 2218,2419 "Even-20-B-8";
2220 1 1 2245,2412 "Even-20-A-11";
2221 1 0 2211,2219 "Even-20-S-8";
2222 1 1 2221,2421 "Even-20-B-7";
2223 1 0 2225,2226 "Even-23-S-0";
2224 1 1 2221,2420 "Even-20-A-7";
2225 1 1 2228,2434 "Even-23-A-0";
2226 1 1 2228,2435 "Even-23-B-0";
2227 1 0 2224,2222 "Even-20-S-7";
2228 1 0 2277,2278 "Even-23-S-1";
2229 1 1 2236,2406 "Even-20-A-14";
2230 1 1 2337,2405 "Even-20-B-15";
2231 1 0 2471,971 "Odd-10-T";
2232 1 0 2356,2413,2411,2409,2407,2405,2403,2401,2399,2397,2395,2393,2391,2389,2387,2385,2383,2381 "Even-10-Z";
2233 1 1 2232,2417 "Even-10-B-9";
2234 1 1 2232,2416 "Even-10-A-9";
2235 1 1 2337,2404 "Even-20-A-15";
2236 1 0 2235,2230 "Even-20-S-15";
2237 1 1 2236,2407 "Even-20-B-14";
2238 1 1 2227,2423 "Even-20-B-6";
2239 1 0 2229,2237 "Even-20-S-14";
2240 1 1 2239,2409 "Even-20-B-13";
2241 1 1 2239,2408 "Even-20-A-13";
2242 1 0 2241,2240 "Even-20-S-13";
2243 1 1 2242,2411 "Even-20-B-12";
2244 1 1 2242,2410 "Even-20-A-12";
2245 1 0 2244,2243 "Even-20-S-12";
2246 1 1 2245,2413 "Even-20-B-11";
2247 1 0 2257,2052 "Even-23-S-3";
2248 1 1 2247,2430 "Even-23-A-2";
2249 1 1 2256,2433 "Even-20-B-1";
2250 1 1 2247,2431 "Even-23-B-2";
2251 1 1 2256,2432 "Even-20-A-1";
2252 1 0 2251,2249 "Even-20-S-1";
2253 1 1 2252,2435 "Even-20-B-0";
2254 1 1 2252,2434 "Even-20-A-0";
2255 1 0 2254,2253 "Even-20-S-0";
2256 1 0 2281,2280 "Even-20-S-2";
2257 1 1 2258,2428 "Even-23-A-3";
2258 1 0 1223,1224 "Even-23-S-4";
2259 1 0 1827,1828 "Even-13-S-2";
2260 1 0 2261,2262 "Even-13-S-0";
2261 1 1 2263,2434 "Even-13-A-0";
2262 1 1 2263,2435 "Even-13-B-0";
2263 1 0 2264,2202 "Even-13-S-1";
2264 1 1 2259,2432 "Even-13-A-1";
2265 1 1 2273,2429 "Even-20-B-3";
2266 1 1 2227,2422 "Even-20-A-6";
2267 1 0 2266,2238 "Even-20-S-6";
2268 1 1 2267,2425 "Even-20-B-5";
2269 1 1 2267,2424 "Even-20-A-5";
2270 1 0 2269,2268 "Even-20-S-5";
2271 1 1 2270,2427 "Even-20-B-4";
2272 1 1 2270,2426 "Even-20-A-4";
2273 1 0 2272,2271 "Even-20-S-4";
2274 1 1 2118,2428 "Even-21-A-3";
2275 1 1 2273,2428 "Even-20-A-3";
2276 1 0 2275,2265 "Even-20-S-3";
2277 1 1 2279,2432 "Even-23-A-1";
2278 1 1 2279,2433 "Even-23-B-1";
2279 1 0 2248,2250 "Even-23-S-2";
2280 1 1 2276,2431 "Even-20-B-2";
2281 1 1 2276,2430 "Even-20-A-2";
2282 1 0 2293,2300 "Even-12-S-9";
2283 1 0 2284,2285 "Even-12-S-6";
2284 1 1 2286,2422 "Even-12-A-6";
2285 1 1 2286,2423 "Even-12-B-6";
2286 1 0 2287,2288 "Even-12-S-7";
2287 1 1 2289,2420 "Even-12-A-7";
2288 1 1 2289,2421 "Even-12-B-7";
2289 1 0 2290,2291 "Even-12-S-8";
2290 1 1 2282,2418 "Even-12-A-8";
2291 1 1 2282,2419 "Even-12-B-8";
2292 1 1 2283,2425 "Even-12-B-5";
2293 1 1 2329,2416 "Even-12-A-9";
2294 1 1 2319,2425 "Even-11-B-5";
2295 1 1 2319,2424 "Even-11-A-5";
2296 1 0 2295,2294 "Even-11-S-5";
2297 1 1 2296,2427 "Even-11-B-4";
2298 1 1 2296,2426 "Even-11-A-4";
2299 1 0 2298,2297 "Even-11-S-4";
2300 1 1 2329,2417 "Even-12-B-9";
2301 1 1 2306,2420 "Even-11-A-7";
2302 1 1 2118,2429 "Even-21-B-3";
2303 1 0 2274,2302 "Even-21-S-3";
2304 1 1 2303,2431 "Even-21-B-2";
2305 1 1 2303,2430 "Even-21-A-2";
2306 1 0 2106,2104 "Even-11-S-8";
2307 1 0 2305,2304 "Even-21-S-2";
2308 1 1 2306,2421 "Even-11-B-7";
2309 1 1 2307,2433 "Even-21-B-1";
2310 1 1 2307,2432 "Even-21-A-1";
2311 1 1 2335,2402 "Even-20-A-16";
2312 1 0 2301,2308 "Even-11-S-7";
2313 1 1 2312,2423 "Even-11-B-6";
2314 1 0 2310,2309 "Even-21-S-1";
2315 1 1 2314,2435 "Even-21-B-0";
2316 1 1 2314,2434 "Even-21-A-0";
2317 1 0 2316,2315 "Even-21-S-0";
2318 1 1 2312,2422 "Even-11-A-6";
2319 1 0 2318,2313 "Even-11-S-6";
2320 1 0 2328,2327 "Even-20-S-19";
2321 1 0 2351,2338 "Even-11-S-1";
2322 1 1 2321,2435 "Even-11-B-0";
2323 1 1 2321,2434 "Even-11-A-0";
2324 1 0 2451,88 "Odd-20-T";
2325 1 0 2323,2322 "Even-11-S-0";
2326 1 0 2374,2393,2391,2389,2387,2385,2383,2381 "Even-20-Z";
2327 1 1 2326,2397 "Even-20-B-19";
2328 1 1 2326,2396 "Even-20-A-19";
2329 1 0 2339,2340 "Even-12-S-10";
2330 1 1 2320,2399 "Even-20-B-18";
2331 1 1 2320,2398 "Even-20-A-18";
2332 1 0 2331,2330 "Even-20-S-18";
2333 1 1 2332,2401 "Even-20-B-17";
2334 1 1 2332,2400 "Even-20-A-17";
2335 1 0 2334,2333 "Even-20-S-17";
2336 1 1 2335,2403 "Even-20-B-16";
2337 1 0 2311,2336 "Even-20-S-16";
2338 1 1 2350,2433 "Even-11-B-1";
2339 1 1 2341,2414 "Even-12-A-10";
2340 1 1 2341,2415 "Even-12-B-10";
2341 1 0 2342,2344 "Even-12-S-11";
2342 1 1 2346,2412 "Even-12-A-11";
2343 1 1 2299,2429 "Even-11-B-3";
2344 1 1 2346,2413 "Even-12-B-11";
2345 1 1 2299,2428 "Even-11-A-3";
2346 1 0 2366,2409,2407,2405,2403,2401,2399,2397,2395,2393,2391,2389,2387,2385,2383,2381 "Even-12-Z";
2347 1 0 2345,2343 "Even-11-S-3";
2348 1 0 2467,1029 "Odd-12-T";
2349 1 1 2347,2431 "Even-11-B-2";
2350 1 0 1413,2349 "Even-11-S-2";
2351 1 1 2350,2432 "Even-11-A-1";
2352 2 1 2458,1940 "Even-16-T";
2353 2 1 2444,2223 "Even-23-T";
2354 2 1 2482,1382 "Even-4-T";
2355 2 1 2488,1340 "Even-1-T";
2356 2 1 2470,1389 "Even-10-T";
2357 2 1 2484,1393 "Even-3-T";
2358 2 1 2468,2325 "Even-11-T";
2359 2 1 2486,1318 "Even-2-T";
2360 2 1 2490,1394 "Even-0-T";
2361 2 1 2460,2019 "Even-15-T";
2362 2 1 2480,1470 "Even-5-T";
2363 2 1 2440,1603 "Even-25-T";
2364 2 1 2454,1999 "Even-18-T";
2365 2 1 2476,1480 "Even-7-T";
2366 2 1 2466,2179 "Even-12-T";
2367 2 1 2442,1360 "Even-24-T";
2368 2 1 2438,1440 "Even-26-T";
2369 2 1 2436,1473 "Even-27-T";
2370 2 1 2474,1663 "Even-8-T";
2371 2 1 2452,1747 "Even-19-T";
2372 2 1 2446,2152 "Even-22-T";
2373 2 1 2462,1748 "Even-14-T";
2374 2 1 2450,2255 "Even-20-T";
2375 2 1 2464,2260 "Even-13-T";
2376 2 1 2448,2317 "Even-21-T";
2377 2 1 2456,2029 "Even-17-T";
2378 2 1 2478,1516 "Even-6-T";
2379 2 1 2472,1251 "Even-9-T";
2380 3 1 2369 "Even-27-L";
2381 4 0 1196 "Odd-27-L";
2382 5 1 2368 "Even-26-L";
2383 6 0 1499 "Odd-26-L";
2384 7 1 2363 "Even-25-L";
2385 8 0 1675 "Odd-25-L";
2386 9 1 2367 "Even-24-L";
2387 10 0 1279 "Odd-24-L";
2388 11 1 2353 "Even-23-L";
2389 12 0 1344 "Odd-23-L";
2390 13 1 2372 "Even-22-L";
2391 14 0 2127 "Odd-22-L";
2392 15 1 2376 "Even-21-L";
2393 16 0 2081 "Odd-21-L";
2394 17 1 2374 "Even-20-L";
2395 18 0 2324 "Odd-20-L";
2396 19 1 2371 "Even-19-L";
2397 20 0 1818 "Odd-19-L";
2398 21 1 2364 "Even-18-L";
2399 22 0 1718 "Odd-18-L";
2400 23 1 2377 "Even-17-L";
2401 24 0 1977 "Odd-17-L";
2402 25 1 2352 "Even-16-L";
2403 26 0 1891 "Odd-16-L";
2404 27 1 2361 "Even-15-L";
2405 28 0 1954 "Odd-15-L";
2406 29 1 2373 "Even-14-L";
2407 30 0 1987 "Odd-14-L";
2408 31 1 2375 "Even-13-L";
2409 32 0 1817 "Odd-13-L";
2410 33 1 2366 "Even-12-L";
2411 34 0 2348 "Odd-12-L";
2412 35 1 2358 "Even-11-L";
2413 36 0 2208 "Odd-11-L";
2414 37 1 2356 "Even-10-L";
2415 38 0 2231 "Odd-10-L";
2416 39 1 2379 "Even-9-L";
2417 40 0 1369 "Odd-9-L";
2418 41 1 2370 "Even-8-L";
2419 42 0 1613 "Odd-8-L";
2420 43 1 2365 "Even-7-L";
2421 44 0 1465 "Odd-7-L";
2422 45 1 2378 "Even-6-L";
2423 46 0 1498 "Odd-6-L";
2424 47 1 2362 "Even-5-L";
2425 48 0 1452 "Odd-5-L";
2426 49 1 2354 "Even-4-L";
2427 50 0 1471 "Odd-4-L";
2428 51 1 2357 "Even-3-L";
2429 52 0 1412 "Odd-3-L";
2430 53 1 2359 "Even-2-L";
2431 54 0 1396 "Odd-2-L";
2432 55 1 2355 "Even-1-L";
2433 56 0 1319 "Odd-1-L";
2434 57 1 2360 "Even-0-L";
2435 58 0 1395 "Odd-0-L";
2436 60 0 2382 "Even-27-H";
2437 61 1 2383 "Odd-27-H";
2438 62 0 2384 "Even-26-H";
2439 63 1 2385 "Odd-26-H";
2440 64 0 2386 "Even-25-H";
2441 65 1 2387 "Odd-25-H";
2442 66 0 2388 "Even-24-H";
2443 67 1 2389 "Odd-24-H";
2444 68 0 2390 "Even-23-H";
2445 69 1 2391 "Odd-23-H";
2446 70 0 2392 "Even-22-H";
2447 71 1 2393 "Odd-22-H";
2448 72 0 2394 "Even-21-H";
2449 73 1 2395 "Odd-21-H";
2450 74 0 2396 "Even-20-H";
2451 75 1 2397 "Odd-20-H";
2452 76 0 2398 "Even-19-H";
2453 77 1 2399 "Odd-19-H";
2454 78 0 2400 "Even-18-H";
2455 79 1 2401 "Odd-18-H";
2456 80 0 2402 "Even-17-H";
2457 81 1 2403 "Odd-17-H";
2458 82 0 2404 "Even-16-H";
2459 83 1 2405 "Odd-16-H";
2460 84 0 2406 "Even-15-H";
2461 85 1 2407 "Odd-15-H";
2462 86 0 2408 "Even-14-H";
2463 87 1 2409 "Odd-14-H";
2464 88 0 2410 "Even-13-H";
2465 89 1 2411 "Odd-13-H";
2466 90 0 2412 "Even-12-H";
2467 91 1 2413 "Odd-12-H";
2468 92 0 2414 "Even-11-H";
2469 93 1 2415 "Odd-11-H";
2470 94 0 2416 "Even-10-H";
2471 95 1 2417 "Odd-10-H";
2472 96 0 2418 "Even-9-H";
2473 97 1 2419 "Odd-9-H";
2474 98 0 2420 "Even-8-H";
2475 99 1 2421 "Odd-8-H";
2476 100 0 2422 "Even-7-H";
2477 101 1 2423 "Odd-7-H";
2478 102 0 2424 "Even-6-H";
2479 103 1 2425 "Odd-6-H";
2480 104 0 2426 "Even-5-H";
2481 105 1 2427 "Odd-5-H";
2482 106 0 2428 "Even-4-H";
2483 107 1 2429 "Odd-4-H";
2484 108 0 2430 "Even-3-H";
2485 109 1 2431 "Odd-3-H";
2486 110 0 2432 "Even-2-H";
2487 111 1 2433 "Odd-2-H";
2488 112 0 2434 "Even-1-H";
2489 113 1 2435 "Odd-1-H";
2490 114 0 2380 "Even-0-H";
2491 115 1 2381 "Odd-0-H";
