parity 2158;
0 0 0 8,2098 "Odd-14-B-3";
1 0 0 18,2093 "Odd-14-A-6";
2 0 1 1,9 "Odd-14-S-6";
3 0 0 2,2094 "Odd-14-B-5";
4 0 0 2,2095 "Odd-14-A-5";
5 0 1 4,3 "Odd-14-S-5";
6 0 0 5,2096 "Odd-14-B-4";
7 0 0 5,2097 "Odd-14-A-4";
8 0 1 7,6 "Odd-14-S-4";
9 0 0 18,2092 "Odd-14-B-6";
10 0 0 8,2099 "Odd-14-A-3";
11 0 1 10,0 "Odd-14-S-3";
12 0 0 11,2100 "Odd-14-B-2";
13 0 0 11,2101 "Odd-14-A-2";
14 0 1 13,12 "Odd-14-S-2";
15 0 0 14,2102 "Odd-14-B-1";
16 0 0 14,2103 "Odd-14-A-1";
17 0 1 16,15 "Odd-14-S-1";
18 0 1 19,20 "Odd-14-S-7";
19 0 0 21,2091 "Odd-14-A-7";
20 0 0 21,2090 "Odd-14-B-7";
21 0 1 22,23 "Odd-14-S-8";
22 0 0 24,2089 "Odd-14-A-8";
23 0 0 24,2088 "Odd-14-B-8";
24 0 1 25,26 "Odd-14-S-9";
25 0 0 27,2087 "Odd-14-A-9";
26 0 0 27,2086 "Odd-14-B-9";
27 0 1 28,29 "Odd-14-S-10";
28 0 0 30,2085 "Odd-14-A-10";
29 0 0 30,2084 "Odd-14-B-10";
30 0 1 31,32 "Odd-14-S-11";
31 0 0 49,2083 "Odd-14-A-11";
32 0 0 49,2082 "Odd-14-B-11";
33 0 0 48,2072 "Odd-18-B-16";
34 0 0 35,2086 "Odd-13-B-9";
35 0 1 36,37 "Odd-13-S-10";
36 0 0 38,2085 "Odd-13-A-10";
37 0 0 38,2084 "Odd-13-B-10";
38 0 1 39,40 "Odd-13-S-11";
39 0 0 41,2083 "Odd-13-A-11";
40 0 0 41,2082 "Odd-13-B-11";
41 0 1 42,43 "Odd-13-S-12";
42 0 0 44,2081 "Odd-13-A-12";
43 0 0 44,2080 "Odd-13-B-12";
44 0 1 1525,2078,2076,2074,2072,2070,2068,2066,2064,2062,2060,2058,2056,2054 "Odd-13-Z";
45 0 1 1721,2068,2066,2064,2062,2060,2058,2056,2054 "Odd-18-Z";
46 0 0 45,2070 "Odd-18-B-17";
47 0 0 45,2071 "Odd-18-A-17";
48 0 1 47,46 "Odd-18-S-17";
49 0 1 99,100 "Odd-14-S-12";
50 0 0 48,2073 "Odd-18-A-16";
51 0 1 50,33 "Odd-18-S-16";
52 0 0 51,2074 "Odd-18-B-15";
53 0 0 51,2075 "Odd-18-A-15";
54 0 1 53,52 "Odd-18-S-15";
55 0 0 54,2076 "Odd-18-B-14";
56 0 0 54,2077 "Odd-18-A-14";
57 0 1 56,55 "Odd-18-S-14";
58 0 0 57,2078 "Odd-18-B-13";
59 0 0 57,2079 "Odd-18-A-13";
60 0 1 59,58 "Odd-18-S-13";
61 0 0 60,2080 "Odd-18-B-12";
62 0 1 63,64 "Odd-14-S-0";
63 0 0 17,2105 "Odd-14-A-0";
64 0 0 17,2104 "Odd-14-B-0";
65 0 0 76,2069 "Odd-22-A-18";
66 0 0 67,2074 "Odd-22-B-15";
67 0 1 68,69 "Odd-22-S-16";
68 0 0 70,2073 "Odd-22-A-16";
69 0 0 70,2072 "Odd-22-B-16";
70 0 1 71,72 "Odd-22-S-17";
71 0 0 73,2071 "Odd-22-A-17";
72 0 0 73,2070 "Odd-22-B-17";
73 0 1 65,75 "Odd-22-S-18";
74 0 0 67,2075 "Odd-22-A-15";
75 0 0 76,2068 "Odd-22-B-18";
76 0 1 77,78 "Odd-22-S-19";
77 0 0 79,2067 "Odd-22-A-19";
78 0 0 79,2066 "Odd-22-B-19";
79 0 1 80,81 "Odd-22-S-20";
80 0 0 82,2065 "Odd-22-A-20";
81 0 0 82,2064 "Odd-22-B-20";
82 0 1 129,128 "Odd-22-S-21";
83 0 1 74,66 "Odd-22-S-15";
84 0 0 83,2076 "Odd-22-B-14";
85 0 0 83,2077 "Odd-22-A-14";
86 0 1 85,84 "Odd-22-S-14";
87 0 0 86,2078 "Odd-22-B-13";
88 0 0 86,2079 "Odd-22-A-13";
89 0 1 88,87 "Odd-22-S-13";
90 0 0 89,2080 "Odd-22-B-12";
91 0 0 89,2081 "Odd-22-A-12";
92 0 1 93,94 "Odd-15-S-0";
93 0 0 95,2105 "Odd-15-A-0";
94 0 0 95,2104 "Odd-15-B-0";
95 0 1 96,97 "Odd-15-S-1";
96 0 0 243,2103 "Odd-15-A-1";
97 0 0 243,2102 "Odd-15-B-1";
98 0 0 112,2087 "Odd-18-A-9";
99 0 0 101,2081 "Odd-14-A-12";
100 0 0 101,2080 "Odd-14-B-12";
101 0 1 102,103 "Odd-14-S-13";
102 0 0 104,2079 "Odd-14-A-13";
103 0 0 104,2078 "Odd-14-B-13";
104 0 1 1481,2076,2074,2072,2070,2068,2066,2064,2062,2060,2058,2056,2054 "Odd-14-Z";
105 0 0 60,2081 "Odd-18-A-12";
106 0 1 105,61 "Odd-18-S-12";
107 0 0 106,2082 "Odd-18-B-11";
108 0 0 106,2083 "Odd-18-A-11";
109 0 1 108,107 "Odd-18-S-11";
110 0 0 109,2084 "Odd-18-B-10";
111 0 0 109,2085 "Odd-18-A-10";
112 0 1 111,110 "Odd-18-S-10";
113 0 0 112,2086 "Odd-18-B-9";
114 0 0 35,2087 "Odd-13-A-9";
115 0 1 98,113 "Odd-18-S-9";
116 0 0 115,2088 "Odd-18-B-8";
117 0 0 115,2089 "Odd-18-A-8";
118 0 1 117,116 "Odd-18-S-8";
119 0 0 118,2090 "Odd-18-B-7";
120 0 0 118,2091 "Odd-18-A-7";
121 0 1 120,119 "Odd-18-S-7";
122 0 0 121,2092 "Odd-18-B-6";
123 0 0 121,2093 "Odd-18-A-6";
124 0 1 123,122 "Odd-18-S-6";
125 0 0 124,2094 "Odd-18-B-5";
126 0 0 124,2095 "Odd-18-A-5";
127 0 1 1241,2060,2058,2056,2054 "Odd-22-Z";
128 0 0 127,2062 "Odd-22-B-21";
129 0 0 127,2063 "Odd-22-A-21";
130 0 0 137,2091 "Odd-12-A-7";
131 0 1 139,148 "Odd-12-S-10";
132 0 0 131,2086 "Odd-12-B-9";
133 0 0 131,2087 "Odd-12-A-9";
134 0 1 133,132 "Odd-12-S-9";
135 0 0 134,2088 "Odd-12-B-8";
136 0 0 134,2089 "Odd-12-A-8";
137 0 1 136,135 "Odd-12-S-8";
138 0 0 137,2090 "Odd-12-B-7";
139 0 0 149,2085 "Odd-12-A-10";
140 0 1 130,138 "Odd-12-S-7";
141 0 0 140,2092 "Odd-12-B-6";
142 0 0 140,2093 "Odd-12-A-6";
143 0 1 142,141 "Odd-12-S-6";
144 0 0 143,2094 "Odd-12-B-5";
145 0 0 143,2095 "Odd-12-A-5";
146 0 1 145,144 "Odd-12-S-5";
147 0 0 146,2096 "Odd-12-B-4";
148 0 0 149,2084 "Odd-12-B-10";
149 0 1 150,151 "Odd-12-S-11";
150 0 0 152,2083 "Odd-12-A-11";
151 0 0 152,2082 "Odd-12-B-11";
152 0 1 1390,2080,2078,2076,2074,2072,2070,2068,2066,2064,2062,2060,2058,2056,2054 "Odd-12-Z";
153 0 1 181,180 "Odd-23-S-15";
154 0 0 153,2076 "Odd-23-B-14";
155 0 0 153,2077 "Odd-23-A-14";
156 0 1 155,154 "Odd-23-S-14";
157 0 0 156,2078 "Odd-23-B-13";
158 0 0 156,2079 "Odd-23-A-13";
159 0 1 158,157 "Odd-23-S-13";
160 0 0 159,2080 "Odd-23-B-12";
161 0 0 159,2081 "Odd-23-A-12";
162 0 1 161,160 "Odd-23-S-12";
163 0 1 178,177 "Odd-23-S-16";
164 0 1 608,873 "Odd-23-S-21";
165 0 0 164,2064 "Odd-23-B-20";
166 0 0 164,2065 "Odd-23-A-20";
167 0 1 166,165 "Odd-23-S-20";
168 0 0 167,2066 "Odd-23-B-19";
169 0 0 167,2067 "Odd-23-A-19";
170 0 1 169,168 "Odd-23-S-19";
171 0 0 170,2068 "Odd-23-B-18";
172 0 0 170,2069 "Odd-23-A-18";
173 0 1 172,171 "Odd-23-S-18";
174 0 0 173,2070 "Odd-23-B-17";
175 0 0 173,2071 "Odd-23-A-17";
176 0 1 175,174 "Odd-23-S-17";
177 0 0 176,2072 "Odd-23-B-16";
178 0 0 176,2073 "Odd-23-A-16";
179 0 0 162,2082 "Odd-23-B-11";
180 0 0 163,2074 "Odd-23-B-15";
181 0 0 163,2075 "Odd-23-A-15";
182 0 0 184,2105 "Odd-12-A-0";
183 0 0 184,2104 "Odd-12-B-0";
184 0 1 185,186 "Odd-12-S-1";
185 0 0 187,2103 "Odd-12-A-1";
186 0 0 187,2102 "Odd-12-B-1";
187 0 1 188,189 "Odd-12-S-2";
188 0 0 190,2101 "Odd-12-A-2";
189 0 0 190,2100 "Odd-12-B-2";
190 0 1 191,192 "Odd-12-S-3";
191 0 0 193,2099 "Odd-12-A-3";
192 0 0 193,2098 "Odd-12-B-3";
193 0 1 194,147 "Odd-12-S-4";
194 0 0 146,2097 "Odd-12-A-4";
195 0 1 212,213 "Odd-13-S-4";
196 0 0 211,2104 "Odd-23-B-0";
197 0 0 211,2105 "Odd-23-A-0";
198 0 1 197,196 "Odd-23-S-0";
199 0 1 200,201 "Odd-13-S-0";
200 0 0 202,2105 "Odd-13-A-0";
201 0 0 202,2104 "Odd-13-B-0";
202 0 1 203,204 "Odd-13-S-1";
203 0 0 205,2103 "Odd-13-A-1";
204 0 0 205,2102 "Odd-13-B-1";
205 0 1 206,207 "Odd-13-S-2";
206 0 0 208,2101 "Odd-13-A-2";
207 0 0 208,2100 "Odd-13-B-2";
208 0 1 209,210 "Odd-13-S-3";
209 0 0 195,2099 "Odd-13-A-3";
210 0 0 195,2098 "Odd-13-B-3";
211 0 1 258,257 "Odd-23-S-1";
212 0 0 214,2097 "Odd-13-A-4";
213 0 0 214,2096 "Odd-13-B-4";
214 0 1 215,216 "Odd-13-S-5";
215 0 0 217,2095 "Odd-13-A-5";
216 0 0 217,2094 "Odd-13-B-5";
217 0 1 218,219 "Odd-13-S-6";
218 0 0 220,2093 "Odd-13-A-6";
219 0 0 220,2092 "Odd-13-B-6";
220 0 1 221,222 "Odd-13-S-7";
221 0 0 223,2091 "Odd-13-A-7";
222 0 0 223,2090 "Odd-13-B-7";
223 0 1 224,225 "Odd-13-S-8";
224 0 0 226,2089 "Odd-13-A-8";
225 0 0 226,2088 "Odd-13-B-8";
226 0 1 114,34 "Odd-13-S-9";
227 0 0 241,2093 "Odd-23-A-6";
228 0 0 162,2083 "Odd-23-A-11";
229 0 1 228,179 "Odd-23-S-11";
230 0 0 229,2084 "Odd-23-B-10";
231 0 0 229,2085 "Odd-23-A-10";
232 0 1 231,230 "Odd-23-S-10";
233 0 0 232,2086 "Odd-23-B-9";
234 0 0 232,2087 "Odd-23-A-9";
235 0 1 234,233 "Odd-23-S-9";
236 0 0 235,2088 "Odd-23-B-8";
237 0 0 235,2089 "Odd-23-A-8";
238 0 1 237,236 "Odd-23-S-8";
239 0 0 238,2090 "Odd-23-B-7";
240 0 0 238,2091 "Odd-23-A-7";
241 0 1 240,239 "Odd-23-S-7";
242 0 0 241,2092 "Odd-23-B-6";
243 0 1 422,423 "Odd-15-S-2";
244 0 1 227,242 "Odd-23-S-6";
245 0 0 244,2094 "Odd-23-B-5";
246 0 0 244,2095 "Odd-23-A-5";
247 0 1 246,245 "Odd-23-S-5";
248 0 0 247,2096 "Odd-23-B-4";
249 0 0 247,2097 "Odd-23-A-4";
250 0 1 249,248 "Odd-23-S-4";
251 0 0 250,2098 "Odd-23-B-3";
252 0 0 250,2099 "Odd-23-A-3";
253 0 1 252,251 "Odd-23-S-3";
254 0 0 253,2100 "Odd-23-B-2";
255 0 0 253,2101 "Odd-23-A-2";
256 0 1 255,254 "Odd-23-S-2";
257 0 0 256,2102 "Odd-23-B-1";
258 0 0 256,2103 "Odd-23-A-1";
259 0 1 267,266 "Odd-21-S-9";
260 0 0 268,2082 "Odd-21-B-11";
261 0 0 268,2083 "Odd-21-A-11";
262 0 1 261,260 "Odd-21-S-11";
263 0 0 262,2084 "Odd-21-B-10";
264 0 0 262,2085 "Odd-21-A-10";
265 0 1 264,263 "Odd-21-S-10";
266 0 0 265,2086 "Odd-21-B-9";
267 0 0 265,2087 "Odd-21-A-9";
268 0 1 277,278 "Odd-21-S-12";
269 0 0 259,2088 "Odd-21-B-8";
270 0 0 259,2089 "Odd-21-A-8";
271 0 1 270,269 "Odd-21-S-8";
272 0 0 271,2090 "Odd-21-B-7";
273 0 0 271,2091 "Odd-21-A-7";
274 0 1 273,272 "Odd-21-S-7";
275 0 0 274,2092 "Odd-21-B-6";
276 0 0 274,2093 "Odd-21-A-6";
277 0 0 279,2081 "Odd-21-A-12";
278 0 0 279,2080 "Odd-21-B-12";
279 0 1 280,281 "Odd-21-S-13";
280 0 0 282,2079 "Odd-21-A-13";
281 0 0 282,2078 "Odd-21-B-13";
282 0 1 283,284 "Odd-21-S-14";
283 0 0 285,2077 "Odd-21-A-14";
284 0 0 285,2076 "Odd-21-B-14";
285 0 1 286,355 "Odd-21-S-15";
286 0 0 354,2075 "Odd-21-A-15";
287 0 1 1048,2062,2060,2058,2056,2054 "Odd-21-Z";
288 0 0 287,2064 "Odd-21-B-20";
289 0 0 287,2065 "Odd-21-A-20";
290 0 1 289,288 "Odd-21-S-20";
291 0 0 290,2066 "Odd-21-B-19";
292 0 1 309,310 "Odd-21-S-1";
293 0 0 295,2081 "Odd-16-A-12";
294 0 0 295,2080 "Odd-16-B-12";
295 0 1 296,297 "Odd-16-S-13";
296 0 0 298,2079 "Odd-16-A-13";
297 0 0 298,2078 "Odd-16-B-13";
298 0 1 299,300 "Odd-16-S-14";
299 0 0 301,2077 "Odd-16-A-14";
300 0 0 301,2076 "Odd-16-B-14";
301 0 1 302,303 "Odd-16-S-15";
302 0 0 304,2075 "Odd-16-A-15";
303 0 0 304,2074 "Odd-16-B-15";
304 0 1 1894,2072,2070,2068,2066,2064,2062,2060,2058,2056,2054 "Odd-16-Z";
305 0 1 306,307 "Odd-21-S-0";
306 0 0 292,2105 "Odd-21-A-0";
307 0 0 292,2104 "Odd-21-B-0";
308 0 0 290,2067 "Odd-21-A-19";
309 0 0 311,2103 "Odd-21-A-1";
310 0 0 311,2102 "Odd-21-B-1";
311 0 1 312,313 "Odd-21-S-2";
312 0 0 314,2101 "Odd-21-A-2";
313 0 0 314,2100 "Odd-21-B-2";
314 0 1 315,316 "Odd-21-S-3";
315 0 0 317,2099 "Odd-21-A-3";
316 0 0 317,2098 "Odd-21-B-3";
317 0 1 318,319 "Odd-21-S-4";
318 0 0 320,2097 "Odd-21-A-4";
319 0 0 320,2096 "Odd-21-B-4";
320 0 1 321,322 "Odd-21-S-5";
321 0 0 323,2095 "Odd-21-A-5";
322 0 0 323,2094 "Odd-21-B-5";
323 0 1 276,275 "Odd-21-S-6";
324 0 1 341,342 "Odd-17-S-15";
325 0 1 326,327 "Odd-17-S-10";
326 0 0 328,2085 "Odd-17-A-10";
327 0 0 328,2084 "Odd-17-B-10";
328 0 1 329,330 "Odd-17-S-11";
329 0 0 331,2083 "Odd-17-A-11";
330 0 0 331,2082 "Odd-17-B-11";
331 0 1 332,333 "Odd-17-S-12";
332 0 0 334,2081 "Odd-17-A-12";
333 0 0 334,2080 "Odd-17-B-12";
334 0 1 335,336 "Odd-17-S-13";
335 0 0 337,2079 "Odd-17-A-13";
336 0 0 337,2078 "Odd-17-B-13";
337 0 1 338,339 "Odd-17-S-14";
338 0 0 324,2077 "Odd-17-A-14";
339 0 0 324,2076 "Odd-17-B-14";
340 0 0 325,2086 "Odd-17-B-9";
341 0 0 343,2075 "Odd-17-A-15";
342 0 0 343,2074 "Odd-17-B-15";
343 0 1 344,345 "Odd-17-S-16";
344 0 0 346,2073 "Odd-17-A-16";
345 0 0 346,2072 "Odd-17-B-16";
346 0 1 1776,2070,2068,2066,2064,2062,2060,2058,2056,2054 "Odd-17-Z";
347 0 0 357,2069 "Odd-21-A-18";
348 0 1 347,358 "Odd-21-S-18";
349 0 0 348,2070 "Odd-21-B-17";
350 0 0 348,2071 "Odd-21-A-17";
351 0 1 350,349 "Odd-21-S-17";
352 0 0 351,2072 "Odd-21-B-16";
353 0 0 351,2073 "Odd-21-A-16";
354 0 1 353,352 "Odd-21-S-16";
355 0 0 354,2074 "Odd-21-B-15";
356 0 0 374,2097 "Odd-17-A-4";
357 0 1 308,291 "Odd-21-S-19";
358 0 0 357,2068 "Odd-21-B-18";
359 0 1 360,361 "Odd-17-S-0";
360 0 0 362,2105 "Odd-17-A-0";
361 0 0 362,2104 "Odd-17-B-0";
362 0 1 363,364 "Odd-17-S-1";
363 0 0 365,2103 "Odd-17-A-1";
364 0 0 365,2102 "Odd-17-B-1";
365 0 1 366,367 "Odd-17-S-2";
366 0 0 368,2101 "Odd-17-A-2";
367 0 0 368,2100 "Odd-17-B-2";
368 0 1 369,370 "Odd-17-S-3";
369 0 0 371,2099 "Odd-17-A-3";
370 0 0 371,2098 "Odd-17-B-3";
371 0 1 356,373 "Odd-17-S-4";
372 0 1 293,294 "Odd-16-S-12";
373 0 0 374,2096 "Odd-17-B-4";
374 0 1 375,376 "Odd-17-S-5";
375 0 0 377,2095 "Odd-17-A-5";
376 0 0 377,2094 "Odd-17-B-5";
377 0 1 378,379 "Odd-17-S-6";
378 0 0 380,2093 "Odd-17-A-6";
379 0 0 380,2092 "Odd-17-B-6";
380 0 1 381,382 "Odd-17-S-7";
381 0 0 383,2091 "Odd-17-A-7";
382 0 0 383,2090 "Odd-17-B-7";
383 0 1 384,385 "Odd-17-S-8";
384 0 0 386,2089 "Odd-17-A-8";
385 0 0 386,2088 "Odd-17-B-8";
386 0 1 387,340 "Odd-17-S-9";
387 0 0 325,2087 "Odd-17-A-9";
388 0 1 91,90 "Odd-22-S-12";
389 0 0 391,2087 "Odd-22-A-9";
390 0 0 391,2086 "Odd-22-B-9";
391 0 1 392,393 "Odd-22-S-10";
392 0 0 394,2085 "Odd-22-A-10";
393 0 0 394,2084 "Odd-22-B-10";
394 0 1 395,396 "Odd-22-S-11";
395 0 0 388,2083 "Odd-22-A-11";
396 0 0 388,2082 "Odd-22-B-11";
397 0 1 389,390 "Odd-22-S-9";
398 0 1 1896,2074,2072,2070,2068,2066,2064,2062,2060,2058,2056,2054 "Odd-15-Z";
399 0 0 398,2076 "Odd-15-B-14";
400 0 0 398,2077 "Odd-15-A-14";
401 0 1 400,399 "Odd-15-S-14";
402 0 0 401,2078 "Odd-15-B-13";
403 0 0 401,2079 "Odd-15-A-13";
404 0 1 403,402 "Odd-15-S-13";
405 0 0 404,2080 "Odd-15-B-12";
406 0 0 397,2088 "Odd-22-B-8";
407 0 0 397,2089 "Odd-22-A-8";
408 0 1 407,406 "Odd-22-S-8";
409 0 0 408,2090 "Odd-22-B-7";
410 0 0 408,2091 "Odd-22-A-7";
411 0 1 410,409 "Odd-22-S-7";
412 0 0 411,2092 "Odd-22-B-6";
413 0 0 411,2093 "Odd-22-A-6";
414 0 1 413,412 "Odd-22-S-6";
415 0 0 414,2094 "Odd-22-B-5";
416 0 0 414,2095 "Odd-22-A-5";
417 0 1 416,415 "Odd-22-S-5";
418 0 0 417,2096 "Odd-22-B-4";
419 0 0 417,2097 "Odd-22-A-4";
420 0 1 419,418 "Odd-22-S-4";
421 0 0 439,2091 "Odd-15-A-7";
422 0 0 424,2101 "Odd-15-A-2";
423 0 0 424,2100 "Odd-15-B-2";
424 0 1 425,426 "Odd-15-S-3";
425 0 0 427,2099 "Odd-15-A-3";
426 0 0 427,2098 "Odd-15-B-3";
427 0 1 428,429 "Odd-15-S-4";
428 0 0 430,2097 "Odd-15-A-4";
429 0 0 430,2096 "Odd-15-B-4";
430 0 1 431,432 "Odd-15-S-5";
431 0 0 433,2095 "Odd-15-A-5";
432 0 0 433,2094 "Odd-15-B-5";
433 0 1 434,435 "Odd-15-S-6";
434 0 0 436,2093 "Odd-15-A-6";
435 0 0 436,2092 "Odd-15-B-6";
436 0 1 421,438 "Odd-15-S-7";
437 0 0 420,2098 "Odd-22-B-3";
438 0 0 439,2090 "Odd-15-B-7";
439 0 1 440,441 "Odd-15-S-8";
440 0 0 442,2089 "Odd-15-A-8";
441 0 0 442,2088 "Odd-15-B-8";
442 0 1 443,444 "Odd-15-S-9";
443 0 0 445,2087 "Odd-15-A-9";
444 0 0 445,2086 "Odd-15-B-9";
445 0 1 446,447 "Odd-15-S-10";
446 0 0 448,2085 "Odd-15-A-10";
447 0 0 448,2084 "Odd-15-B-10";
448 0 1 449,450 "Odd-15-S-11";
449 0 0 451,2083 "Odd-15-A-11";
450 0 0 451,2082 "Odd-15-B-11";
451 0 1 452,405 "Odd-15-S-12";
452 0 0 404,2081 "Odd-15-A-12";
453 0 0 470,2092 "Odd-16-B-6";
454 0 0 455,2102 "Odd-16-B-1";
455 0 1 456,457 "Odd-16-S-2";
456 0 0 458,2101 "Odd-16-A-2";
457 0 0 458,2100 "Odd-16-B-2";
458 0 1 459,460 "Odd-16-S-3";
459 0 0 461,2099 "Odd-16-A-3";
460 0 0 461,2098 "Odd-16-B-3";
461 0 1 462,463 "Odd-16-S-4";
462 0 0 464,2097 "Odd-16-A-4";
463 0 0 464,2096 "Odd-16-B-4";
464 0 1 465,466 "Odd-16-S-5";
465 0 0 467,2095 "Odd-16-A-5";
466 0 0 467,2094 "Odd-16-B-5";
467 0 1 468,453 "Odd-16-S-6";
468 0 0 470,2093 "Odd-16-A-6";
469 0 0 455,2103 "Odd-16-A-1";
470 0 1 471,472 "Odd-16-S-7";
471 0 0 473,2091 "Odd-16-A-7";
472 0 0 473,2090 "Odd-16-B-7";
473 0 1 474,475 "Odd-16-S-8";
474 0 0 476,2089 "Odd-16-A-8";
475 0 0 476,2088 "Odd-16-B-8";
476 0 1 477,478 "Odd-16-S-9";
477 0 0 479,2087 "Odd-16-A-9";
478 0 0 479,2086 "Odd-16-B-9";
479 0 1 480,481 "Odd-16-S-10";
480 0 0 482,2085 "Odd-16-A-10";
481 0 0 482,2084 "Odd-16-B-10";
482 0 1 483,484 "Odd-16-S-11";
483 0 0 372,2083 "Odd-16-A-11";
484 0 0 372,2082 "Odd-16-B-11";
485 0 0 500,2098 "Odd-18-B-3";
486 0 0 420,2099 "Odd-22-A-3";
487 0 1 486,437 "Odd-22-S-3";
488 0 0 487,2100 "Odd-22-B-2";
489 0 0 487,2101 "Odd-22-A-2";
490 0 1 489,488 "Odd-22-S-2";
491 0 0 490,2102 "Odd-22-B-1";
492 0 0 490,2103 "Odd-22-A-1";
493 0 1 492,491 "Odd-22-S-1";
494 0 0 493,2104 "Odd-22-B-0";
495 0 0 493,2105 "Odd-22-A-0";
496 0 1 495,494 "Odd-22-S-0";
497 0 1 126,125 "Odd-18-S-5";
498 0 0 497,2096 "Odd-18-B-4";
499 0 0 497,2097 "Odd-18-A-4";
500 0 1 499,498 "Odd-18-S-4";
501 0 1 182,183 "Odd-12-S-0";
502 0 0 500,2099 "Odd-18-A-3";
503 0 1 502,485 "Odd-18-S-3";
504 0 0 503,2100 "Odd-18-B-2";
505 0 0 503,2101 "Odd-18-A-2";
506 0 1 505,504 "Odd-18-S-2";
507 0 0 506,2102 "Odd-18-B-1";
508 0 0 506,2103 "Odd-18-A-1";
509 0 1 508,507 "Odd-18-S-1";
510 0 0 509,2104 "Odd-18-B-0";
511 0 0 509,2105 "Odd-18-A-0";
512 0 1 511,510 "Odd-18-S-0";
513 0 1 514,515 "Odd-16-S-0";
514 0 0 516,2105 "Odd-16-A-0";
515 0 0 516,2104 "Odd-16-B-0";
516 0 1 469,454 "Odd-16-S-1";
517 0 0 525,2084 "Odd-20-B-10";
518 0 0 551,2079 "Odd-20-A-13";
519 0 1 518,526 "Odd-20-S-13";
520 0 0 519,2080 "Odd-20-B-12";
521 0 0 519,2081 "Odd-20-A-12";
522 0 1 521,520 "Odd-20-S-12";
523 0 0 522,2082 "Odd-20-B-11";
524 0 0 522,2083 "Odd-20-A-11";
525 0 1 524,523 "Odd-20-S-11";
526 0 0 551,2078 "Odd-20-B-13";
527 0 0 525,2085 "Odd-20-A-10";
528 0 1 1573,2092,2090,2088,2086,2084,2082,2080,2078,2076,2074,2072,2070,2068,2066,2064,2062,2060,2058,2056,2054 "Odd-6-Z";
529 0 0 528,2094 "Odd-6-B-5";
530 0 0 528,2095 "Odd-6-A-5";
531 0 1 530,529 "Odd-6-S-5";
532 0 0 531,2096 "Odd-6-B-4";
533 0 0 531,2097 "Odd-6-A-4";
534 0 1 533,532 "Odd-6-S-4";
535 0 0 542,2073 "Odd-20-A-16";
536 0 1 1884,2066,2064,2062,2060,2058,2056,2054 "Odd-19-Z";
537 0 0 887,2068 "Odd-20-B-18";
538 0 0 887,2069 "Odd-20-A-18";
539 0 1 538,537 "Odd-20-S-18";
540 0 0 539,2070 "Odd-20-B-17";
541 0 0 539,2071 "Odd-20-A-17";
542 0 1 541,540 "Odd-20-S-17";
543 0 0 542,2072 "Odd-20-B-16";
544 0 0 534,2098 "Odd-6-B-3";
545 0 1 535,543 "Odd-20-S-16";
546 0 0 545,2074 "Odd-20-B-15";
547 0 0 545,2075 "Odd-20-A-15";
548 0 1 547,546 "Odd-20-S-15";
549 0 0 548,2076 "Odd-20-B-14";
550 0 0 548,2077 "Odd-20-A-14";
551 0 1 550,549 "Odd-20-S-14";
552 0 0 559,2095 "Odd-20-A-5";
553 0 1 561,585 "Odd-20-S-8";
554 0 0 553,2090 "Odd-20-B-7";
555 0 0 553,2091 "Odd-20-A-7";
556 0 1 555,554 "Odd-20-S-7";
557 0 0 556,2092 "Odd-20-B-6";
558 0 0 556,2093 "Odd-20-A-6";
559 0 1 558,557 "Odd-20-S-6";
560 0 0 559,2094 "Odd-20-B-5";
561 0 0 584,2089 "Odd-20-A-8";
562 0 1 552,560 "Odd-20-S-5";
563 0 0 562,2096 "Odd-20-B-4";
564 0 0 562,2097 "Odd-20-A-4";
565 0 1 564,563 "Odd-20-S-4";
566 0 0 565,2098 "Odd-20-B-3";
567 0 0 565,2099 "Odd-20-A-3";
568 0 1 567,566 "Odd-20-S-3";
569 0 0 577,2104 "Odd-6-B-0";
570 0 0 534,2099 "Odd-6-A-3";
571 0 1 570,544 "Odd-6-S-3";
572 0 0 571,2100 "Odd-6-B-2";
573 0 0 571,2101 "Odd-6-A-2";
574 0 1 573,572 "Odd-6-S-2";
575 0 0 574,2102 "Odd-6-B-1";
576 0 0 574,2103 "Odd-6-A-1";
577 0 1 576,575 "Odd-6-S-1";
578 0 0 536,2068 "Odd-19-B-18";
579 0 0 577,2105 "Odd-6-A-0";
580 0 1 579,569 "Odd-6-S-0";
581 0 1 527,517 "Odd-20-S-10";
582 0 0 581,2086 "Odd-20-B-9";
583 0 0 581,2087 "Odd-20-A-9";
584 0 1 583,582 "Odd-20-S-9";
585 0 0 584,2088 "Odd-20-B-8";
586 0 0 597,2061 "Odd-24-A-22";
587 0 0 588,2066 "Odd-24-B-19";
588 0 1 589,590 "Odd-24-S-20";
589 0 0 591,2065 "Odd-24-A-20";
590 0 0 591,2064 "Odd-24-B-20";
591 0 1 592,593 "Odd-24-S-21";
592 0 0 594,2063 "Odd-24-A-21";
593 0 0 594,2062 "Odd-24-B-21";
594 0 1 586,596 "Odd-24-S-22";
595 0 0 588,2067 "Odd-24-A-19";
596 0 0 597,2060 "Odd-24-B-22";
597 0 1 598,599 "Odd-24-S-23";
598 0 0 600,2059 "Odd-24-A-23";
599 0 0 600,2058 "Odd-24-B-23";
600 0 1 1096,2056,2054 "Odd-24-Z";
601 0 1 602,612 "Odd-19-S-14";
602 0 0 638,2077 "Odd-19-A-14";
603 0 0 611,2102 "Odd-8-B-1";
604 0 0 954,2097 "Odd-8-A-4";
605 0 1 604,825 "Odd-8-S-4";
606 0 0 605,2098 "Odd-8-B-3";
607 0 0 605,2099 "Odd-8-A-3";
608 0 0 872,2063 "Odd-23-A-21";
609 0 0 782,2100 "Odd-8-B-2";
610 0 0 782,2101 "Odd-8-A-2";
611 0 1 610,609 "Odd-8-S-2";
612 0 0 638,2076 "Odd-19-B-14";
613 0 0 611,2103 "Odd-8-A-1";
614 0 1 613,603 "Odd-8-S-1";
615 0 0 614,2104 "Odd-8-B-0";
616 0 0 614,2105 "Odd-8-A-0";
617 0 1 616,615 "Odd-8-S-0";
618 0 0 619,2068 "Odd-24-B-18";
619 0 1 595,587 "Odd-24-S-19";
620 0 0 627,2101 "Odd-7-A-2";
621 0 1 629,653 "Odd-7-S-5";
622 0 0 621,2096 "Odd-7-B-4";
623 0 0 621,2097 "Odd-7-A-4";
624 0 1 623,622 "Odd-7-S-4";
625 0 0 624,2098 "Odd-7-B-3";
626 0 0 624,2099 "Odd-7-A-3";
627 0 1 626,625 "Odd-7-S-3";
628 0 0 627,2100 "Odd-7-B-2";
629 0 0 652,2095 "Odd-7-A-5";
630 0 1 620,628 "Odd-7-S-2";
631 0 0 630,2102 "Odd-7-B-1";
632 0 0 630,2103 "Odd-7-A-1";
633 0 1 632,631 "Odd-7-S-1";
634 0 0 633,2104 "Odd-7-B-0";
635 0 0 633,2105 "Odd-7-A-0";
636 0 1 635,634 "Odd-7-S-0";
637 0 0 647,2070 "Odd-19-B-17";
638 0 1 639,640 "Odd-19-S-15";
639 0 0 641,2075 "Odd-19-A-15";
640 0 0 641,2074 "Odd-19-B-15";
641 0 1 642,643 "Odd-19-S-16";
642 0 0 644,2073 "Odd-19-A-16";
643 0 0 644,2072 "Odd-19-B-16";
644 0 1 645,637 "Odd-19-S-17";
645 0 0 647,2071 "Odd-19-A-17";
646 0 0 568,2100 "Odd-20-B-2";
647 0 1 648,578 "Odd-19-S-18";
648 0 0 536,2069 "Odd-19-A-18";
649 0 1 1671,2090,2088,2086,2084,2082,2080,2078,2076,2074,2072,2070,2068,2066,2064,2062,2060,2058,2056,2054 "Odd-7-Z";
650 0 0 649,2092 "Odd-7-B-6";
651 0 0 649,2093 "Odd-7-A-6";
652 0 1 651,650 "Odd-7-S-6";
653 0 0 652,2094 "Odd-7-B-5";
654 0 0 706,2075 "Odd-25-A-15";
655 0 0 656,2080 "Odd-25-B-12";
656 0 1 657,658 "Odd-25-S-13";
657 0 0 659,2079 "Odd-25-A-13";
658 0 0 659,2078 "Odd-25-B-13";
659 0 1 660,661 "Odd-25-S-14";
660 0 0 662,2077 "Odd-25-A-14";
661 0 0 662,2076 "Odd-25-B-14";
662 0 1 654,680 "Odd-25-S-15";
663 0 0 656,2081 "Odd-25-A-12";
664 0 1 1590,2100,2098,2096,2094,2092,2090,2088,2086,2084,2082,2080,2078,2076,2074,2072,2070,2068,2066,2064,2062,2060,2058,2056,2054 "Odd-2-Z";
665 0 0 664,2102 "Odd-2-B-1";
666 0 0 664,2103 "Odd-2-A-1";
667 0 1 666,665 "Odd-2-S-1";
668 0 0 667,2104 "Odd-2-B-0";
669 0 0 667,2105 "Odd-2-A-0";
670 0 1 669,668 "Odd-2-S-0";
671 0 0 678,2105 "Odd-3-A-0";
672 0 1 1623,2098,2096,2094,2092,2090,2088,2086,2084,2082,2080,2078,2076,2074,2072,2070,2068,2066,2064,2062,2060,2058,2056,2054 "Odd-3-Z";
673 0 0 672,2100 "Odd-3-B-2";
674 0 0 672,2101 "Odd-3-A-2";
675 0 1 674,673 "Odd-3-S-2";
676 0 0 675,2102 "Odd-3-B-1";
677 0 0 675,2103 "Odd-3-A-1";
678 0 1 677,676 "Odd-3-S-1";
679 0 0 678,2104 "Odd-3-B-0";
680 0 0 706,2074 "Odd-25-B-15";
681 0 1 671,679 "Odd-3-S-0";
682 0 0 684,2085 "Odd-25-A-10";
683 0 0 684,2084 "Odd-25-B-10";
684 0 1 685,686 "Odd-25-S-11";
685 0 0 687,2083 "Odd-25-A-11";
686 0 0 687,2082 "Odd-25-B-11";
687 0 1 663,655 "Odd-25-S-12";
688 0 1 699,700 "Odd-25-S-23";
689 0 0 691,2065 "Odd-25-A-20";
690 0 0 691,2064 "Odd-25-B-20";
691 0 1 692,693 "Odd-25-S-21";
692 0 0 694,2063 "Odd-25-A-21";
693 0 0 694,2062 "Odd-25-B-21";
694 0 1 695,696 "Odd-25-S-22";
695 0 0 688,2061 "Odd-25-A-22";
696 0 0 688,2060 "Odd-25-B-22";
697 0 1 689,690 "Odd-25-S-20";
698 0 1 1603,2104,2102,2100,2098,2096,2094,2092,2090,2088,2086,2084,2082,2080,2078,2076,2074,2072,2070,2068,2066,2064,2062,2060,2058,2056,2054 "Odd-0-Z";
699 0 0 701,2059 "Odd-25-A-23";
700 0 0 701,2058 "Odd-25-B-23";
701 0 1 702,703 "Odd-25-S-24";
702 0 0 704,2057 "Odd-25-A-24";
703 0 0 704,2056 "Odd-25-B-24";
704 0 1 1163,2054 "Odd-25-Z";
705 0 0 715,2068 "Odd-25-B-18";
706 0 1 707,708 "Odd-25-S-16";
707 0 0 709,2073 "Odd-25-A-16";
708 0 0 709,2072 "Odd-25-B-16";
709 0 1 710,711 "Odd-25-S-17";
710 0 0 712,2071 "Odd-25-A-17";
711 0 0 712,2070 "Odd-25-B-17";
712 0 1 713,705 "Odd-25-S-18";
713 0 0 715,2069 "Odd-25-A-18";
714 0 1 682,683 "Odd-25-S-10";
715 0 1 716,717 "Odd-25-S-19";
716 0 0 697,2067 "Odd-25-A-19";
717 0 0 697,2066 "Odd-25-B-19";
718 0 1 1598,2102,2100,2098,2096,2094,2092,2090,2088,2086,2084,2082,2080,2078,2076,2074,2072,2070,2068,2066,2064,2062,2060,2058,2056,2054 "Odd-1-Z";
719 0 0 718,2104 "Odd-1-B-0";
720 0 0 718,2105 "Odd-1-A-0";
721 0 1 720,719 "Odd-1-S-0";
722 0 0 733,2105 "Odd-25-A-0";
723 0 1 731,755 "Odd-5-S-0";
724 0 0 741,2102 "Odd-20-B-1";
725 0 0 741,2103 "Odd-20-A-1";
726 0 1 725,724 "Odd-20-S-1";
727 0 0 726,2104 "Odd-20-B-0";
728 0 0 726,2105 "Odd-20-A-0";
729 0 1 728,727 "Odd-20-S-0";
730 0 1 722,732 "Odd-25-S-0";
731 0 0 754,2105 "Odd-5-A-0";
732 0 0 733,2104 "Odd-25-B-0";
733 0 1 734,735 "Odd-25-S-1";
734 0 0 736,2103 "Odd-25-A-1";
735 0 0 736,2102 "Odd-25-B-1";
736 0 1 737,738 "Odd-25-S-2";
737 0 0 748,2101 "Odd-25-A-2";
738 0 0 748,2100 "Odd-25-B-2";
739 0 1 747,746 "Odd-5-S-3";
740 0 0 568,2101 "Odd-20-A-2";
741 0 1 740,646 "Odd-20-S-2";
742 0 1 1548,2094,2092,2090,2088,2086,2084,2082,2080,2078,2076,2074,2072,2070,2068,2066,2064,2062,2060,2058,2056,2054 "Odd-5-Z";
743 0 0 742,2096 "Odd-5-B-4";
744 0 0 742,2097 "Odd-5-A-4";
745 0 1 744,743 "Odd-5-S-4";
746 0 0 745,2098 "Odd-5-B-3";
747 0 0 745,2099 "Odd-5-A-3";
748 0 1 774,775 "Odd-25-S-3";
749 0 0 739,2100 "Odd-5-B-2";
750 0 0 739,2101 "Odd-5-A-2";
751 0 1 750,749 "Odd-5-S-2";
752 0 0 751,2102 "Odd-5-B-1";
753 0 0 751,2103 "Odd-5-A-1";
754 0 1 753,752 "Odd-5-S-1";
755 0 0 754,2104 "Odd-5-B-0";
756 0 0 767,2091 "Odd-25-A-7";
757 0 0 758,2096 "Odd-25-B-4";
758 0 1 759,760 "Odd-25-S-5";
759 0 0 761,2095 "Odd-25-A-5";
760 0 0 761,2094 "Odd-25-B-5";
761 0 1 762,763 "Odd-25-S-6";
762 0 0 764,2093 "Odd-25-A-6";
763 0 0 764,2092 "Odd-25-B-6";
764 0 1 756,766 "Odd-25-S-7";
765 0 0 758,2097 "Odd-25-A-4";
766 0 0 767,2090 "Odd-25-B-7";
767 0 1 768,769 "Odd-25-S-8";
768 0 0 770,2089 "Odd-25-A-8";
769 0 0 770,2088 "Odd-25-B-8";
770 0 1 771,772 "Odd-25-S-9";
771 0 0 714,2087 "Odd-25-A-9";
772 0 0 714,2086 "Odd-25-B-9";
773 0 1 781,780 "Odd-4-S-2";
774 0 0 789,2099 "Odd-25-A-3";
775 0 0 789,2098 "Odd-25-B-3";
776 0 1 1609,2096,2094,2092,2090,2088,2086,2084,2082,2080,2078,2076,2074,2072,2070,2068,2066,2064,2062,2060,2058,2056,2054 "Odd-4-Z";
777 0 0 776,2098 "Odd-4-B-3";
778 0 0 776,2099 "Odd-4-A-3";
779 0 1 778,777 "Odd-4-S-3";
780 0 0 779,2100 "Odd-4-B-2";
781 0 0 779,2101 "Odd-4-A-2";
782 0 1 607,606 "Odd-8-S-3";
783 0 0 773,2102 "Odd-4-B-1";
784 0 0 773,2103 "Odd-4-A-1";
785 0 1 784,783 "Odd-4-S-1";
786 0 0 785,2104 "Odd-4-B-0";
787 0 0 785,2105 "Odd-4-A-0";
788 0 1 787,786 "Odd-4-S-0";
789 0 1 765,757 "Odd-25-S-4";
790 0 0 828,2088 "Odd-19-B-8";
791 0 1 792,793 "Odd-10-S-6";
792 0 0 794,2093 "Odd-10-A-6";
793 0 0 794,2092 "Odd-10-B-6";
794 0 1 795,796 "Odd-10-S-7";
795 0 0 797,2091 "Odd-10-A-7";
796 0 0 797,2090 "Odd-10-B-7";
797 0 1 798,799 "Odd-10-S-8";
798 0 0 800,2089 "Odd-10-A-8";
799 0 0 800,2088 "Odd-10-B-8";
800 0 1 801,802 "Odd-10-S-9";
801 0 0 803,2087 "Odd-10-A-9";
802 0 0 803,2086 "Odd-10-B-9";
803 0 1 1418,2084,2082,2080,2078,2076,2074,2072,2070,2068,2066,2064,2062,2060,2058,2056,2054 "Odd-10-Z";
804 0 0 791,2094 "Odd-10-B-5";
805 0 0 828,2089 "Odd-19-A-8";
806 0 1 805,790 "Odd-19-S-8";
807 0 0 806,2090 "Odd-19-B-7";
808 0 0 806,2091 "Odd-19-A-7";
809 0 1 808,807 "Odd-19-S-7";
810 0 0 809,2092 "Odd-19-B-6";
811 0 0 809,2093 "Odd-19-A-6";
812 0 1 811,810 "Odd-19-S-6";
813 0 0 812,2094 "Odd-19-B-5";
814 0 0 812,2095 "Odd-19-A-5";
815 0 1 814,813 "Odd-19-S-5";
816 0 0 815,2096 "Odd-19-B-4";
817 0 0 815,2097 "Odd-19-A-4";
818 0 1 833,834 "Odd-10-S-1";
819 0 1 988,987 "Odd-19-S-12";
820 0 0 819,2082 "Odd-19-B-11";
821 0 0 819,2083 "Odd-19-A-11";
822 0 1 821,820 "Odd-19-S-11";
823 0 0 822,2084 "Odd-19-B-10";
824 0 0 822,2085 "Odd-19-A-10";
825 0 0 954,2096 "Odd-8-B-4";
826 0 0 888,2086 "Odd-19-B-9";
827 0 0 888,2087 "Odd-19-A-9";
828 0 1 827,826 "Odd-19-S-9";
829 0 1 830,831 "Odd-10-S-0";
830 0 0 818,2105 "Odd-10-A-0";
831 0 0 818,2104 "Odd-10-B-0";
832 0 1 817,816 "Odd-19-S-4";
833 0 0 835,2103 "Odd-10-A-1";
834 0 0 835,2102 "Odd-10-B-1";
835 0 1 836,837 "Odd-10-S-2";
836 0 0 838,2101 "Odd-10-A-2";
837 0 0 838,2100 "Odd-10-B-2";
838 0 1 839,840 "Odd-10-S-3";
839 0 0 841,2099 "Odd-10-A-3";
840 0 0 841,2098 "Odd-10-B-3";
841 0 1 842,843 "Odd-10-S-4";
842 0 0 844,2097 "Odd-10-A-4";
843 0 0 844,2096 "Odd-10-B-4";
844 0 1 845,804 "Odd-10-S-5";
845 0 0 791,2095 "Odd-10-A-5";
846 0 0 862,2089 "Odd-11-A-8";
847 0 1 848,849 "Odd-11-S-4";
848 0 0 850,2097 "Odd-11-A-4";
849 0 0 850,2096 "Odd-11-B-4";
850 0 1 851,852 "Odd-11-S-5";
851 0 0 853,2095 "Odd-11-A-5";
852 0 0 853,2094 "Odd-11-B-5";
853 0 1 854,855 "Odd-11-S-6";
854 0 0 856,2093 "Odd-11-A-6";
855 0 0 856,2092 "Odd-11-B-6";
856 0 1 857,858 "Odd-11-S-7";
857 0 0 859,2091 "Odd-11-A-7";
858 0 0 859,2090 "Odd-11-B-7";
859 0 1 846,861 "Odd-11-S-8";
860 0 0 847,2098 "Odd-11-B-3";
861 0 0 862,2088 "Odd-11-B-8";
862 0 1 863,864 "Odd-11-S-9";
863 0 0 865,2087 "Odd-11-A-9";
864 0 0 865,2086 "Odd-11-B-9";
865 0 1 866,867 "Odd-11-S-10";
866 0 0 868,2085 "Odd-11-A-10";
867 0 0 868,2084 "Odd-11-B-10";
868 0 1 1383,2082,2080,2078,2076,2074,2072,2070,2068,2066,2064,2062,2060,2058,2056,2054 "Odd-11-Z";
869 0 1 1314,2058,2056,2054 "Odd-23-Z";
870 0 0 869,2060 "Odd-23-B-22";
871 0 0 869,2061 "Odd-23-A-22";
872 0 1 871,870 "Odd-23-S-22";
873 0 0 872,2062 "Odd-23-B-21";
874 0 0 890,2067 "Odd-20-A-19";
875 0 0 832,2098 "Odd-19-B-3";
876 0 0 832,2099 "Odd-19-A-3";
877 0 1 876,875 "Odd-19-S-3";
878 0 0 877,2100 "Odd-19-B-2";
879 0 0 877,2101 "Odd-19-A-2";
880 0 1 879,878 "Odd-19-S-2";
881 0 0 880,2102 "Odd-19-B-1";
882 0 0 880,2103 "Odd-19-A-1";
883 0 1 882,881 "Odd-19-S-1";
884 0 0 883,2104 "Odd-19-B-0";
885 0 0 883,2105 "Odd-19-A-0";
886 0 1 885,884 "Odd-19-S-0";
887 0 1 874,889 "Odd-20-S-19";
888 0 1 824,823 "Odd-19-S-10";
889 0 0 890,2066 "Odd-20-B-19";
890 0 1 1049,2064,2062,2060,2058,2056,2054 "Odd-20-Z";
891 0 1 892,893 "Odd-11-S-0";
892 0 0 894,2105 "Odd-11-A-0";
893 0 0 894,2104 "Odd-11-B-0";
894 0 1 895,896 "Odd-11-S-1";
895 0 0 897,2103 "Odd-11-A-1";
896 0 0 897,2102 "Odd-11-B-1";
897 0 1 898,899 "Odd-11-S-2";
898 0 0 900,2101 "Odd-11-A-2";
899 0 0 900,2100 "Odd-11-B-2";
900 0 1 901,860 "Odd-11-S-3";
901 0 0 847,2099 "Odd-11-A-3";
902 0 0 913,2091 "Odd-24-A-7";
903 0 0 936,2101 "Odd-9-A-2";
904 0 1 903,911 "Odd-9-S-2";
905 0 0 904,2102 "Odd-9-B-1";
906 0 0 904,2103 "Odd-9-A-1";
907 0 1 906,905 "Odd-9-S-1";
908 0 0 907,2104 "Odd-9-B-0";
909 0 0 907,2105 "Odd-9-A-0";
910 0 1 909,908 "Odd-9-S-0";
911 0 0 936,2100 "Odd-9-B-2";
912 0 0 913,2090 "Odd-24-B-7";
913 0 1 914,915 "Odd-24-S-8";
914 0 0 916,2089 "Odd-24-A-8";
915 0 0 916,2088 "Odd-24-B-8";
916 0 1 917,918 "Odd-24-S-9";
917 0 0 919,2087 "Odd-24-A-9";
918 0 0 919,2086 "Odd-24-B-9";
919 0 1 929,956 "Odd-24-S-10";
920 0 0 928,2094 "Odd-9-B-5";
921 0 0 981,2089 "Odd-9-A-8";
922 0 1 921,994 "Odd-9-S-8";
923 0 0 922,2090 "Odd-9-B-7";
924 0 0 922,2091 "Odd-9-A-7";
925 0 1 924,923 "Odd-9-S-7";
926 0 0 925,2092 "Odd-9-B-6";
927 0 0 925,2093 "Odd-9-A-6";
928 0 1 927,926 "Odd-9-S-6";
929 0 0 957,2085 "Odd-24-A-10";
930 0 0 928,2095 "Odd-9-A-5";
931 0 1 930,920 "Odd-9-S-5";
932 0 0 931,2096 "Odd-9-B-4";
933 0 0 931,2097 "Odd-9-A-4";
934 0 1 933,932 "Odd-9-S-4";
935 0 0 934,2099 "Odd-9-A-3";
936 0 1 935,964 "Odd-9-S-3";
937 0 0 945,2090 "Odd-8-B-7";
938 0 0 940,2073 "Odd-24-A-16";
939 0 0 940,2072 "Odd-24-B-16";
940 0 1 941,942 "Odd-24-S-17";
941 0 0 943,2071 "Odd-24-A-17";
942 0 0 943,2070 "Odd-24-B-17";
943 0 1 944,618 "Odd-24-S-18";
944 0 0 619,2069 "Odd-24-A-18";
945 0 1 1700,2088,2086,2084,2082,2080,2078,2076,2074,2072,2070,2068,2066,2064,2062,2060,2058,2056,2054 "Odd-8-Z";
946 0 1 938,939 "Odd-24-S-16";
947 0 0 945,2091 "Odd-8-A-7";
948 0 1 947,937 "Odd-8-S-7";
949 0 0 948,2092 "Odd-8-B-6";
950 0 0 948,2093 "Odd-8-A-6";
951 0 1 950,949 "Odd-8-S-6";
952 0 0 951,2094 "Odd-8-B-5";
953 0 0 951,2095 "Odd-8-A-5";
954 0 1 953,952 "Odd-8-S-5";
955 0 0 966,2079 "Odd-24-A-13";
956 0 0 957,2084 "Odd-24-B-10";
957 0 1 958,959 "Odd-24-S-11";
958 0 0 960,2083 "Odd-24-A-11";
959 0 0 960,2082 "Odd-24-B-11";
960 0 1 961,962 "Odd-24-S-12";
961 0 0 963,2081 "Odd-24-A-12";
962 0 0 963,2080 "Odd-24-B-12";
963 0 1 955,965 "Odd-24-S-13";
964 0 0 934,2098 "Odd-9-B-3";
965 0 0 966,2078 "Odd-24-B-13";
966 0 1 967,968 "Odd-24-S-14";
967 0 0 969,2077 "Odd-24-A-14";
968 0 0 969,2076 "Odd-24-B-14";
969 0 1 970,971 "Odd-24-S-15";
970 0 0 946,2075 "Odd-24-A-15";
971 0 0 946,2074 "Odd-24-B-15";
972 0 0 980,2104 "Odd-24-B-0";
973 0 0 995,2099 "Odd-24-A-3";
974 0 1 973,1000 "Odd-24-S-3";
975 0 0 974,2100 "Odd-24-B-2";
976 0 0 974,2101 "Odd-24-A-2";
977 0 1 976,975 "Odd-24-S-2";
978 0 0 977,2102 "Odd-24-B-1";
979 0 0 977,2103 "Odd-24-A-1";
980 0 1 979,978 "Odd-24-S-1";
981 0 1 1638,2086,2084,2082,2080,2078,2076,2074,2072,2070,2068,2066,2064,2062,2060,2058,2056,2054 "Odd-9-Z";
982 0 0 980,2105 "Odd-24-A-0";
983 0 1 982,972 "Odd-24-S-0";
984 0 0 601,2078 "Odd-19-B-13";
985 0 0 601,2079 "Odd-19-A-13";
986 0 1 985,984 "Odd-19-S-13";
987 0 0 986,2080 "Odd-19-B-12";
988 0 0 986,2081 "Odd-19-A-12";
989 0 1 902,912 "Odd-24-S-7";
990 0 0 989,2092 "Odd-24-B-6";
991 0 0 989,2093 "Odd-24-A-6";
992 0 1 991,990 "Odd-24-S-6";
993 0 0 992,2094 "Odd-24-B-5";
994 0 0 981,2088 "Odd-9-B-8";
995 0 1 996,997 "Odd-24-S-4";
996 0 0 998,2097 "Odd-24-A-4";
997 0 0 998,2096 "Odd-24-B-4";
998 0 1 999,993 "Odd-24-S-5";
999 0 0 992,2095 "Odd-24-A-5";
1000 0 0 995,2098 "Odd-24-B-3";
1001 1 1 1003,2099 "Even-21-B-3";
1002 1 0 1010,1023 "Even-21-S-14";
1003 1 0 1004,1005 "Even-21-S-4";
1004 1 1 1007,2096 "Even-21-A-4";
1005 1 1 1007,2097 "Even-21-B-4";
1006 1 1 1014,2082 "Even-21-A-11";
1007 1 0 1035,1034 "Even-21-S-5";
1008 1 1 1003,2098 "Even-21-A-3";
1009 1 0 1008,1001 "Even-21-S-3";
1010 1 1 1022,2076 "Even-21-A-14";
1011 1 1 1002,2079 "Even-21-B-13";
1012 1 0 1061,1062 "Even-21-S-16";
1013 1 1 1014,2083 "Even-21-B-11";
1014 1 0 1015,1018 "Even-21-S-12";
1015 1 1 1017,2080 "Even-21-A-12";
1016 1 1 1002,2078 "Even-21-A-13";
1017 1 0 1016,1011 "Even-21-S-13";
1018 1 1 1017,2081 "Even-21-B-12";
1019 1 1 1027,2091 "Even-21-B-7";
1020 1 1 1012,2075 "Even-21-B-15";
1021 1 1 1012,2074 "Even-21-A-15";
1022 1 0 1021,1020 "Even-21-S-15";
1023 1 1 1022,2077 "Even-21-B-14";
1024 1 0 1059,1058 "Even-21-S-9";
1025 1 1 1024,2089 "Even-21-B-8";
1026 1 1 1024,2088 "Even-21-A-8";
1027 1 0 1026,1025 "Even-21-S-8";
1028 1 1 1050,2066 "Even-20-A-19";
1029 1 1 1027,2090 "Even-21-A-7";
1030 1 0 1029,1019 "Even-21-S-7";
1031 1 1 1030,2093 "Even-21-B-6";
1032 1 1 1030,2092 "Even-21-A-6";
1033 1 0 1032,1031 "Even-21-S-6";
1034 1 1 1033,2095 "Even-21-B-5";
1035 1 1 1033,2094 "Even-21-A-5";
1036 1 0 1044,1043 "Even-21-S-0";
1037 1 1 1009,2101 "Even-21-B-2";
1038 1 1 1009,2100 "Even-21-A-2";
1039 1 0 1038,1037 "Even-21-S-2";
1040 1 1 1039,2103 "Even-21-B-1";
1041 1 1 1039,2102 "Even-21-A-1";
1042 1 0 1041,1040 "Even-21-S-1";
1043 1 1 1042,2105 "Even-21-B-0";
1044 1 1 1042,2104 "Even-21-A-0";
1045 1 1 1060,2067 "Even-21-B-19";
1046 1 1 1047,2065 "Even-21-B-20";
1047 1 0 2032,2061,2059,2057,2055 "Even-21-Z";
1048 1 0 2115,305 "Odd-21-T";
1049 1 0 2117,729 "Odd-20-T";
1050 1 0 2039,2063,2061,2059,2057,2055 "Even-20-Z";
1051 1 1 1047,2064 "Even-21-A-20";
1052 1 1 1050,2067 "Even-20-B-19";
1053 1 1 1761,2097 "Even-18-B-4";
1054 1 0 1064,1065 "Even-21-S-17";
1055 1 1 1063,2085 "Even-21-B-10";
1056 1 1 1063,2084 "Even-21-A-10";
1057 1 0 1056,1055 "Even-21-S-10";
1058 1 1 1057,2087 "Even-21-B-9";
1059 1 1 1057,2086 "Even-21-A-9";
1060 1 0 1051,1046 "Even-21-S-20";
1061 1 1 1054,2072 "Even-21-A-16";
1062 1 1 1054,2073 "Even-21-B-16";
1063 1 0 1006,1013 "Even-21-S-11";
1064 1 1 1066,2070 "Even-21-A-17";
1065 1 1 1066,2071 "Even-21-B-17";
1066 1 0 1067,1068 "Even-21-S-18";
1067 1 1 1069,2068 "Even-21-A-18";
1068 1 1 1069,2069 "Even-21-B-18";
1069 1 0 1070,1045 "Even-21-S-19";
1070 1 1 1060,2066 "Even-21-A-19";
1071 1 0 1080,1079 "Even-24-S-17";
1072 1 0 1081,1107 "Even-24-S-20";
1073 1 1 1072,2067 "Even-24-B-19";
1074 1 1 1072,2066 "Even-24-A-19";
1075 1 0 1074,1073 "Even-24-S-19";
1076 1 1 1075,2069 "Even-24-B-18";
1077 1 1 1075,2068 "Even-24-A-18";
1078 1 0 1077,1076 "Even-24-S-18";
1079 1 1 1078,2071 "Even-24-B-17";
1080 1 1 1078,2070 "Even-24-A-17";
1081 1 1 1106,2064 "Even-24-A-20";
1082 1 1 1071,2073 "Even-24-B-16";
1083 1 1 1071,2072 "Even-24-A-16";
1084 1 0 1083,1082 "Even-24-S-16";
1085 1 1 1084,2075 "Even-24-B-15";
1086 1 1 1084,2074 "Even-24-A-15";
1087 1 0 1086,1085 "Even-24-S-15";
1088 1 1 1087,2077 "Even-24-B-14";
1089 1 1 1087,2076 "Even-24-A-14";
1090 1 1 1097,2058 "Even-24-A-23";
1091 1 1 1197,2102 "Even-25-A-1";
1092 1 0 1091,1135 "Even-25-S-1";
1093 1 1 1092,2105 "Even-25-B-0";
1094 1 1 1092,2104 "Even-25-A-0";
1095 1 0 1094,1093 "Even-25-S-0";
1096 1 0 2109,983 "Odd-24-T";
1097 1 0 2043,2055 "Even-24-Z";
1098 1 1 1097,2059 "Even-24-B-23";
1099 1 0 1089,1088 "Even-24-S-14";
1100 1 0 1090,1098 "Even-24-S-23";
1101 1 1 1100,2061 "Even-24-B-22";
1102 1 1 1100,2060 "Even-24-A-22";
1103 1 0 1102,1101 "Even-24-S-22";
1104 1 1 1103,2063 "Even-24-B-21";
1105 1 1 1103,2062 "Even-24-A-21";
1106 1 0 1105,1104 "Even-24-S-21";
1107 1 1 1106,2065 "Even-24-B-20";
1108 1 0 1116,1115 "Even-24-S-5";
1109 1 1 1117,2091 "Even-24-B-7";
1110 1 1 1117,2090 "Even-24-A-7";
1111 1 0 1110,1109 "Even-24-S-7";
1112 1 1 1111,2093 "Even-24-B-6";
1113 1 1 1111,2092 "Even-24-A-6";
1114 1 0 1113,1112 "Even-24-S-6";
1115 1 1 1114,2095 "Even-24-B-5";
1116 1 1 1114,2094 "Even-24-A-5";
1117 1 0 1143,1142 "Even-24-S-8";
1118 1 1 1108,2097 "Even-24-B-4";
1119 1 1 1108,2096 "Even-24-A-4";
1120 1 0 1119,1118 "Even-24-S-4";
1121 1 1 1120,2099 "Even-24-B-3";
1122 1 1 1120,2098 "Even-24-A-3";
1123 1 0 1122,1121 "Even-24-S-3";
1124 1 1 1123,2101 "Even-24-B-2";
1125 1 1 1123,2100 "Even-24-A-2";
1126 1 0 1134,1133 "Even-24-S-11";
1127 1 1 1099,2079 "Even-24-B-13";
1128 1 1 1099,2078 "Even-24-A-13";
1129 1 0 1128,1127 "Even-24-S-13";
1130 1 1 1129,2081 "Even-24-B-12";
1131 1 1 1129,2080 "Even-24-A-12";
1132 1 0 1131,1130 "Even-24-S-12";
1133 1 1 1132,2083 "Even-24-B-11";
1134 1 1 1132,2082 "Even-24-A-11";
1135 1 1 1197,2103 "Even-25-B-1";
1136 1 1 1126,2085 "Even-24-B-10";
1137 1 1 1126,2084 "Even-24-A-10";
1138 1 0 1137,1136 "Even-24-S-10";
1139 1 1 1138,2087 "Even-24-B-9";
1140 1 1 1138,2086 "Even-24-A-9";
1141 1 0 1140,1139 "Even-24-S-9";
1142 1 1 1141,2089 "Even-24-B-8";
1143 1 1 1141,2088 "Even-24-A-8";
1144 1 1 1152,2073 "Even-25-B-16";
1145 1 1 1179,2066 "Even-25-A-19";
1146 1 0 1145,1153 "Even-25-S-19";
1147 1 1 1146,2069 "Even-25-B-18";
1148 1 1 1146,2068 "Even-25-A-18";
1149 1 0 1148,1147 "Even-25-S-18";
1150 1 1 1149,2071 "Even-25-B-17";
1151 1 1 1149,2070 "Even-25-A-17";
1152 1 0 1151,1150 "Even-25-S-17";
1153 1 1 1179,2067 "Even-25-B-19";
1154 1 1 1152,2072 "Even-25-A-16";
1155 1 0 1154,1144 "Even-25-S-16";
1156 1 1 1155,2075 "Even-25-B-15";
1157 1 1 1155,2074 "Even-25-A-15";
1158 1 0 1157,1156 "Even-25-S-15";
1159 1 1 1158,2077 "Even-25-B-14";
1160 1 1 1158,2076 "Even-25-A-14";
1161 1 0 1160,1159 "Even-25-S-14";
1162 1 1 1170,2061 "Even-25-B-22";
1163 1 0 2107,730 "Odd-25-T";
1164 1 0 2046 "Even-25-Z";
1165 1 1 1164,2057 "Even-25-B-24";
1166 1 1 1164,2056 "Even-25-A-24";
1167 1 0 1166,1165 "Even-25-S-24";
1168 1 1 1167,2059 "Even-25-B-23";
1169 1 1 1167,2058 "Even-25-A-23";
1170 1 0 1169,1168 "Even-25-S-23";
1171 1 1 1161,2079 "Even-25-B-13";
1172 1 1 1170,2060 "Even-25-A-22";
1173 1 0 1172,1162 "Even-25-S-22";
1174 1 1 1173,2063 "Even-25-B-21";
1175 1 1 1173,2062 "Even-25-A-21";
1176 1 0 1175,1174 "Even-25-S-21";
1177 1 1 1176,2065 "Even-25-B-20";
1178 1 1 1176,2064 "Even-25-A-20";
1179 1 0 1178,1177 "Even-25-S-20";
1180 1 1 1188,2097 "Even-25-B-4";
1181 1 1 1215,2090 "Even-25-A-7";
1182 1 0 1181,1189 "Even-25-S-7";
1183 1 1 1182,2093 "Even-25-B-6";
1184 1 1 1182,2092 "Even-25-A-6";
1185 1 0 1184,1183 "Even-25-S-6";
1186 1 1 1185,2095 "Even-25-B-5";
1187 1 1 1185,2094 "Even-25-A-5";
1188 1 0 1187,1186 "Even-25-S-5";
1189 1 1 1215,2091 "Even-25-B-7";
1190 1 1 1188,2096 "Even-25-A-4";
1191 1 0 1190,1180 "Even-25-S-4";
1192 1 1 1191,2099 "Even-25-B-3";
1193 1 1 1191,2098 "Even-25-A-3";
1194 1 0 1193,1192 "Even-25-S-3";
1195 1 1 1194,2101 "Even-25-B-2";
1196 1 1 1194,2100 "Even-25-A-2";
1197 1 0 1196,1195 "Even-25-S-2";
1198 1 1 1206,2085 "Even-25-B-10";
1199 1 1 1161,2078 "Even-25-A-13";
1200 1 0 1199,1171 "Even-25-S-13";
1201 1 1 1200,2081 "Even-25-B-12";
1202 1 1 1200,2080 "Even-25-A-12";
1203 1 0 1202,1201 "Even-25-S-12";
1204 1 1 1203,2083 "Even-25-B-11";
1205 1 1 1203,2082 "Even-25-A-11";
1206 1 0 1205,1204 "Even-25-S-11";
1207 1 0 1125,1124 "Even-24-S-2";
1208 1 1 1206,2084 "Even-25-A-10";
1209 1 0 1208,1198 "Even-25-S-10";
1210 1 1 1209,2087 "Even-25-B-9";
1211 1 1 1209,2086 "Even-25-A-9";
1212 1 0 1211,1210 "Even-25-S-9";
1213 1 1 1212,2089 "Even-25-B-8";
1214 1 1 1212,2088 "Even-25-A-8";
1215 1 0 1214,1213 "Even-25-S-8";
1216 1 0 1225,1224 "Even-22-S-15";
1217 1 0 1226,1252 "Even-22-S-18";
1218 1 1 1217,2071 "Even-22-B-17";
1219 1 1 1217,2070 "Even-22-A-17";
1220 1 0 1219,1218 "Even-22-S-17";
1221 1 1 1220,2073 "Even-22-B-16";
1222 1 1 1220,2072 "Even-22-A-16";
1223 1 0 1222,1221 "Even-22-S-16";
1224 1 1 1223,2075 "Even-22-B-15";
1225 1 1 1223,2074 "Even-22-A-15";
1226 1 1 1251,2068 "Even-22-A-18";
1227 1 1 1216,2077 "Even-22-B-14";
1228 1 1 1216,2076 "Even-22-A-14";
1229 1 0 1228,1227 "Even-22-S-14";
1230 1 1 1229,2079 "Even-22-B-13";
1231 1 1 1229,2078 "Even-22-A-13";
1232 1 0 1231,1230 "Even-22-S-13";
1233 1 1 1232,2081 "Even-22-B-12";
1234 1 1 1232,2080 "Even-22-A-12";
1235 1 1 1242,2062 "Even-22-A-21";
1236 1 1 1342,2102 "Even-23-A-1";
1237 1 0 1236,1280 "Even-23-S-1";
1238 1 1 1237,2105 "Even-23-B-0";
1239 1 1 1237,2104 "Even-23-A-0";
1240 1 0 1239,1238 "Even-23-S-0";
1241 1 0 2113,496 "Odd-22-T";
1242 1 0 2045,2059,2057,2055 "Even-22-Z";
1243 1 1 1242,2063 "Even-22-B-21";
1244 1 0 1234,1233 "Even-22-S-12";
1245 1 0 1235,1243 "Even-22-S-21";
1246 1 1 1245,2065 "Even-22-B-20";
1247 1 1 1245,2064 "Even-22-A-20";
1248 1 0 1247,1246 "Even-22-S-20";
1249 1 1 1248,2067 "Even-22-B-19";
1250 1 1 1248,2066 "Even-22-A-19";
1251 1 0 1250,1249 "Even-22-S-19";
1252 1 1 1251,2069 "Even-22-B-18";
1253 1 0 1261,1260 "Even-22-S-3";
1254 1 1 1262,2095 "Even-22-B-5";
1255 1 1 1262,2094 "Even-22-A-5";
1256 1 0 1255,1254 "Even-22-S-5";
1257 1 1 1256,2097 "Even-22-B-4";
1258 1 1 1256,2096 "Even-22-A-4";
1259 1 0 1258,1257 "Even-22-S-4";
1260 1 1 1259,2099 "Even-22-B-3";
1261 1 1 1259,2098 "Even-22-A-3";
1262 1 0 1288,1287 "Even-22-S-6";
1263 1 1 1253,2101 "Even-22-B-2";
1264 1 1 1253,2100 "Even-22-A-2";
1265 1 0 1264,1263 "Even-22-S-2";
1266 1 1 1265,2103 "Even-22-B-1";
1267 1 1 1265,2102 "Even-22-A-1";
1268 1 0 1267,1266 "Even-22-S-1";
1269 1 1 1268,2105 "Even-22-B-0";
1270 1 1 1268,2104 "Even-22-A-0";
1271 1 0 1279,1278 "Even-22-S-9";
1272 1 1 1244,2083 "Even-22-B-11";
1273 1 1 1244,2082 "Even-22-A-11";
1274 1 0 1273,1272 "Even-22-S-11";
1275 1 1 1274,2085 "Even-22-B-10";
1276 1 1 1274,2084 "Even-22-A-10";
1277 1 0 1276,1275 "Even-22-S-10";
1278 1 1 1277,2087 "Even-22-B-9";
1279 1 1 1277,2086 "Even-22-A-9";
1280 1 1 1342,2103 "Even-23-B-1";
1281 1 1 1271,2089 "Even-22-B-8";
1282 1 1 1271,2088 "Even-22-A-8";
1283 1 0 1282,1281 "Even-22-S-8";
1284 1 1 1283,2091 "Even-22-B-7";
1285 1 1 1283,2090 "Even-22-A-7";
1286 1 0 1285,1284 "Even-22-S-7";
1287 1 1 1286,2093 "Even-22-B-6";
1288 1 1 1286,2092 "Even-22-A-6";
1289 1 1 1297,2073 "Even-23-B-16";
1290 1 1 1324,2066 "Even-23-A-19";
1291 1 0 1290,1298 "Even-23-S-19";
1292 1 1 1291,2069 "Even-23-B-18";
1293 1 1 1291,2068 "Even-23-A-18";
1294 1 0 1293,1292 "Even-23-S-18";
1295 1 1 1294,2071 "Even-23-B-17";
1296 1 1 1294,2070 "Even-23-A-17";
1297 1 0 1296,1295 "Even-23-S-17";
1298 1 1 1324,2067 "Even-23-B-19";
1299 1 1 1297,2072 "Even-23-A-16";
1300 1 0 1299,1289 "Even-23-S-16";
1301 1 1 1300,2075 "Even-23-B-15";
1302 1 1 1300,2074 "Even-23-A-15";
1303 1 0 1302,1301 "Even-23-S-15";
1304 1 1 1303,2077 "Even-23-B-14";
1305 1 1 1303,2076 "Even-23-A-14";
1306 1 0 1305,1304 "Even-23-S-14";
1307 1 1 1315,2061 "Even-23-B-22";
1308 1 1 1207,2103 "Even-24-B-1";
1309 1 1 1207,2102 "Even-24-A-1";
1310 1 0 1309,1308 "Even-24-S-1";
1311 1 1 1310,2105 "Even-24-B-0";
1312 1 1 1310,2104 "Even-24-A-0";
1313 1 0 1312,1311 "Even-24-S-0";
1314 1 0 2111,198 "Odd-23-T";
1315 1 0 2028,2057,2055 "Even-23-Z";
1316 1 1 1306,2079 "Even-23-B-13";
1317 1 1 1315,2060 "Even-23-A-22";
1318 1 0 1317,1307 "Even-23-S-22";
1319 1 1 1318,2063 "Even-23-B-21";
1320 1 1 1318,2062 "Even-23-A-21";
1321 1 0 1320,1319 "Even-23-S-21";
1322 1 1 1321,2065 "Even-23-B-20";
1323 1 1 1321,2064 "Even-23-A-20";
1324 1 0 1323,1322 "Even-23-S-20";
1325 1 1 1333,2097 "Even-23-B-4";
1326 1 1 1360,2090 "Even-23-A-7";
1327 1 0 1326,1334 "Even-23-S-7";
1328 1 1 1327,2093 "Even-23-B-6";
1329 1 1 1327,2092 "Even-23-A-6";
1330 1 0 1329,1328 "Even-23-S-6";
1331 1 1 1330,2095 "Even-23-B-5";
1332 1 1 1330,2094 "Even-23-A-5";
1333 1 0 1332,1331 "Even-23-S-5";
1334 1 1 1360,2091 "Even-23-B-7";
1335 1 1 1333,2096 "Even-23-A-4";
1336 1 0 1335,1325 "Even-23-S-4";
1337 1 1 1336,2099 "Even-23-B-3";
1338 1 1 1336,2098 "Even-23-A-3";
1339 1 0 1338,1337 "Even-23-S-3";
1340 1 1 1339,2101 "Even-23-B-2";
1341 1 1 1339,2100 "Even-23-A-2";
1342 1 0 1341,1340 "Even-23-S-2";
1343 1 1 1351,2085 "Even-23-B-10";
1344 1 1 1306,2078 "Even-23-A-13";
1345 1 0 1344,1316 "Even-23-S-13";
1346 1 1 1345,2081 "Even-23-B-12";
1347 1 1 1345,2080 "Even-23-A-12";
1348 1 0 1347,1346 "Even-23-S-12";
1349 1 1 1348,2083 "Even-23-B-11";
1350 1 1 1348,2082 "Even-23-A-11";
1351 1 0 1350,1349 "Even-23-S-11";
1352 1 0 1270,1269 "Even-22-S-0";
1353 1 1 1351,2084 "Even-23-A-10";
1354 1 0 1353,1343 "Even-23-S-10";
1355 1 1 1354,2087 "Even-23-B-9";
1356 1 1 1354,2086 "Even-23-A-9";
1357 1 0 1356,1355 "Even-23-S-9";
1358 1 1 1357,2089 "Even-23-B-8";
1359 1 1 1357,2088 "Even-23-A-8";
1360 1 0 1359,1358 "Even-23-S-8";
1361 1 0 1372,1371 "Even-12-S-3";
1362 1 1 1373,2093 "Even-12-B-6";
1363 1 1 1373,2092 "Even-12-A-6";
1364 1 0 1363,1362 "Even-12-S-6";
1365 1 1 1364,2095 "Even-12-B-5";
1366 1 1 1364,2094 "Even-12-A-5";
1367 1 0 1366,1365 "Even-12-S-5";
1368 1 1 1367,2097 "Even-12-B-4";
1369 1 1 1367,2096 "Even-12-A-4";
1370 1 0 1369,1368 "Even-12-S-4";
1371 1 1 1370,2099 "Even-12-B-3";
1372 1 1 1370,2098 "Even-12-A-3";
1373 1 0 1405,1404 "Even-12-S-7";
1374 1 1 1361,2101 "Even-12-B-2";
1375 1 1 1361,2100 "Even-12-A-2";
1376 1 0 1375,1374 "Even-12-S-2";
1377 1 1 1376,2103 "Even-12-B-1";
1378 1 1 1376,2102 "Even-12-A-1";
1379 1 0 1378,1377 "Even-12-S-1";
1380 1 1 1379,2105 "Even-12-B-0";
1381 1 1 1379,2104 "Even-12-A-0";
1382 1 0 1381,1380 "Even-12-S-0";
1383 1 0 2135,891 "Odd-11-T";
1384 1 1 1394,2085 "Even-12-B-10";
1385 1 1 1515,2102 "Even-13-A-1";
1386 1 0 1385,1439 "Even-13-S-1";
1387 1 1 1386,2105 "Even-13-B-0";
1388 1 1 1386,2104 "Even-13-A-0";
1389 1 0 1388,1387 "Even-13-S-0";
1390 1 0 2133,501 "Odd-12-T";
1391 1 0 2042,2079,2077,2075,2073,2071,2069,2067,2065,2063,2061,2059,2057,2055 "Even-12-Z";
1392 1 1 1391,2083 "Even-12-B-11";
1393 1 1 1391,2082 "Even-12-A-11";
1394 1 0 1393,1392 "Even-12-S-11";
1395 1 0 2049,2081,2079,2077,2075,2073,2071,2069,2067,2065,2063,2061,2059,2057,2055 "Even-11-Z";
1396 1 1 1394,2084 "Even-12-A-10";
1397 1 0 1396,1384 "Even-12-S-10";
1398 1 1 1397,2087 "Even-12-B-9";
1399 1 1 1397,2086 "Even-12-A-9";
1400 1 0 1399,1398 "Even-12-S-9";
1401 1 1 1400,2089 "Even-12-B-8";
1402 1 1 1400,2088 "Even-12-A-8";
1403 1 0 1402,1401 "Even-12-S-8";
1404 1 1 1403,2091 "Even-12-B-7";
1405 1 1 1403,2090 "Even-12-A-7";
1406 1 0 1416,1415 "Even-11-S-0";
1407 1 1 1449,2098 "Even-11-A-3";
1408 1 0 1407,1417 "Even-11-S-3";
1409 1 1 1408,2101 "Even-11-B-2";
1410 1 1 1408,2100 "Even-11-A-2";
1411 1 0 1410,1409 "Even-11-S-2";
1412 1 1 1411,2103 "Even-11-B-1";
1413 1 1 1411,2102 "Even-11-A-1";
1414 1 0 1413,1412 "Even-11-S-1";
1415 1 1 1414,2105 "Even-11-B-0";
1416 1 1 1414,2104 "Even-11-A-0";
1417 1 1 1449,2099 "Even-11-B-3";
1418 1 0 2137,829 "Odd-10-T";
1419 1 0 2044,2083,2081,2079,2077,2075,2073,2071,2069,2067,2065,2063,2061,2059,2057,2055 "Even-10-Z";
1420 1 1 1419,2087 "Even-10-B-9";
1421 1 1 1419,2086 "Even-10-A-9";
1422 1 0 1421,1420 "Even-10-S-9";
1423 1 1 1422,2089 "Even-10-B-8";
1424 1 1 1422,2088 "Even-10-A-8";
1425 1 0 1424,1423 "Even-10-S-8";
1426 1 1 1425,2091 "Even-10-B-7";
1427 1 1 1425,2090 "Even-10-A-7";
1428 1 1 1437,2090 "Even-11-A-7";
1429 1 1 1395,2085 "Even-11-B-10";
1430 1 1 1395,2084 "Even-11-A-10";
1431 1 0 1430,1429 "Even-11-S-10";
1432 1 1 1431,2087 "Even-11-B-9";
1433 1 1 1431,2086 "Even-11-A-9";
1434 1 0 1433,1432 "Even-11-S-9";
1435 1 1 1434,2089 "Even-11-B-8";
1436 1 1 1434,2088 "Even-11-A-8";
1437 1 0 1436,1435 "Even-11-S-8";
1438 1 1 1437,2091 "Even-11-B-7";
1439 1 1 1515,2103 "Even-13-B-1";
1440 1 0 1428,1438 "Even-11-S-7";
1441 1 1 1440,2093 "Even-11-B-6";
1442 1 1 1440,2092 "Even-11-A-6";
1443 1 0 1442,1441 "Even-11-S-6";
1444 1 1 1443,2095 "Even-11-B-5";
1445 1 1 1443,2094 "Even-11-A-5";
1446 1 0 1445,1444 "Even-11-S-5";
1447 1 1 1446,2097 "Even-11-B-4";
1448 1 1 1446,2096 "Even-11-A-4";
1449 1 0 1448,1447 "Even-11-S-4";
1450 1 1 1459,2092 "Even-14-A-6";
1451 1 1 1461,2087 "Even-14-B-9";
1452 1 1 1461,2086 "Even-14-A-9";
1453 1 0 1452,1451 "Even-14-S-9";
1454 1 1 1453,2089 "Even-14-B-8";
1455 1 1 1453,2088 "Even-14-A-8";
1456 1 0 1455,1454 "Even-14-S-8";
1457 1 1 1456,2091 "Even-14-B-7";
1458 1 1 1456,2090 "Even-14-A-7";
1459 1 0 1458,1457 "Even-14-S-7";
1460 1 1 1459,2093 "Even-14-B-6";
1461 1 0 1493,1492 "Even-14-S-10";
1462 1 0 1450,1460 "Even-14-S-6";
1463 1 1 1462,2095 "Even-14-B-5";
1464 1 1 1462,2094 "Even-14-A-5";
1465 1 0 1464,1463 "Even-14-S-5";
1466 1 1 1465,2097 "Even-14-B-4";
1467 1 1 1465,2096 "Even-14-A-4";
1468 1 0 1467,1466 "Even-14-S-4";
1469 1 1 1468,2099 "Even-14-B-3";
1470 1 1 1468,2098 "Even-14-A-3";
1471 1 0 1470,1469 "Even-14-S-3";
1472 1 1 1482,2079 "Even-14-B-13";
1473 1 1 1882,2100 "Even-15-A-2";
1474 1 0 1473,1982 "Even-15-S-2";
1475 1 1 1474,2103 "Even-15-B-1";
1476 1 1 1474,2102 "Even-15-A-1";
1477 1 0 1476,1475 "Even-15-S-1";
1478 1 1 1477,2105 "Even-15-B-0";
1479 1 1 1477,2104 "Even-15-A-0";
1480 1 0 1479,1478 "Even-15-S-0";
1481 1 0 2129,62 "Odd-14-T";
1482 1 0 2038,2075,2073,2071,2069,2067,2065,2063,2061,2059,2057,2055 "Even-14-Z";
1483 1 1 1471,2101 "Even-14-B-2";
1484 1 1 1482,2078 "Even-14-A-13";
1485 1 0 1484,1472 "Even-14-S-13";
1486 1 1 1485,2081 "Even-14-B-12";
1487 1 1 1485,2080 "Even-14-A-12";
1488 1 0 1487,1486 "Even-14-S-12";
1489 1 1 1488,2083 "Even-14-B-11";
1490 1 1 1488,2082 "Even-14-A-11";
1491 1 0 1490,1489 "Even-14-S-11";
1492 1 1 1491,2085 "Even-14-B-10";
1493 1 1 1491,2084 "Even-14-A-10";
1494 1 1 1503,2094 "Even-13-A-5";
1495 1 1 1505,2089 "Even-13-B-8";
1496 1 1 1505,2088 "Even-13-A-8";
1497 1 0 1496,1495 "Even-13-S-8";
1498 1 1 1497,2091 "Even-13-B-7";
1499 1 1 1497,2090 "Even-13-A-7";
1500 1 0 1499,1498 "Even-13-S-7";
1501 1 1 1500,2093 "Even-13-B-6";
1502 1 1 1500,2092 "Even-13-A-6";
1503 1 0 1502,1501 "Even-13-S-6";
1504 1 1 1503,2095 "Even-13-B-5";
1505 1 0 1537,1536 "Even-13-S-9";
1506 1 0 1494,1504 "Even-13-S-5";
1507 1 1 1506,2097 "Even-13-B-4";
1508 1 1 1506,2096 "Even-13-A-4";
1509 1 0 1508,1507 "Even-13-S-4";
1510 1 1 1509,2099 "Even-13-B-3";
1511 1 1 1509,2098 "Even-13-A-3";
1512 1 0 1511,1510 "Even-13-S-3";
1513 1 1 1512,2101 "Even-13-B-2";
1514 1 1 1512,2100 "Even-13-A-2";
1515 1 0 1514,1513 "Even-13-S-2";
1516 1 1 1526,2081 "Even-13-B-12";
1517 1 1 1471,2100 "Even-14-A-2";
1518 1 0 1517,1483 "Even-14-S-2";
1519 1 1 1518,2103 "Even-14-B-1";
1520 1 1 1518,2102 "Even-14-A-1";
1521 1 0 1520,1519 "Even-14-S-1";
1522 1 1 1521,2105 "Even-14-B-0";
1523 1 1 1521,2104 "Even-14-A-0";
1524 1 0 1523,1522 "Even-14-S-0";
1525 1 0 2131,199 "Odd-13-T";
1526 1 0 2053,2077,2075,2073,2071,2069,2067,2065,2063,2061,2059,2057,2055 "Even-13-Z";
1527 1 0 1427,1426 "Even-10-S-7";
1528 1 1 1526,2080 "Even-13-A-12";
1529 1 0 1528,1516 "Even-13-S-12";
1530 1 1 1529,2083 "Even-13-B-11";
1531 1 1 1529,2082 "Even-13-A-11";
1532 1 0 1531,1530 "Even-13-S-11";
1533 1 1 1532,2085 "Even-13-B-10";
1534 1 1 1532,2084 "Even-13-A-10";
1535 1 0 1534,1533 "Even-13-S-10";
1536 1 1 1535,2087 "Even-13-B-9";
1537 1 1 1535,2086 "Even-13-A-9";
1538 1 1 1549,2097 "Even-5-B-4";
1539 1 1 1550,2101 "Even-6-B-2";
1540 1 1 1550,2100 "Even-6-A-2";
1541 1 0 1540,1539 "Even-6-S-2";
1542 1 1 1541,2103 "Even-6-B-1";
1543 1 1 1541,2102 "Even-6-A-1";
1544 1 0 1543,1542 "Even-6-S-1";
1545 1 1 1544,2105 "Even-6-B-0";
1546 1 1 1544,2104 "Even-6-A-0";
1547 1 0 1546,1545 "Even-6-S-0";
1548 1 0 2147,723 "Odd-5-T";
1549 1 0 2040,2093,2091,2089,2087,2085,2083,2081,2079,2077,2075,2073,2071,2069,2067,2065,2063,2061,2059,2057,2055 "Even-5-Z";
1550 1 0 1582,1581 "Even-6-S-3";
1551 1 1 1549,2096 "Even-5-A-4";
1552 1 0 1551,1538 "Even-5-S-4";
1553 1 1 1552,2099 "Even-5-B-3";
1554 1 1 1552,2098 "Even-5-A-3";
1555 1 0 1554,1553 "Even-5-S-3";
1556 1 1 1555,2101 "Even-5-B-2";
1557 1 1 1555,2100 "Even-5-A-2";
1558 1 0 1557,1556 "Even-5-S-2";
1559 1 1 1558,2103 "Even-5-B-1";
1560 1 1 1558,2102 "Even-5-A-1";
1561 1 0 1571,1570 "Even-7-S-0";
1562 1 1 1692,2098 "Even-7-A-3";
1563 1 0 1562,1616 "Even-7-S-3";
1564 1 1 1563,2101 "Even-7-B-2";
1565 1 1 1563,2100 "Even-7-A-2";
1566 1 0 1565,1564 "Even-7-S-2";
1567 1 1 1566,2103 "Even-7-B-1";
1568 1 1 1566,2102 "Even-7-A-1";
1569 1 0 1568,1567 "Even-7-S-1";
1570 1 1 1569,2105 "Even-7-B-0";
1571 1 1 1569,2104 "Even-7-A-0";
1572 1 0 1560,1559 "Even-5-S-1";
1573 1 0 2145,580 "Odd-6-T";
1574 1 0 2029,2091,2089,2087,2085,2083,2081,2079,2077,2075,2073,2071,2069,2067,2065,2063,2061,2059,2057,2055 "Even-6-Z";
1575 1 1 1574,2095 "Even-6-B-5";
1576 1 1 1574,2094 "Even-6-A-5";
1577 1 0 1576,1575 "Even-6-S-5";
1578 1 1 1577,2097 "Even-6-B-4";
1579 1 1 1577,2096 "Even-6-A-4";
1580 1 0 1579,1578 "Even-6-S-4";
1581 1 1 1580,2099 "Even-6-B-3";
1582 1 1 1580,2098 "Even-6-A-3";
1583 1 0 1593,1592 "Even-2-S-1";
1584 1 1 1594,2103 "Even-3-B-1";
1585 1 1 1594,2102 "Even-3-A-1";
1586 1 0 1585,1584 "Even-3-S-1";
1587 1 1 1586,2105 "Even-3-B-0";
1588 1 1 1586,2104 "Even-3-A-0";
1589 1 0 1588,1587 "Even-3-S-0";
1590 1 0 2153,670 "Odd-2-T";
1591 1 0 2036,2099,2097,2095,2093,2091,2089,2087,2085,2083,2081,2079,2077,2075,2073,2071,2069,2067,2065,2063,2061,2059,2057,2055 "Even-2-Z";
1592 1 1 1591,2103 "Even-2-B-1";
1593 1 1 1591,2102 "Even-2-A-1";
1594 1 0 1626,1625 "Even-3-S-2";
1595 1 1 1583,2105 "Even-2-B-0";
1596 1 1 1583,2104 "Even-2-A-0";
1597 1 0 1596,1595 "Even-2-S-0";
1598 1 0 2155,721 "Odd-1-T";
1599 1 0 2033,2101,2099,2097,2095,2093,2091,2089,2087,2085,2083,2081,2079,2077,2075,2073,2071,2069,2067,2065,2063,2061,2059,2057,2055 "Even-1-Z";
1600 1 1 1599,2105 "Even-1-B-0";
1601 1 1 1599,2104 "Even-1-A-0";
1602 1 0 1601,1600 "Even-1-S-0";
1603 1 0 2157,698 "Odd-0-T";
1604 1 0 2030,2103,2101,2099,2097,2095,2093,2091,2089,2087,2085,2083,2081,2079,2077,2075,2073,2071,2069,2067,2065,2063,2061,2059,2057,2055 "Even-0-Z";
1605 1 0 1615,1614 "Even-4-S-2";
1606 1 1 1572,2105 "Even-5-B-0";
1607 1 1 1572,2104 "Even-5-A-0";
1608 1 0 1607,1606 "Even-5-S-0";
1609 1 0 2149,788 "Odd-4-T";
1610 1 0 2034,2095,2093,2091,2089,2087,2085,2083,2081,2079,2077,2075,2073,2071,2069,2067,2065,2063,2061,2059,2057,2055 "Even-4-Z";
1611 1 1 1610,2099 "Even-4-B-3";
1612 1 1 1610,2098 "Even-4-A-3";
1613 1 0 1612,1611 "Even-4-S-3";
1614 1 1 1613,2101 "Even-4-B-2";
1615 1 1 1613,2100 "Even-4-A-2";
1616 1 1 1692,2099 "Even-7-B-3";
1617 1 1 1605,2103 "Even-4-B-1";
1618 1 1 1605,2102 "Even-4-A-1";
1619 1 0 1618,1617 "Even-4-S-1";
1620 1 1 1619,2105 "Even-4-B-0";
1621 1 1 1619,2104 "Even-4-A-0";
1622 1 0 1621,1620 "Even-4-S-0";
1623 1 0 2151,681 "Odd-3-T";
1624 1 0 2037,2097,2095,2093,2091,2089,2087,2085,2083,2081,2079,2077,2075,2073,2071,2069,2067,2065,2063,2061,2059,2057,2055 "Even-3-Z";
1625 1 1 1624,2101 "Even-3-B-2";
1626 1 1 1624,2100 "Even-3-A-2";
1627 1 1 1637,2095 "Even-9-B-5";
1628 1 0 2052,2085,2083,2081,2079,2077,2075,2073,2071,2069,2067,2065,2063,2061,2059,2057,2055 "Even-9-Z";
1629 1 1 1628,2089 "Even-9-B-8";
1630 1 1 1628,2088 "Even-9-A-8";
1631 1 0 1630,1629 "Even-9-S-8";
1632 1 1 1631,2091 "Even-9-B-7";
1633 1 1 1631,2090 "Even-9-A-7";
1634 1 0 1633,1632 "Even-9-S-7";
1635 1 1 1634,2093 "Even-9-B-6";
1636 1 1 1634,2092 "Even-9-A-6";
1637 1 0 1636,1635 "Even-9-S-6";
1638 1 0 2139,910 "Odd-9-T";
1639 1 1 1637,2094 "Even-9-A-5";
1640 1 0 1639,1627 "Even-9-S-5";
1641 1 1 1640,2097 "Even-9-B-4";
1642 1 1 1640,2096 "Even-9-A-4";
1643 1 0 1642,1641 "Even-9-S-4";
1644 1 1 1643,2099 "Even-9-B-3";
1645 1 1 1643,2098 "Even-9-A-3";
1646 1 0 1645,1644 "Even-9-S-3";
1647 1 1 1646,2101 "Even-9-B-2";
1648 1 1 1646,2100 "Even-9-A-2";
1649 1 1 1658,2098 "Even-10-A-3";
1650 1 1 1527,2093 "Even-10-B-6";
1651 1 1 1527,2092 "Even-10-A-6";
1652 1 0 1651,1650 "Even-10-S-6";
1653 1 1 1652,2095 "Even-10-B-5";
1654 1 1 1652,2094 "Even-10-A-5";
1655 1 0 1654,1653 "Even-10-S-5";
1656 1 1 1655,2097 "Even-10-B-4";
1657 1 1 1655,2096 "Even-10-A-4";
1658 1 0 1657,1656 "Even-10-S-4";
1659 1 1 1658,2099 "Even-10-B-3";
1660 1 0 1648,1647 "Even-9-S-2";
1661 1 0 1649,1659 "Even-10-S-3";
1662 1 1 1661,2101 "Even-10-B-2";
1663 1 1 1661,2100 "Even-10-A-2";
1664 1 0 1663,1662 "Even-10-S-2";
1665 1 1 1664,2103 "Even-10-B-1";
1666 1 1 1664,2102 "Even-10-A-1";
1667 1 0 1666,1665 "Even-10-S-1";
1668 1 1 1667,2105 "Even-10-B-0";
1669 1 1 1667,2104 "Even-10-A-0";
1670 1 0 1669,1668 "Even-10-S-0";
1671 1 0 2143,636 "Odd-7-T";
1672 1 0 1682,1714 "Even-8-S-3";
1673 1 1 1672,2101 "Even-8-B-2";
1674 1 1 1672,2100 "Even-8-A-2";
1675 1 0 1674,1673 "Even-8-S-2";
1676 1 1 1675,2103 "Even-8-B-1";
1677 1 1 1675,2102 "Even-8-A-1";
1678 1 0 1677,1676 "Even-8-S-1";
1679 1 1 1678,2105 "Even-8-B-0";
1680 1 1 1678,2104 "Even-8-A-0";
1681 1 0 1680,1679 "Even-8-S-0";
1682 1 1 1713,2098 "Even-8-A-3";
1683 1 0 2031,2089,2087,2085,2083,2081,2079,2077,2075,2073,2071,2069,2067,2065,2063,2061,2059,2057,2055 "Even-7-Z";
1684 1 1 1683,2093 "Even-7-B-6";
1685 1 1 1683,2092 "Even-7-A-6";
1686 1 0 1685,1684 "Even-7-S-6";
1687 1 1 1686,2095 "Even-7-B-5";
1688 1 1 1686,2094 "Even-7-A-5";
1689 1 0 1688,1687 "Even-7-S-5";
1690 1 1 1689,2097 "Even-7-B-4";
1691 1 1 1689,2096 "Even-7-A-4";
1692 1 0 1691,1690 "Even-7-S-4";
1693 1 0 1703,1702 "Even-8-S-7";
1694 1 1 1660,2103 "Even-9-B-1";
1695 1 1 1660,2102 "Even-9-A-1";
1696 1 0 1695,1694 "Even-9-S-1";
1697 1 1 1696,2105 "Even-9-B-0";
1698 1 1 1696,2104 "Even-9-A-0";
1699 1 0 1698,1697 "Even-9-S-0";
1700 1 0 2141,617 "Odd-8-T";
1701 1 0 2048,2087,2085,2083,2081,2079,2077,2075,2073,2071,2069,2067,2065,2063,2061,2059,2057,2055 "Even-8-Z";
1702 1 1 1701,2091 "Even-8-B-7";
1703 1 1 1701,2090 "Even-8-A-7";
1704 1 1 1828,2069 "Even-20-B-18";
1705 1 1 1693,2093 "Even-8-B-6";
1706 1 1 1693,2092 "Even-8-A-6";
1707 1 0 1706,1705 "Even-8-S-6";
1708 1 1 1707,2095 "Even-8-B-5";
1709 1 1 1707,2094 "Even-8-A-5";
1710 1 0 1709,1708 "Even-8-S-5";
1711 1 1 1710,2097 "Even-8-B-4";
1712 1 1 1710,2096 "Even-8-A-4";
1713 1 0 1712,1711 "Even-8-S-4";
1714 1 1 1713,2099 "Even-8-B-3";
1715 1 1 1725,2072 "Even-18-A-16";
1716 1 1 1759,2102 "Even-19-A-1";
1717 1 0 1716,1727 "Even-19-S-1";
1718 1 1 1717,2105 "Even-19-B-0";
1719 1 1 1717,2104 "Even-19-A-0";
1720 1 0 1719,1718 "Even-19-S-0";
1721 1 0 2121,512 "Odd-18-T";
1722 1 0 2050,2067,2065,2063,2061,2059,2057,2055 "Even-18-Z";
1723 1 1 1722,2071 "Even-18-B-17";
1724 1 1 1722,2070 "Even-18-A-17";
1725 1 0 1724,1723 "Even-18-S-17";
1726 1 1 1725,2073 "Even-18-B-16";
1727 1 1 1759,2103 "Even-19-B-1";
1728 1 0 1715,1726 "Even-18-S-16";
1729 1 1 1728,2075 "Even-18-B-15";
1730 1 1 1728,2074 "Even-18-A-15";
1731 1 0 1730,1729 "Even-18-S-15";
1732 1 1 1731,2077 "Even-18-B-14";
1733 1 1 1731,2076 "Even-18-A-14";
1734 1 0 1733,1732 "Even-18-S-14";
1735 1 1 1734,2079 "Even-18-B-13";
1736 1 1 1734,2078 "Even-18-A-13";
1737 1 0 1736,1735 "Even-18-S-13";
1738 1 1 1747,2094 "Even-19-A-5";
1739 1 1 1793,2089 "Even-19-B-8";
1740 1 1 1793,2088 "Even-19-A-8";
1741 1 0 1740,1739 "Even-19-S-8";
1742 1 1 1741,2091 "Even-19-B-7";
1743 1 1 1741,2090 "Even-19-A-7";
1744 1 0 1743,1742 "Even-19-S-7";
1745 1 1 1744,2093 "Even-19-B-6";
1746 1 1 1744,2092 "Even-19-A-6";
1747 1 0 1746,1745 "Even-19-S-6";
1748 1 1 1747,2095 "Even-19-B-5";
1749 1 1 1737,2081 "Even-18-B-12";
1750 1 0 1738,1748 "Even-19-S-5";
1751 1 1 1750,2097 "Even-19-B-4";
1752 1 1 1750,2096 "Even-19-A-4";
1753 1 0 1752,1751 "Even-19-S-4";
1754 1 1 1753,2099 "Even-19-B-3";
1755 1 1 1753,2098 "Even-19-A-3";
1756 1 0 1755,1754 "Even-19-S-3";
1757 1 1 1756,2101 "Even-19-B-2";
1758 1 1 1756,2100 "Even-19-A-2";
1759 1 0 1758,1757 "Even-19-S-2";
1760 1 1 1769,2102 "Even-18-A-1";
1761 1 0 1771,1803 "Even-18-S-5";
1762 1 1 1761,2096 "Even-18-A-4";
1763 1 0 1762,1053 "Even-18-S-4";
1764 1 1 1763,2099 "Even-18-B-3";
1765 1 1 1763,2098 "Even-18-A-3";
1766 1 0 1765,1764 "Even-18-S-3";
1767 1 1 1766,2101 "Even-18-B-2";
1768 1 1 1766,2100 "Even-18-A-2";
1769 1 0 1768,1767 "Even-18-S-2";
1770 1 1 1769,2103 "Even-18-B-1";
1771 1 1 1802,2094 "Even-18-A-5";
1772 1 0 1760,1770 "Even-18-S-1";
1773 1 1 1772,2105 "Even-18-B-0";
1774 1 1 1772,2104 "Even-18-A-0";
1775 1 0 1774,1773 "Even-18-S-0";
1776 1 0 2123,359 "Odd-17-T";
1777 1 0 2051,2069,2067,2065,2063,2061,2059,2057,2055 "Even-17-Z";
1778 1 1 1777,2073 "Even-17-B-16";
1779 1 1 1777,2072 "Even-17-A-16";
1780 1 0 1779,1778 "Even-17-S-16";
1781 1 1 1780,2075 "Even-17-B-15";
1782 1 0 1792,1791 "Even-18-S-9";
1783 1 1 1737,2080 "Even-18-A-12";
1784 1 0 1783,1749 "Even-18-S-12";
1785 1 1 1784,2083 "Even-18-B-11";
1786 1 1 1784,2082 "Even-18-A-11";
1787 1 0 1786,1785 "Even-18-S-11";
1788 1 1 1787,2085 "Even-18-B-10";
1789 1 1 1787,2084 "Even-18-A-10";
1790 1 0 1789,1788 "Even-18-S-10";
1791 1 1 1790,2087 "Even-18-B-9";
1792 1 1 1790,2086 "Even-18-A-9";
1793 1 0 1870,1869 "Even-19-S-9";
1794 1 1 1782,2089 "Even-18-B-8";
1795 1 1 1782,2088 "Even-18-A-8";
1796 1 0 1795,1794 "Even-18-S-8";
1797 1 1 1796,2091 "Even-18-B-7";
1798 1 1 1796,2090 "Even-18-A-7";
1799 1 0 1798,1797 "Even-18-S-7";
1800 1 1 1799,2093 "Even-18-B-6";
1801 1 1 1799,2092 "Even-18-A-6";
1802 1 0 1801,1800 "Even-18-S-6";
1803 1 1 1802,2095 "Even-18-B-5";
1804 1 1 1815,2091 "Even-20-B-7";
1805 1 1 1848,2082 "Even-20-A-11";
1806 1 0 1805,1816 "Even-20-S-11";
1807 1 1 1806,2085 "Even-20-B-10";
1808 1 1 1806,2084 "Even-20-A-10";
1809 1 0 1808,1807 "Even-20-S-10";
1810 1 1 1809,2087 "Even-20-B-9";
1811 1 1 1809,2086 "Even-20-A-9";
1812 1 0 1811,1810 "Even-20-S-9";
1813 1 1 1812,2089 "Even-20-B-8";
1814 1 1 1812,2088 "Even-20-A-8";
1815 1 0 1814,1813 "Even-20-S-8";
1816 1 1 1848,2083 "Even-20-B-11";
1817 1 1 1815,2090 "Even-20-A-7";
1818 1 0 1817,1804 "Even-20-S-7";
1819 1 1 1818,2093 "Even-20-B-6";
1820 1 1 1818,2092 "Even-20-A-6";
1821 1 0 1820,1819 "Even-20-S-6";
1822 1 1 1821,2095 "Even-20-B-5";
1823 1 1 1821,2094 "Even-20-A-5";
1824 1 0 1823,1822 "Even-20-S-5";
1825 1 1 1824,2097 "Even-20-B-4";
1826 1 1 1824,2096 "Even-20-A-4";
1827 1 1 1836,2074 "Even-20-A-15";
1828 1 0 1028,1052 "Even-20-S-19";
1829 1 1 1828,2068 "Even-20-A-18";
1830 1 0 1829,1704 "Even-20-S-18";
1831 1 1 1830,2071 "Even-20-B-17";
1832 1 1 1830,2070 "Even-20-A-17";
1833 1 0 1832,1831 "Even-20-S-17";
1834 1 1 1833,2073 "Even-20-B-16";
1835 1 1 1833,2072 "Even-20-A-16";
1836 1 0 1835,1834 "Even-20-S-16";
1837 1 1 1836,2075 "Even-20-B-15";
1838 1 0 1826,1825 "Even-20-S-4";
1839 1 0 1827,1837 "Even-20-S-15";
1840 1 1 1839,2077 "Even-20-B-14";
1841 1 1 1839,2076 "Even-20-A-14";
1842 1 0 1841,1840 "Even-20-S-14";
1843 1 1 1842,2079 "Even-20-B-13";
1844 1 1 1842,2078 "Even-20-A-13";
1845 1 0 1844,1843 "Even-20-S-13";
1846 1 1 1845,2081 "Even-20-B-12";
1847 1 1 1845,2080 "Even-20-A-12";
1848 1 0 1847,1846 "Even-20-S-12";
1849 1 1 1859,2081 "Even-19-B-12";
1850 1 0 1860,1892 "Even-19-S-16";
1851 1 1 1850,2075 "Even-19-B-15";
1852 1 1 1850,2074 "Even-19-A-15";
1853 1 0 1852,1851 "Even-19-S-15";
1854 1 1 1853,2077 "Even-19-B-14";
1855 1 1 1853,2076 "Even-19-A-14";
1856 1 0 1855,1854 "Even-19-S-14";
1857 1 1 1856,2079 "Even-19-B-13";
1858 1 1 1856,2078 "Even-19-A-13";
1859 1 0 1858,1857 "Even-19-S-13";
1860 1 1 1891,2072 "Even-19-A-16";
1861 1 1 1859,2080 "Even-19-A-12";
1862 1 0 1861,1849 "Even-19-S-12";
1863 1 1 1862,2083 "Even-19-B-11";
1864 1 1 1862,2082 "Even-19-A-11";
1865 1 0 1864,1863 "Even-19-S-11";
1866 1 1 1865,2085 "Even-19-B-10";
1867 1 1 1865,2084 "Even-19-A-10";
1868 1 0 1867,1866 "Even-19-S-10";
1869 1 1 1868,2087 "Even-19-B-9";
1870 1 1 1868,2086 "Even-19-A-9";
1871 1 1 1880,2104 "Even-20-A-0";
1872 1 1 1838,2099 "Even-20-B-3";
1873 1 1 1838,2098 "Even-20-A-3";
1874 1 0 1873,1872 "Even-20-S-3";
1875 1 1 1874,2101 "Even-20-B-2";
1876 1 1 1874,2100 "Even-20-A-2";
1877 1 0 1876,1875 "Even-20-S-2";
1878 1 1 1877,2103 "Even-20-B-1";
1879 1 1 1877,2102 "Even-20-A-1";
1880 1 0 1879,1878 "Even-20-S-1";
1881 1 1 1880,2105 "Even-20-B-0";
1882 1 0 1983,1988 "Even-15-S-3";
1883 1 0 1871,1881 "Even-20-S-0";
1884 1 0 2119,886 "Odd-19-T";
1885 1 0 2047,2065,2063,2061,2059,2057,2055 "Even-19-Z";
1886 1 1 1885,2069 "Even-19-B-18";
1887 1 1 1885,2068 "Even-19-A-18";
1888 1 0 1887,1886 "Even-19-S-18";
1889 1 1 1888,2071 "Even-19-B-17";
1890 1 1 1888,2070 "Even-19-A-17";
1891 1 0 1890,1889 "Even-19-S-17";
1892 1 1 1891,2073 "Even-19-B-16";
1893 1 1 1904,2104 "Even-16-A-0";
1894 1 0 2125,513 "Odd-16-T";
1895 1 0 2035,2073,2071,2069,2067,2065,2063,2061,2059,2057,2055 "Even-15-Z";
1896 1 0 2127,92 "Odd-15-T";
1897 1 0 2041,2071,2069,2067,2065,2063,2061,2059,2057,2055 "Even-16-Z";
1898 1 1 1897,2075 "Even-16-B-15";
1899 1 1 1897,2074 "Even-16-A-15";
1900 1 0 1899,1898 "Even-16-S-15";
1901 1 0 1893,1903 "Even-16-S-0";
1902 1 1 1895,2077 "Even-15-B-14";
1903 1 1 1904,2105 "Even-16-B-0";
1904 1 0 1909,1910 "Even-16-S-1";
1905 1 1 1900,2077 "Even-16-B-14";
1906 1 1 1900,2076 "Even-16-A-14";
1907 1 0 1906,1905 "Even-16-S-14";
1908 1 1 1907,2079 "Even-16-B-13";
1909 1 1 1947,2102 "Even-16-A-1";
1910 1 1 1947,2103 "Even-16-B-1";
1911 1 1 1921,2083 "Even-15-B-11";
1912 1 1 2016,2102 "Even-17-A-1";
1913 1 0 1912,1977 "Even-17-S-1";
1914 1 1 1913,2105 "Even-17-B-0";
1915 1 0 1956,1914 "Even-17-S-0";
1916 1 1 1918,2084 "Even-15-A-10";
1917 1 1 1918,2085 "Even-15-B-10";
1918 1 0 1919,1911 "Even-15-S-11";
1919 1 1 1921,2082 "Even-15-A-11";
1920 1 1 1907,2078 "Even-16-A-13";
1921 1 0 1922,1923 "Even-15-S-12";
1922 1 1 1924,2080 "Even-15-A-12";
1923 1 1 1924,2081 "Even-15-B-12";
1924 1 0 1925,1926 "Even-15-S-13";
1925 1 1 1927,2078 "Even-15-A-13";
1926 1 1 1927,2079 "Even-15-B-13";
1927 1 0 1928,1902 "Even-15-S-14";
1928 1 1 1895,2076 "Even-15-A-14";
1929 1 1 1937,2095 "Even-16-B-5";
1930 1 1 1963,2088 "Even-16-A-8";
1931 1 0 1930,1938 "Even-16-S-8";
1932 1 1 1931,2091 "Even-16-B-7";
1933 1 1 1931,2090 "Even-16-A-7";
1934 1 0 1933,1932 "Even-16-S-7";
1935 1 1 1934,2093 "Even-16-B-6";
1936 1 1 1934,2092 "Even-16-A-6";
1937 1 0 1936,1935 "Even-16-S-6";
1938 1 1 1963,2089 "Even-16-B-8";
1939 1 1 1937,2094 "Even-16-A-5";
1940 1 0 1939,1929 "Even-16-S-5";
1941 1 1 1940,2097 "Even-16-B-4";
1942 1 1 1940,2096 "Even-16-A-4";
1943 1 0 1942,1941 "Even-16-S-4";
1944 1 1 1943,2099 "Even-16-B-3";
1945 1 1 1943,2098 "Even-16-A-3";
1946 1 0 1945,1944 "Even-16-S-3";
1947 1 0 1957,1958 "Even-16-S-2";
1948 1 0 1920,1908 "Even-16-S-13";
1949 1 1 1948,2081 "Even-16-B-12";
1950 1 1 1948,2080 "Even-16-A-12";
1951 1 0 1950,1949 "Even-16-S-12";
1952 1 1 1951,2083 "Even-16-B-11";
1953 1 1 1951,2082 "Even-16-A-11";
1954 1 0 1953,1952 "Even-16-S-11";
1955 1 1 1954,2085 "Even-16-B-10";
1956 1 1 1913,2104 "Even-17-A-0";
1957 1 1 1946,2100 "Even-16-A-2";
1958 1 1 1946,2101 "Even-16-B-2";
1959 1 1 1954,2084 "Even-16-A-10";
1960 1 0 1959,1955 "Even-16-S-10";
1961 1 1 1960,2087 "Even-16-B-9";
1962 1 1 1960,2086 "Even-16-A-9";
1963 1 0 1962,1961 "Even-16-S-9";
1964 1 0 1972,1971 "Even-17-S-10";
1965 1 1 1973,2081 "Even-17-B-12";
1966 1 1 1973,2080 "Even-17-A-12";
1967 1 0 1966,1965 "Even-17-S-12";
1968 1 1 1967,2083 "Even-17-B-11";
1969 1 1 1967,2082 "Even-17-A-11";
1970 1 0 1969,1968 "Even-17-S-11";
1971 1 1 1970,2085 "Even-17-B-10";
1972 1 1 1970,2084 "Even-17-A-10";
1973 1 0 1996,1992 "Even-17-S-13";
1974 1 1 1964,2087 "Even-17-B-9";
1975 1 0 1976,1978 "Even-15-S-6";
1976 1 1 1979,2092 "Even-15-A-6";
1977 1 1 2016,2103 "Even-17-B-1";
1978 1 1 1979,2093 "Even-15-B-6";
1979 1 0 1980,2001 "Even-15-S-7";
1980 1 1 2008,2090 "Even-15-A-7";
1981 1 1 1994,2096 "Even-15-A-4";
1982 1 1 1882,2101 "Even-15-B-2";
1983 1 1 1989,2098 "Even-15-A-3";
1984 1 1 1780,2074 "Even-17-A-15";
1985 1 0 1984,1781 "Even-17-S-15";
1986 1 1 1985,2077 "Even-17-B-14";
1987 1 1 1985,2076 "Even-17-A-14";
1988 1 1 1989,2099 "Even-15-B-3";
1989 1 0 1981,1993 "Even-15-S-4";
1990 1 1 1964,2086 "Even-17-A-9";
1991 1 0 1987,1986 "Even-17-S-14";
1992 1 1 1991,2079 "Even-17-B-13";
1993 1 1 1994,2097 "Even-15-B-4";
1994 1 0 1995,1997 "Even-15-S-5";
1995 1 1 1975,2094 "Even-15-A-5";
1996 1 1 1991,2078 "Even-17-A-13";
1997 1 1 1975,2095 "Even-15-B-5";
1998 1 1 2010,2086 "Even-15-A-9";
1999 1 1 2025,2094 "Even-17-A-5";
2000 1 0 1999,2024 "Even-17-S-5";
2001 1 1 2008,2091 "Even-15-B-7";
2002 1 1 2005,2088 "Even-15-A-8";
2003 1 1 2005,2089 "Even-15-B-8";
2004 1 1 2000,2097 "Even-17-B-4";
2005 1 0 1998,2009 "Even-15-S-9";
2006 1 1 2000,2096 "Even-17-A-4";
2007 1 0 2006,2004 "Even-17-S-4";
2008 1 0 2002,2003 "Even-15-S-8";
2009 1 1 2010,2087 "Even-15-B-9";
2010 1 0 1916,1917 "Even-15-S-10";
2011 1 1 2007,2099 "Even-17-B-3";
2012 1 1 2007,2098 "Even-17-A-3";
2013 1 0 2012,2011 "Even-17-S-3";
2014 1 1 2013,2101 "Even-17-B-2";
2015 1 1 2013,2100 "Even-17-A-2";
2016 1 0 2015,2014 "Even-17-S-2";
2017 1 0 2023,2022 "Even-17-S-7";
2018 1 0 1990,1974 "Even-17-S-9";
2019 1 1 2018,2089 "Even-17-B-8";
2020 1 1 2018,2088 "Even-17-A-8";
2021 1 0 2020,2019 "Even-17-S-8";
2022 1 1 2021,2091 "Even-17-B-7";
2023 1 1 2021,2090 "Even-17-A-7";
2024 1 1 2025,2095 "Even-17-B-5";
2025 1 0 2027,2026 "Even-17-S-6";
2026 1 1 2017,2093 "Even-17-B-6";
2027 1 1 2017,2092 "Even-17-A-6";
2028 2 1 2110,1240 "Even-23-T";
2029 2 1 2144,1547 "Even-6-T";
2030 2 1 2156,1604 "Even-0-T";
2031 2 1 2142,1561 "Even-7-T";
2032 2 1 2114,1036 "Even-21-T";
2033 2 1 2154,1602 "Even-1-T";
2034 2 1 2148,1622 "Even-4-T";
2035 2 1 2126,1480 "Even-15-T";
2036 2 1 2152,1597 "Even-2-T";
2037 2 1 2150,1589 "Even-3-T";
2038 2 1 2128,1524 "Even-14-T";
2039 2 1 2116,1883 "Even-20-T";
2040 2 1 2146,1608 "Even-5-T";
2041 2 1 2124,1901 "Even-16-T";
2042 2 1 2132,1382 "Even-12-T";
2043 2 1 2108,1313 "Even-24-T";
2044 2 1 2136,1670 "Even-10-T";
2045 2 1 2112,1352 "Even-22-T";
2046 2 1 2106,1095 "Even-25-T";
2047 2 1 2118,1720 "Even-19-T";
2048 2 1 2140,1681 "Even-8-T";
2049 2 1 2134,1406 "Even-11-T";
2050 2 1 2120,1775 "Even-18-T";
2051 2 1 2122,1915 "Even-17-T";
2052 2 1 2138,1699 "Even-9-T";
2053 2 1 2130,1389 "Even-13-T";
2054 3 1 2046 "Even-25-L";
2055 4 0 1163 "Odd-25-L";
2056 5 1 2043 "Even-24-L";
2057 6 0 1096 "Odd-24-L";
2058 7 1 2028 "Even-23-L";
2059 8 0 1314 "Odd-23-L";
2060 9 1 2045 "Even-22-L";
2061 10 0 1241 "Odd-22-L";
2062 11 1 2032 "Even-21-L";
2063 12 0 1048 "Odd-21-L";
2064 13 1 2039 "Even-20-L";
2065 14 0 1049 "Odd-20-L";
2066 15 1 2047 "Even-19-L";
2067 16 0 1884 "Odd-19-L";
2068 17 1 2050 "Even-18-L";
2069 18 0 1721 "Odd-18-L";
2070 19 1 2051 "Even-17-L";
2071 20 0 1776 "Odd-17-L";
2072 21 1 2041 "Even-16-L";
2073 22 0 1894 "Odd-16-L";
2074 23 1 2035 "Even-15-L";
2075 24 0 1896 "Odd-15-L";
2076 25 1 2038 "Even-14-L";
2077 26 0 1481 "Odd-14-L";
2078 27 1 2053 "Even-13-L";
2079 28 0 1525 "Odd-13-L";
2080 29 1 2042 "Even-12-L";
2081 30 0 1390 "Odd-12-L";
2082 31 1 2049 "Even-11-L";
2083 32 0 1383 "Odd-11-L";
2084 33 1 2044 "Even-10-L";
2085 34 0 1418 "Odd-10-L";
2086 35 1 2052 "Even-9-L";
2087 36 0 1638 "Odd-9-L";
2088 37 1 2048 "Even-8-L";
2089 38 0 1700 "Odd-8-L";
2090 39 1 2031 "Even-7-L";
2091 40 0 1671 "Odd-7-L";
2092 41 1 2029 "Even-6-L";
2093 42 0 1573 "Odd-6-L";
2094 43 1 2040 "Even-5-L";
2095 44 0 1548 "Odd-5-L";
2096 45 1 2034 "Even-4-L";
2097 46 0 1609 "Odd-4-L";
2098 47 1 2037 "Even-3-L";
2099 48 0 1623 "Odd-3-L";
2100 49 1 2036 "Even-2-L";
2101 50 0 1590 "Odd-2-L";
2102 51 1 2033 "Even-1-L";
2103 52 0 1598 "Odd-1-L";
2104 53 1 2030 "Even-0-L";
2105 54 0 1603 "Odd-0-L";
2106 56 0 2056 "Even-25-H";
2107 57 1 2057 "Odd-25-H";
2108 58 0 2058 "Even-24-H";
2109 59 1 2059 "Odd-24-H";
2110 60 0 2060 "Even-23-H";
2111 61 1 2061 "Odd-23-H";
2112 62 0 2062 "Even-22-H";
2113 63 1 2063 "Odd-22-H";
2114 64 0 2064 "Even-21-H";
2115 65 1 2065 "Odd-21-H";
2116 66 0 2066 "Even-20-H";
2117 67 1 2067 "Odd-20-H";
2118 68 0 2068 "Even-19-H";
2119 69 1 2069 "Odd-19-H";
2120 70 0 2070 "Even-18-H";
2121 71 1 2071 "Odd-18-H";
2122 72 0 2072 "Even-17-H";
2123 73 1 2073 "Odd-17-H";
2124 74 0 2074 "Even-16-H";
2125 75 1 2075 "Odd-16-H";
2126 76 0 2076 "Even-15-H";
2127 77 1 2077 "Odd-15-H";
2128 78 0 2078 "Even-14-H";
2129 79 1 2079 "Odd-14-H";
2130 80 0 2080 "Even-13-H";
2131 81 1 2081 "Odd-13-H";
2132 82 0 2082 "Even-12-H";
2133 83 1 2083 "Odd-12-H";
2134 84 0 2084 "Even-11-H";
2135 85 1 2085 "Odd-11-H";
2136 86 0 2086 "Even-10-H";
2137 87 1 2087 "Odd-10-H";
2138 88 0 2088 "Even-9-H";
2139 89 1 2089 "Odd-9-H";
2140 90 0 2090 "Even-8-H";
2141 91 1 2091 "Odd-8-H";
2142 92 0 2092 "Even-7-H";
2143 93 1 2093 "Odd-7-H";
2144 94 0 2094 "Even-6-H";
2145 95 1 2095 "Odd-6-H";
2146 96 0 2096 "Even-5-H";
2147 97 1 2097 "Odd-5-H";
2148 98 0 2098 "Even-4-H";
2149 99 1 2099 "Odd-4-H";
2150 100 0 2100 "Even-3-H";
2151 101 1 2101 "Odd-3-H";
2152 102 0 2102 "Even-2-H";
2153 103 1 2103 "Odd-2-H";
2154 104 0 2104 "Even-1-H";
2155 105 1 2105 "Odd-1-H";
2156 106 0 2054 "Even-0-H";
2157 107 1 2055 "Odd-0-H";
