parity 2668;
0 0 0 541,2574 "Odd-23-B-17";
1 0 1 2,3 "Odd-25-S-22";
2 0 0 4,2565 "Odd-25-A-22";
3 0 0 4,2564 "Odd-25-B-22";
4 0 1 5,6 "Odd-25-S-23";
5 0 0 7,2563 "Odd-25-A-23";
6 0 0 7,2562 "Odd-25-B-23";
7 0 1 8,9 "Odd-25-S-24";
8 0 0 10,2561 "Odd-25-A-24";
9 0 0 10,2560 "Odd-25-B-24";
10 0 1 1668,2558,2556,2554,2552 "Odd-25-Z";
11 0 0 1,2566 "Odd-25-B-21";
12 0 0 541,2575 "Odd-23-A-17";
13 0 1 12,0 "Odd-23-S-17";
14 0 0 13,2576 "Odd-23-B-16";
15 0 0 13,2577 "Odd-23-A-16";
16 0 1 15,14 "Odd-23-S-16";
17 0 0 16,2578 "Odd-23-B-15";
18 0 0 16,2579 "Odd-23-A-15";
19 0 1 18,17 "Odd-23-S-15";
20 0 0 19,2580 "Odd-23-B-14";
21 0 0 33,2573 "Odd-25-A-18";
22 0 0 24,2579 "Odd-25-A-15";
23 0 0 24,2578 "Odd-25-B-15";
24 0 1 25,26 "Odd-25-S-16";
25 0 0 27,2577 "Odd-25-A-16";
26 0 0 27,2576 "Odd-25-B-16";
27 0 1 28,29 "Odd-25-S-17";
28 0 0 30,2575 "Odd-25-A-17";
29 0 0 30,2574 "Odd-25-B-17";
30 0 1 21,32 "Odd-25-S-18";
31 0 0 19,2581 "Odd-23-A-14";
32 0 0 33,2572 "Odd-25-B-18";
33 0 1 34,35 "Odd-25-S-19";
34 0 0 36,2571 "Odd-25-A-19";
35 0 0 36,2570 "Odd-25-B-19";
36 0 1 37,38 "Odd-25-S-20";
37 0 0 39,2569 "Odd-25-A-20";
38 0 0 39,2568 "Odd-25-B-20";
39 0 1 40,11 "Odd-25-S-21";
40 0 0 1,2567 "Odd-25-A-21";
41 0 0 50,2591 "Odd-15-A-9";
42 0 0 52,2584 "Odd-15-B-12";
43 0 0 52,2585 "Odd-15-A-12";
44 0 1 43,42 "Odd-15-S-12";
45 0 0 44,2586 "Odd-15-B-11";
46 0 0 44,2587 "Odd-15-A-11";
47 0 1 46,45 "Odd-15-S-11";
48 0 0 47,2588 "Odd-15-B-10";
49 0 0 47,2589 "Odd-15-A-10";
50 0 1 49,48 "Odd-15-S-10";
51 0 0 50,2590 "Odd-15-B-9";
52 0 1 81,80 "Odd-15-S-13";
53 0 1 41,51 "Odd-15-S-9";
54 0 0 53,2592 "Odd-15-B-8";
55 0 0 53,2593 "Odd-15-A-8";
56 0 1 55,54 "Odd-15-S-8";
57 0 0 56,2594 "Odd-15-B-7";
58 0 0 56,2595 "Odd-15-A-7";
59 0 1 58,57 "Odd-15-S-7";
60 0 0 59,2596 "Odd-15-B-6";
61 0 0 59,2597 "Odd-15-A-6";
62 0 1 71,70 "Odd-23-S-11";
63 0 1 31,20 "Odd-23-S-14";
64 0 0 63,2582 "Odd-23-B-13";
65 0 0 63,2583 "Odd-23-A-13";
66 0 1 65,64 "Odd-23-S-13";
67 0 0 66,2584 "Odd-23-B-12";
68 0 0 66,2585 "Odd-23-A-12";
69 0 1 68,67 "Odd-23-S-12";
70 0 0 69,2586 "Odd-23-B-11";
71 0 0 69,2587 "Odd-23-A-11";
72 0 1 22,23 "Odd-25-S-15";
73 0 0 62,2588 "Odd-23-B-10";
74 0 0 62,2589 "Odd-23-A-10";
75 0 1 74,73 "Odd-23-S-10";
76 0 1 1831,2578,2576,2574,2572,2570,2568,2566,2564,2562,2560,2558,2556,2554,2552 "Odd-15-Z";
77 0 0 76,2580 "Odd-15-B-14";
78 0 0 76,2581 "Odd-15-A-14";
79 0 1 78,77 "Odd-15-S-14";
80 0 0 79,2582 "Odd-15-B-13";
81 0 0 79,2583 "Odd-15-A-13";
82 0 0 72,2581 "Odd-25-A-14";
83 0 1 84,85 "Odd-25-S-11";
84 0 0 86,2587 "Odd-25-A-11";
85 0 0 86,2586 "Odd-25-B-11";
86 0 1 87,88 "Odd-25-S-12";
87 0 0 89,2585 "Odd-25-A-12";
88 0 0 89,2584 "Odd-25-B-12";
89 0 1 90,91 "Odd-25-S-13";
90 0 0 92,2583 "Odd-25-A-13";
91 0 0 92,2582 "Odd-25-B-13";
92 0 1 82,94 "Odd-25-S-14";
93 0 0 83,2588 "Odd-25-B-10";
94 0 0 72,2580 "Odd-25-B-14";
95 0 1 2454,2576,2574,2572,2570,2568,2566,2564,2562,2560,2558,2556,2554,2552 "Odd-16-Z";
96 0 0 95,2578 "Odd-16-B-15";
97 0 0 95,2579 "Odd-16-A-15";
98 0 1 97,96 "Odd-16-S-15";
99 0 0 98,2580 "Odd-16-B-14";
100 0 0 98,2581 "Odd-16-A-14";
101 0 1 100,99 "Odd-16-S-14";
102 0 0 101,2582 "Odd-16-B-13";
103 0 0 115,2595 "Odd-25-A-7";
104 0 0 106,2601 "Odd-25-A-4";
105 0 0 106,2600 "Odd-25-B-4";
106 0 1 107,108 "Odd-25-S-5";
107 0 0 109,2599 "Odd-25-A-5";
108 0 0 109,2598 "Odd-25-B-5";
109 0 1 110,111 "Odd-25-S-6";
110 0 0 112,2597 "Odd-25-A-6";
111 0 0 112,2596 "Odd-25-B-6";
112 0 1 103,114 "Odd-25-S-7";
113 0 0 101,2583 "Odd-16-A-13";
114 0 0 115,2594 "Odd-25-B-7";
115 0 1 116,117 "Odd-25-S-8";
116 0 0 118,2593 "Odd-25-A-8";
117 0 0 118,2592 "Odd-25-B-8";
118 0 1 119,120 "Odd-25-S-9";
119 0 0 121,2591 "Odd-25-A-9";
120 0 0 121,2590 "Odd-25-B-9";
121 0 1 122,93 "Odd-25-S-10";
122 0 0 83,2589 "Odd-25-A-10";
123 0 1 133,132 "Odd-16-S-3";
124 0 0 163,2597 "Odd-16-A-6";
125 0 1 124,134 "Odd-16-S-6";
126 0 0 125,2598 "Odd-16-B-5";
127 0 0 125,2599 "Odd-16-A-5";
128 0 1 127,126 "Odd-16-S-5";
129 0 0 128,2600 "Odd-16-B-4";
130 0 0 128,2601 "Odd-16-A-4";
131 0 1 130,129 "Odd-16-S-4";
132 0 0 131,2602 "Odd-16-B-3";
133 0 0 131,2603 "Odd-16-A-3";
134 0 0 163,2596 "Odd-16-B-6";
135 0 0 123,2604 "Odd-16-B-2";
136 0 0 123,2605 "Odd-16-A-2";
137 0 1 136,135 "Odd-16-S-2";
138 0 0 137,2606 "Odd-16-B-1";
139 0 0 137,2607 "Odd-16-A-1";
140 0 1 139,138 "Odd-16-S-1";
141 0 0 140,2608 "Odd-16-B-0";
142 0 0 140,2609 "Odd-16-A-0";
143 0 1 142,141 "Odd-16-S-0";
144 0 1 153,152 "Odd-16-S-10";
145 0 1 113,102 "Odd-16-S-13";
146 0 0 145,2584 "Odd-16-B-12";
147 0 0 145,2585 "Odd-16-A-12";
148 0 1 147,146 "Odd-16-S-12";
149 0 0 148,2586 "Odd-16-B-11";
150 0 0 148,2587 "Odd-16-A-11";
151 0 1 150,149 "Odd-16-S-11";
152 0 0 151,2588 "Odd-16-B-10";
153 0 0 151,2589 "Odd-16-A-10";
154 0 1 61,60 "Odd-15-S-6";
155 0 0 144,2590 "Odd-16-B-9";
156 0 0 144,2591 "Odd-16-A-9";
157 0 1 156,155 "Odd-16-S-9";
158 0 0 157,2592 "Odd-16-B-8";
159 0 0 157,2593 "Odd-16-A-8";
160 0 1 159,158 "Odd-16-S-8";
161 0 0 160,2594 "Odd-16-B-7";
162 0 0 160,2595 "Odd-16-A-7";
163 0 1 162,161 "Odd-16-S-7";
164 0 1 174,173 "Odd-14-S-0";
165 0 0 204,2603 "Odd-14-A-3";
166 0 1 165,175 "Odd-14-S-3";
167 0 0 166,2604 "Odd-14-B-2";
168 0 0 166,2605 "Odd-14-A-2";
169 0 1 168,167 "Odd-14-S-2";
170 0 0 169,2606 "Odd-14-B-1";
171 0 0 169,2607 "Odd-14-A-1";
172 0 1 171,170 "Odd-14-S-1";
173 0 0 172,2608 "Odd-14-B-0";
174 0 0 172,2609 "Odd-14-A-0";
175 0 0 204,2602 "Odd-14-B-3";
176 0 0 177,2582 "Odd-21-B-13";
177 0 1 178,179 "Odd-21-S-14";
178 0 0 1066,2581 "Odd-21-A-14";
179 0 0 1066,2580 "Odd-21-B-14";
180 0 1 181,182 "Odd-26-S-0";
181 0 0 183,2609 "Odd-26-A-0";
182 0 0 183,2608 "Odd-26-B-0";
183 0 1 184,195 "Odd-26-S-1";
184 0 0 227,2607 "Odd-26-A-1";
185 0 1 194,193 "Odd-14-S-7";
186 0 1 236,307 "Odd-14-S-10";
187 0 0 186,2590 "Odd-14-B-9";
188 0 0 186,2591 "Odd-14-A-9";
189 0 1 188,187 "Odd-14-S-9";
190 0 0 189,2592 "Odd-14-B-8";
191 0 0 189,2593 "Odd-14-A-8";
192 0 1 191,190 "Odd-14-S-8";
193 0 0 192,2594 "Odd-14-B-7";
194 0 0 192,2595 "Odd-14-A-7";
195 0 0 227,2606 "Odd-26-B-1";
196 0 0 185,2596 "Odd-14-B-6";
197 0 0 185,2597 "Odd-14-A-6";
198 0 1 197,196 "Odd-14-S-6";
199 0 0 198,2598 "Odd-14-B-5";
200 0 0 198,2599 "Odd-14-A-5";
201 0 1 200,199 "Odd-14-S-5";
202 0 0 201,2600 "Odd-14-B-4";
203 0 0 201,2601 "Odd-14-A-4";
204 0 1 203,202 "Odd-14-S-4";
205 0 1 217,218 "Odd-26-S-12";
206 0 0 207,2592 "Odd-26-B-8";
207 0 1 208,209 "Odd-26-S-9";
208 0 0 210,2591 "Odd-26-A-9";
209 0 0 210,2590 "Odd-26-B-9";
210 0 1 211,212 "Odd-26-S-10";
211 0 0 213,2589 "Odd-26-A-10";
212 0 0 213,2588 "Odd-26-B-10";
213 0 1 214,215 "Odd-26-S-11";
214 0 0 205,2587 "Odd-26-A-11";
215 0 0 205,2586 "Odd-26-B-11";
216 0 0 207,2593 "Odd-26-A-8";
217 0 0 219,2585 "Odd-26-A-12";
218 0 0 219,2584 "Odd-26-B-12";
219 0 1 220,221 "Odd-26-S-13";
220 0 0 222,2583 "Odd-26-A-13";
221 0 0 222,2582 "Odd-26-B-13";
222 0 1 223,224 "Odd-26-S-14";
223 0 0 992,2581 "Odd-26-A-14";
224 0 0 992,2580 "Odd-26-B-14";
225 0 1 1761,2582,2580,2578,2576,2574,2572,2570,2568,2566,2564,2562,2560,2558,2556,2554,2552 "Odd-13-Z";
226 0 1 237,238 "Odd-26-S-5";
227 0 1 228,229 "Odd-26-S-2";
228 0 0 230,2605 "Odd-26-A-2";
229 0 0 230,2604 "Odd-26-B-2";
230 0 1 231,232 "Odd-26-S-3";
231 0 0 233,2603 "Odd-26-A-3";
232 0 0 233,2602 "Odd-26-B-3";
233 0 1 234,235 "Odd-26-S-4";
234 0 0 226,2601 "Odd-26-A-4";
235 0 0 226,2600 "Odd-26-B-4";
236 0 0 306,2589 "Odd-14-A-10";
237 0 0 239,2599 "Odd-26-A-5";
238 0 0 239,2598 "Odd-26-B-5";
239 0 1 240,241 "Odd-26-S-6";
240 0 0 242,2597 "Odd-26-A-6";
241 0 0 242,2596 "Odd-26-B-6";
242 0 1 243,244 "Odd-26-S-7";
243 0 0 245,2595 "Odd-26-A-7";
244 0 0 245,2594 "Odd-26-B-7";
245 0 1 216,206 "Odd-26-S-8";
246 0 0 259,2609 "Odd-21-A-0";
247 0 1 257,286 "Odd-23-S-9";
248 0 0 247,2592 "Odd-23-B-8";
249 0 0 247,2593 "Odd-23-A-8";
250 0 1 249,248 "Odd-23-S-8";
251 0 0 250,2594 "Odd-23-B-7";
252 0 0 250,2595 "Odd-23-A-7";
253 0 1 252,251 "Odd-23-S-7";
254 0 0 253,2596 "Odd-23-B-6";
255 0 0 253,2597 "Odd-23-A-6";
256 0 1 246,258 "Odd-21-S-0";
257 0 0 75,2591 "Odd-23-A-9";
258 0 0 259,2608 "Odd-21-B-0";
259 0 1 260,261 "Odd-21-S-1";
260 0 0 262,2607 "Odd-21-A-1";
261 0 0 262,2606 "Odd-21-B-1";
262 0 1 263,264 "Odd-21-S-2";
263 0 0 265,2605 "Odd-21-A-2";
264 0 0 265,2604 "Odd-21-B-2";
265 0 1 266,277 "Odd-21-S-3";
266 0 0 309,2603 "Odd-21-A-3";
267 0 0 276,2604 "Odd-15-B-2";
268 0 0 154,2598 "Odd-15-B-5";
269 0 0 154,2599 "Odd-15-A-5";
270 0 1 269,268 "Odd-15-S-5";
271 0 0 270,2600 "Odd-15-B-4";
272 0 0 270,2601 "Odd-15-A-4";
273 0 1 272,271 "Odd-15-S-4";
274 0 0 273,2602 "Odd-15-B-3";
275 0 0 273,2603 "Odd-15-A-3";
276 0 1 275,274 "Odd-15-S-3";
277 0 0 309,2602 "Odd-21-B-3";
278 0 0 276,2605 "Odd-15-A-2";
279 0 1 278,267 "Odd-15-S-2";
280 0 0 279,2606 "Odd-15-B-1";
281 0 0 279,2607 "Odd-15-A-1";
282 0 1 281,280 "Odd-15-S-1";
283 0 0 282,2608 "Odd-15-B-0";
284 0 0 282,2609 "Odd-15-A-0";
285 0 1 284,283 "Odd-15-S-0";
286 0 0 75,2590 "Odd-23-B-9";
287 0 0 297,2582 "Odd-14-B-13";
288 0 0 289,2588 "Odd-21-B-10";
289 0 1 290,291 "Odd-21-S-11";
290 0 0 292,2587 "Odd-21-A-11";
291 0 0 292,2586 "Odd-21-B-11";
292 0 1 293,294 "Odd-21-S-12";
293 0 0 295,2585 "Odd-21-A-12";
294 0 0 295,2584 "Odd-21-B-12";
295 0 1 296,176 "Odd-21-S-13";
296 0 0 177,2583 "Odd-21-A-13";
297 0 1 1879,2580,2578,2576,2574,2572,2570,2568,2566,2564,2562,2560,2558,2556,2554,2552 "Odd-14-Z";
298 0 0 289,2589 "Odd-21-A-10";
299 0 0 297,2583 "Odd-14-A-13";
300 0 1 299,287 "Odd-14-S-13";
301 0 0 300,2584 "Odd-14-B-12";
302 0 0 300,2585 "Odd-14-A-12";
303 0 1 302,301 "Odd-14-S-12";
304 0 0 303,2586 "Odd-14-B-11";
305 0 0 303,2587 "Odd-14-A-11";
306 0 1 305,304 "Odd-14-S-11";
307 0 0 306,2588 "Odd-14-B-10";
308 0 1 319,320 "Odd-21-S-7";
309 0 1 310,311 "Odd-21-S-4";
310 0 0 312,2601 "Odd-21-A-4";
311 0 0 312,2600 "Odd-21-B-4";
312 0 1 313,314 "Odd-21-S-5";
313 0 0 315,2599 "Odd-21-A-5";
314 0 0 315,2598 "Odd-21-B-5";
315 0 1 316,317 "Odd-21-S-6";
316 0 0 308,2597 "Odd-21-A-6";
317 0 0 308,2596 "Odd-21-B-6";
318 0 1 104,105 "Odd-25-S-4";
319 0 0 321,2595 "Odd-21-A-7";
320 0 0 321,2594 "Odd-21-B-7";
321 0 1 322,323 "Odd-21-S-8";
322 0 0 324,2593 "Odd-21-A-8";
323 0 0 324,2592 "Odd-21-B-8";
324 0 1 325,326 "Odd-21-S-9";
325 0 0 327,2591 "Odd-21-A-9";
326 0 0 327,2590 "Odd-21-B-9";
327 0 1 298,288 "Odd-21-S-10";
328 0 0 340,2586 "Odd-24-B-11";
329 0 0 331,2593 "Odd-24-A-8";
330 0 0 331,2592 "Odd-24-B-8";
331 0 1 332,333 "Odd-24-S-9";
332 0 0 334,2591 "Odd-24-A-9";
333 0 0 334,2590 "Odd-24-B-9";
334 0 1 335,336 "Odd-24-S-10";
335 0 0 337,2589 "Odd-24-A-10";
336 0 0 337,2588 "Odd-24-B-10";
337 0 1 338,328 "Odd-24-S-11";
338 0 0 340,2587 "Odd-24-A-11";
339 0 1 329,330 "Odd-24-S-8";
340 0 1 341,342 "Odd-24-S-12";
341 0 0 343,2585 "Odd-24-A-12";
342 0 0 343,2584 "Odd-24-B-12";
343 0 1 344,345 "Odd-24-S-13";
344 0 0 346,2583 "Odd-24-A-13";
345 0 0 346,2582 "Odd-24-B-13";
346 0 1 347,348 "Odd-24-S-14";
347 0 0 359,2581 "Odd-24-A-14";
348 0 0 359,2580 "Odd-24-B-14";
349 0 0 360,2600 "Odd-24-B-4";
350 0 1 400,471 "Odd-19-S-2";
351 0 0 350,2606 "Odd-19-B-1";
352 0 0 350,2607 "Odd-19-A-1";
353 0 1 352,351 "Odd-19-S-1";
354 0 0 353,2608 "Odd-19-B-0";
355 0 0 353,2609 "Odd-19-A-0";
356 0 1 355,354 "Odd-19-S-0";
357 0 1 358,349 "Odd-24-S-4";
358 0 0 360,2601 "Odd-24-A-4";
359 0 1 391,392 "Odd-24-S-15";
360 0 1 361,362 "Odd-24-S-5";
361 0 0 363,2599 "Odd-24-A-5";
362 0 0 363,2598 "Odd-24-B-5";
363 0 1 364,365 "Odd-24-S-6";
364 0 0 366,2597 "Odd-24-A-6";
365 0 0 366,2596 "Odd-24-B-6";
366 0 1 367,368 "Odd-24-S-7";
367 0 0 339,2595 "Odd-24-A-7";
368 0 0 339,2594 "Odd-24-B-7";
369 0 1 2501,2572,2570,2568,2566,2564,2562,2560,2558,2556,2554,2552 "Odd-18-Z";
370 0 1 371,372 "Odd-24-S-22";
371 0 0 373,2565 "Odd-24-A-22";
372 0 0 373,2564 "Odd-24-B-22";
373 0 1 374,375 "Odd-24-S-23";
374 0 0 376,2563 "Odd-24-A-23";
375 0 0 376,2562 "Odd-24-B-23";
376 0 1 1609,2560,2558,2556,2554,2552 "Odd-24-Z";
377 0 0 379,2597 "Odd-20-A-6";
378 0 0 379,2596 "Odd-20-B-6";
379 0 1 640,641 "Odd-20-S-7";
380 0 0 370,2566 "Odd-24-B-21";
381 0 0 369,2574 "Odd-18-B-17";
382 0 0 369,2575 "Odd-18-A-17";
383 0 1 382,381 "Odd-18-S-17";
384 0 0 383,2576 "Odd-18-B-16";
385 0 0 383,2577 "Odd-18-A-16";
386 0 1 385,384 "Odd-18-S-16";
387 0 0 386,2578 "Odd-18-B-15";
388 0 0 386,2579 "Odd-18-A-15";
389 0 1 388,387 "Odd-18-S-15";
390 0 0 402,2573 "Odd-24-A-18";
391 0 0 393,2579 "Odd-24-A-15";
392 0 0 393,2578 "Odd-24-B-15";
393 0 1 394,395 "Odd-24-S-16";
394 0 0 396,2577 "Odd-24-A-16";
395 0 0 396,2576 "Odd-24-B-16";
396 0 1 397,398 "Odd-24-S-17";
397 0 0 399,2575 "Odd-24-A-17";
398 0 0 399,2574 "Odd-24-B-17";
399 0 1 390,401 "Odd-24-S-18";
400 0 0 470,2605 "Odd-19-A-2";
401 0 0 402,2572 "Odd-24-B-18";
402 0 1 403,404 "Odd-24-S-19";
403 0 0 405,2571 "Odd-24-A-19";
404 0 0 405,2570 "Odd-24-B-19";
405 0 1 406,407 "Odd-24-S-20";
406 0 0 408,2569 "Odd-24-A-20";
407 0 0 408,2568 "Odd-24-B-20";
408 0 1 409,380 "Odd-24-S-21";
409 0 0 370,2567 "Odd-24-A-21";
410 0 0 357,2602 "Odd-24-B-3";
411 0 0 413,2609 "Odd-24-A-0";
412 0 0 413,2608 "Odd-24-B-0";
413 0 1 414,415 "Odd-24-S-1";
414 0 0 416,2607 "Odd-24-A-1";
415 0 0 416,2606 "Odd-24-B-1";
416 0 1 417,418 "Odd-24-S-2";
417 0 0 419,2605 "Odd-24-A-2";
418 0 0 419,2604 "Odd-24-B-2";
419 0 1 420,410 "Odd-24-S-3";
420 0 0 357,2603 "Odd-24-A-3";
421 0 1 411,412 "Odd-24-S-0";
422 0 1 2209,2570,2568,2566,2564,2562,2560,2558,2556,2554,2552 "Odd-19-Z";
423 0 0 422,2572 "Odd-19-B-18";
424 0 0 422,2573 "Odd-19-A-18";
425 0 1 424,423 "Odd-19-S-18";
426 0 0 425,2574 "Odd-19-B-17";
427 0 0 425,2575 "Odd-19-A-17";
428 0 1 427,426 "Odd-19-S-17";
429 0 0 428,2576 "Odd-19-B-16";
430 0 0 428,2577 "Odd-19-A-16";
431 0 1 442,443 "Odd-20-S-3";
432 0 1 433,434 "Odd-20-S-0";
433 0 0 435,2609 "Odd-20-A-0";
434 0 0 435,2608 "Odd-20-B-0";
435 0 1 436,437 "Odd-20-S-1";
436 0 0 438,2607 "Odd-20-A-1";
437 0 0 438,2606 "Odd-20-B-1";
438 0 1 439,440 "Odd-20-S-2";
439 0 0 431,2605 "Odd-20-A-2";
440 0 0 431,2604 "Odd-20-B-2";
441 0 1 430,429 "Odd-19-S-16";
442 0 0 444,2603 "Odd-20-A-3";
443 0 0 444,2602 "Odd-20-B-3";
444 0 1 445,446 "Odd-20-S-4";
445 0 0 447,2601 "Odd-20-A-4";
446 0 0 447,2600 "Odd-20-B-4";
447 0 1 448,449 "Odd-20-S-5";
448 0 0 450,2599 "Odd-20-A-5";
449 0 0 450,2598 "Odd-20-B-5";
450 0 1 377,378 "Odd-20-S-6";
451 0 0 461,2598 "Odd-19-B-5";
452 0 1 462,491 "Odd-19-S-9";
453 0 0 452,2592 "Odd-19-B-8";
454 0 0 452,2593 "Odd-19-A-8";
455 0 1 454,453 "Odd-19-S-8";
456 0 0 455,2594 "Odd-19-B-7";
457 0 0 455,2595 "Odd-19-A-7";
458 0 1 457,456 "Odd-19-S-7";
459 0 0 458,2596 "Odd-19-B-6";
460 0 0 458,2597 "Odd-19-A-6";
461 0 1 460,459 "Odd-19-S-6";
462 0 0 490,2591 "Odd-19-A-9";
463 0 0 461,2599 "Odd-19-A-5";
464 0 1 463,451 "Odd-19-S-5";
465 0 0 464,2600 "Odd-19-B-4";
466 0 0 464,2601 "Odd-19-A-4";
467 0 1 466,465 "Odd-19-S-4";
468 0 0 467,2602 "Odd-19-B-3";
469 0 0 467,2603 "Odd-19-A-3";
470 0 1 469,468 "Odd-19-S-3";
471 0 0 470,2604 "Odd-19-B-2";
472 0 0 481,2584 "Odd-19-B-12";
473 0 0 441,2578 "Odd-19-B-15";
474 0 0 441,2579 "Odd-19-A-15";
475 0 1 474,473 "Odd-19-S-15";
476 0 0 475,2580 "Odd-19-B-14";
477 0 0 475,2581 "Odd-19-A-14";
478 0 1 477,476 "Odd-19-S-14";
479 0 0 478,2582 "Odd-19-B-13";
480 0 0 478,2583 "Odd-19-A-13";
481 0 1 480,479 "Odd-19-S-13";
482 0 0 389,2580 "Odd-18-B-14";
483 0 0 481,2585 "Odd-19-A-12";
484 0 1 483,472 "Odd-19-S-12";
485 0 0 484,2586 "Odd-19-B-11";
486 0 0 484,2587 "Odd-19-A-11";
487 0 1 486,485 "Odd-19-S-11";
488 0 0 487,2588 "Odd-19-B-10";
489 0 0 487,2589 "Odd-19-A-10";
490 0 1 489,488 "Odd-19-S-10";
491 0 0 490,2590 "Odd-19-B-9";
492 0 0 501,2593 "Odd-17-A-8";
493 0 0 503,2586 "Odd-17-B-11";
494 0 0 503,2587 "Odd-17-A-11";
495 0 1 494,493 "Odd-17-S-11";
496 0 0 495,2588 "Odd-17-B-10";
497 0 0 495,2589 "Odd-17-A-10";
498 0 1 497,496 "Odd-17-S-10";
499 0 0 498,2590 "Odd-17-B-9";
500 0 0 498,2591 "Odd-17-A-9";
501 0 1 500,499 "Odd-17-S-9";
502 0 0 501,2592 "Odd-17-B-8";
503 0 1 532,531 "Odd-17-S-12";
504 0 1 492,502 "Odd-17-S-8";
505 0 0 504,2594 "Odd-17-B-7";
506 0 0 504,2595 "Odd-17-A-7";
507 0 1 506,505 "Odd-17-S-7";
508 0 0 507,2596 "Odd-17-B-6";
509 0 0 507,2597 "Odd-17-A-6";
510 0 1 509,508 "Odd-17-S-6";
511 0 0 510,2598 "Odd-17-B-5";
512 0 0 510,2599 "Odd-17-A-5";
513 0 0 521,2579 "Odd-17-A-15";
514 0 1 2148,2568,2566,2564,2562,2560,2558,2556,2554,2552 "Odd-20-Z";
515 0 1 1308,2562,2560,2558,2556,2554,2552 "Odd-23-Z";
516 0 0 515,2564 "Odd-23-B-22";
517 0 0 515,2565 "Odd-23-A-22";
518 0 1 2422,2574,2572,2570,2568,2566,2564,2562,2560,2558,2556,2554,2552 "Odd-17-Z";
519 0 0 518,2576 "Odd-17-B-16";
520 0 0 518,2577 "Odd-17-A-16";
521 0 1 520,519 "Odd-17-S-16";
522 0 0 521,2578 "Odd-17-B-15";
523 0 1 512,511 "Odd-17-S-5";
524 0 1 513,522 "Odd-17-S-15";
525 0 0 524,2580 "Odd-17-B-14";
526 0 0 524,2581 "Odd-17-A-14";
527 0 1 526,525 "Odd-17-S-14";
528 0 0 527,2582 "Odd-17-B-13";
529 0 0 527,2583 "Odd-17-A-13";
530 0 1 529,528 "Odd-17-S-13";
531 0 0 530,2584 "Odd-17-B-12";
532 0 0 530,2585 "Odd-17-A-12";
533 0 0 545,2608 "Odd-25-B-0";
534 0 0 573,2569 "Odd-23-A-20";
535 0 1 534,544 "Odd-23-S-20";
536 0 0 535,2570 "Odd-23-B-19";
537 0 0 535,2571 "Odd-23-A-19";
538 0 1 537,536 "Odd-23-S-19";
539 0 0 538,2572 "Odd-23-B-18";
540 0 0 538,2573 "Odd-23-A-18";
541 0 1 540,539 "Odd-23-S-18";
542 0 1 543,533 "Odd-25-S-0";
543 0 0 545,2609 "Odd-25-A-0";
544 0 0 573,2568 "Odd-23-B-20";
545 0 1 546,547 "Odd-25-S-1";
546 0 0 548,2607 "Odd-25-A-1";
547 0 0 548,2606 "Odd-25-B-1";
548 0 1 549,550 "Odd-25-S-2";
549 0 0 551,2605 "Odd-25-A-2";
550 0 0 551,2604 "Odd-25-B-2";
551 0 1 552,553 "Odd-25-S-3";
552 0 0 318,2603 "Odd-25-A-3";
553 0 0 318,2602 "Odd-25-B-3";
554 0 0 563,2606 "Odd-17-B-1";
555 0 0 523,2600 "Odd-17-B-4";
556 0 0 523,2601 "Odd-17-A-4";
557 0 1 556,555 "Odd-17-S-4";
558 0 0 557,2602 "Odd-17-B-3";
559 0 0 557,2603 "Odd-17-A-3";
560 0 1 559,558 "Odd-17-S-3";
561 0 0 560,2604 "Odd-17-B-2";
562 0 0 560,2605 "Odd-17-A-2";
563 0 1 562,561 "Odd-17-S-2";
564 0 0 514,2570 "Odd-20-B-19";
565 0 0 563,2607 "Odd-17-A-1";
566 0 1 565,554 "Odd-17-S-1";
567 0 0 566,2608 "Odd-17-B-0";
568 0 0 566,2609 "Odd-17-A-0";
569 0 1 568,567 "Odd-17-S-0";
570 0 1 517,516 "Odd-23-S-22";
571 0 0 570,2566 "Odd-23-B-21";
572 0 0 570,2567 "Odd-23-A-21";
573 0 1 572,571 "Odd-23-S-21";
574 0 0 583,2601 "Odd-18-A-4";
575 0 0 585,2594 "Odd-18-B-7";
576 0 0 585,2595 "Odd-18-A-7";
577 0 1 576,575 "Odd-18-S-7";
578 0 0 577,2596 "Odd-18-B-6";
579 0 0 577,2597 "Odd-18-A-6";
580 0 1 579,578 "Odd-18-S-6";
581 0 0 580,2598 "Odd-18-B-5";
582 0 0 580,2599 "Odd-18-A-5";
583 0 1 582,581 "Odd-18-S-5";
584 0 0 583,2600 "Odd-18-B-4";
585 0 1 614,613 "Odd-18-S-8";
586 0 1 574,584 "Odd-18-S-4";
587 0 0 586,2602 "Odd-18-B-3";
588 0 0 586,2603 "Odd-18-A-3";
589 0 1 588,587 "Odd-18-S-3";
590 0 0 589,2604 "Odd-18-B-2";
591 0 0 589,2605 "Odd-18-A-2";
592 0 1 591,590 "Odd-18-S-2";
593 0 0 592,2606 "Odd-18-B-1";
594 0 0 592,2607 "Odd-18-A-1";
595 0 0 603,2587 "Odd-18-A-11";
596 0 0 389,2581 "Odd-18-A-14";
597 0 1 596,482 "Odd-18-S-14";
598 0 0 597,2582 "Odd-18-B-13";
599 0 0 597,2583 "Odd-18-A-13";
600 0 1 599,598 "Odd-18-S-13";
601 0 0 600,2584 "Odd-18-B-12";
602 0 0 600,2585 "Odd-18-A-12";
603 0 1 602,601 "Odd-18-S-12";
604 0 0 603,2586 "Odd-18-B-11";
605 0 1 594,593 "Odd-18-S-1";
606 0 1 595,604 "Odd-18-S-11";
607 0 0 606,2588 "Odd-18-B-10";
608 0 0 606,2589 "Odd-18-A-10";
609 0 1 608,607 "Odd-18-S-10";
610 0 0 609,2590 "Odd-18-B-9";
611 0 0 609,2591 "Odd-18-A-9";
612 0 1 611,610 "Odd-18-S-9";
613 0 0 612,2592 "Odd-18-B-8";
614 0 0 612,2593 "Odd-18-A-8";
615 0 0 628,2577 "Odd-20-A-16";
616 0 1 617,618 "Odd-20-S-13";
617 0 0 619,2583 "Odd-20-A-13";
618 0 0 619,2582 "Odd-20-B-13";
619 0 1 620,621 "Odd-20-S-14";
620 0 0 622,2581 "Odd-20-A-14";
621 0 0 622,2580 "Odd-20-B-14";
622 0 1 623,624 "Odd-20-S-15";
623 0 0 625,2579 "Odd-20-A-15";
624 0 0 625,2578 "Odd-20-B-15";
625 0 1 615,627 "Odd-20-S-16";
626 0 0 616,2584 "Odd-20-B-12";
627 0 0 628,2576 "Odd-20-B-16";
628 0 1 629,630 "Odd-20-S-17";
629 0 0 631,2575 "Odd-20-A-17";
630 0 0 631,2574 "Odd-20-B-17";
631 0 1 632,633 "Odd-20-S-18";
632 0 0 634,2573 "Odd-20-A-18";
633 0 0 634,2572 "Odd-20-B-18";
634 0 1 635,564 "Odd-20-S-19";
635 0 0 514,2571 "Odd-20-A-19";
636 0 0 648,2591 "Odd-20-A-9";
637 0 0 605,2608 "Odd-18-B-0";
638 0 0 605,2609 "Odd-18-A-0";
639 0 1 638,637 "Odd-18-S-0";
640 0 0 642,2595 "Odd-20-A-7";
641 0 0 642,2594 "Odd-20-B-7";
642 0 1 643,644 "Odd-20-S-8";
643 0 0 645,2593 "Odd-20-A-8";
644 0 0 645,2592 "Odd-20-B-8";
645 0 1 636,647 "Odd-20-S-9";
646 0 1 1464,2552 "Odd-28-Z";
647 0 0 648,2590 "Odd-20-B-9";
648 0 1 649,650 "Odd-20-S-10";
649 0 0 651,2589 "Odd-20-A-10";
650 0 0 651,2588 "Odd-20-B-10";
651 0 1 652,653 "Odd-20-S-11";
652 0 0 654,2587 "Odd-20-A-11";
653 0 0 654,2586 "Odd-20-B-11";
654 0 1 655,626 "Odd-20-S-12";
655 0 0 616,2585 "Odd-20-A-12";
656 0 0 664,2603 "Odd-7-A-3";
657 0 0 695,2597 "Odd-7-A-6";
658 0 1 657,666 "Odd-7-S-6";
659 0 0 658,2598 "Odd-7-B-5";
660 0 0 658,2599 "Odd-7-A-5";
661 0 1 660,659 "Odd-7-S-5";
662 0 0 661,2600 "Odd-7-B-4";
663 0 0 661,2601 "Odd-7-A-4";
664 0 1 663,662 "Odd-7-S-4";
665 0 0 664,2602 "Odd-7-B-3";
666 0 0 695,2596 "Odd-7-B-6";
667 0 1 656,665 "Odd-7-S-3";
668 0 0 667,2604 "Odd-7-B-2";
669 0 0 667,2605 "Odd-7-A-2";
670 0 1 669,668 "Odd-7-S-2";
671 0 0 670,2606 "Odd-7-B-1";
672 0 0 670,2607 "Odd-7-A-1";
673 0 1 672,671 "Odd-7-S-1";
674 0 0 673,2608 "Odd-7-B-0";
675 0 0 673,2609 "Odd-7-A-0";
676 0 0 687,2600 "Odd-22-B-4";
677 0 0 678,2606 "Odd-22-B-1";
678 0 1 679,680 "Odd-22-S-2";
679 0 0 681,2605 "Odd-22-A-2";
680 0 0 681,2604 "Odd-22-B-2";
681 0 1 682,683 "Odd-22-S-3";
682 0 0 684,2603 "Odd-22-A-3";
683 0 0 684,2602 "Odd-22-B-3";
684 0 1 685,676 "Odd-22-S-4";
685 0 0 687,2601 "Odd-22-A-4";
686 0 1 675,674 "Odd-7-S-0";
687 0 1 688,689 "Odd-22-S-5";
688 0 0 690,2599 "Odd-22-A-5";
689 0 0 690,2598 "Odd-22-B-5";
690 0 1 691,692 "Odd-22-S-6";
691 0 0 693,2597 "Odd-22-A-6";
692 0 0 693,2596 "Odd-22-B-6";
693 0 1 694,717 "Odd-22-S-7";
694 0 0 718,2595 "Odd-22-A-7";
695 0 1 1962,2594,2592,2590,2588,2586,2584,2582,2580,2578,2576,2574,2572,2570,2568,2566,2564,2562,2560,2558,2556,2554,2552 "Odd-7-Z";
696 0 0 705,2598 "Odd-6-B-5";
697 0 0 699,2581 "Odd-22-A-14";
698 0 0 699,2580 "Odd-22-B-14";
699 0 1 700,701 "Odd-22-S-15";
700 0 0 702,2579 "Odd-22-A-15";
701 0 0 702,2578 "Odd-22-B-15";
702 0 1 703,704 "Odd-22-S-16";
703 0 0 923,2577 "Odd-22-A-16";
704 0 0 923,2576 "Odd-22-B-16";
705 0 1 1931,2596,2594,2592,2590,2588,2586,2584,2582,2580,2578,2576,2574,2572,2570,2568,2566,2564,2562,2560,2558,2556,2554,2552 "Odd-6-Z";
706 0 1 697,698 "Odd-22-S-14";
707 0 0 705,2599 "Odd-6-A-5";
708 0 1 707,696 "Odd-6-S-5";
709 0 0 708,2600 "Odd-6-B-4";
710 0 0 708,2601 "Odd-6-A-4";
711 0 1 710,709 "Odd-6-S-4";
712 0 0 711,2602 "Odd-6-B-3";
713 0 0 711,2603 "Odd-6-A-3";
714 0 1 713,712 "Odd-6-S-3";
715 0 0 714,2604 "Odd-6-B-2";
716 0 0 727,2588 "Odd-22-B-10";
717 0 0 718,2594 "Odd-22-B-7";
718 0 1 719,720 "Odd-22-S-8";
719 0 0 721,2593 "Odd-22-A-8";
720 0 0 721,2592 "Odd-22-B-8";
721 0 1 722,723 "Odd-22-S-9";
722 0 0 724,2591 "Odd-22-A-9";
723 0 0 724,2590 "Odd-22-B-9";
724 0 1 725,716 "Odd-22-S-10";
725 0 0 727,2589 "Odd-22-A-10";
726 0 0 678,2607 "Odd-22-A-1";
727 0 1 728,729 "Odd-22-S-11";
728 0 0 730,2587 "Odd-22-A-11";
729 0 0 730,2586 "Odd-22-B-11";
730 0 1 731,732 "Odd-22-S-12";
731 0 0 733,2585 "Odd-22-A-12";
732 0 0 733,2584 "Odd-22-B-12";
733 0 1 734,735 "Odd-22-S-13";
734 0 0 706,2583 "Odd-22-A-13";
735 0 0 706,2582 "Odd-22-B-13";
736 0 0 747,2568 "Odd-27-B-20";
737 0 0 738,2574 "Odd-27-B-17";
738 0 1 739,740 "Odd-27-S-18";
739 0 0 741,2573 "Odd-27-A-18";
740 0 0 741,2572 "Odd-27-B-18";
741 0 1 742,743 "Odd-27-S-19";
742 0 0 744,2571 "Odd-27-A-19";
743 0 0 744,2570 "Odd-27-B-19";
744 0 1 745,736 "Odd-27-S-20";
745 0 0 747,2569 "Odd-27-A-20";
746 0 0 738,2575 "Odd-27-A-17";
747 0 1 748,749 "Odd-27-S-21";
748 0 0 750,2567 "Odd-27-A-21";
749 0 0 750,2566 "Odd-27-B-21";
750 0 1 751,752 "Odd-27-S-22";
751 0 0 753,2565 "Odd-27-A-22";
752 0 0 753,2564 "Odd-27-B-22";
753 0 1 754,755 "Odd-27-S-23";
754 0 0 766,2563 "Odd-27-A-23";
755 0 0 766,2562 "Odd-27-B-23";
756 0 1 765,764 "Odd-9-S-2";
757 0 1 1125,1174 "Odd-9-S-5";
758 0 0 757,2600 "Odd-9-B-4";
759 0 0 757,2601 "Odd-9-A-4";
760 0 1 759,758 "Odd-9-S-4";
761 0 0 760,2602 "Odd-9-B-3";
762 0 0 760,2603 "Odd-9-A-3";
763 0 1 762,761 "Odd-9-S-3";
764 0 0 763,2604 "Odd-9-B-2";
765 0 0 763,2605 "Odd-9-A-2";
766 0 1 797,798 "Odd-27-S-24";
767 0 0 756,2606 "Odd-9-B-1";
768 0 0 756,2607 "Odd-9-A-1";
769 0 1 768,767 "Odd-9-S-1";
770 0 0 769,2608 "Odd-9-B-0";
771 0 0 769,2609 "Odd-9-A-0";
772 0 1 771,770 "Odd-9-S-0";
773 0 0 775,2577 "Odd-27-A-16";
774 0 0 775,2576 "Odd-27-B-16";
775 0 1 746,737 "Odd-27-S-17";
776 0 0 785,2606 "Odd-8-B-1";
777 0 0 786,2600 "Odd-8-B-4";
778 0 0 786,2601 "Odd-8-A-4";
779 0 1 778,777 "Odd-8-S-4";
780 0 0 779,2602 "Odd-8-B-3";
781 0 0 779,2603 "Odd-8-A-3";
782 0 1 781,780 "Odd-8-S-3";
783 0 0 782,2604 "Odd-8-B-2";
784 0 0 782,2605 "Odd-8-A-2";
785 0 1 784,783 "Odd-8-S-2";
786 0 1 814,813 "Odd-8-S-5";
787 0 0 785,2607 "Odd-8-A-1";
788 0 1 787,776 "Odd-8-S-1";
789 0 0 788,2608 "Odd-8-B-0";
790 0 0 788,2609 "Odd-8-A-0";
791 0 1 790,789 "Odd-8-S-0";
792 0 1 793,794 "Odd-22-S-0";
793 0 0 795,2609 "Odd-22-A-0";
794 0 0 795,2608 "Odd-22-B-0";
795 0 1 726,677 "Odd-22-S-1";
796 0 1 2098,2592,2590,2588,2586,2584,2582,2580,2578,2576,2574,2572,2570,2568,2566,2564,2562,2560,2558,2556,2554,2552 "Odd-8-Z";
797 0 0 799,2561 "Odd-27-A-24";
798 0 0 799,2560 "Odd-27-B-24";
799 0 1 800,801 "Odd-27-S-25";
800 0 0 802,2559 "Odd-27-A-25";
801 0 0 802,2558 "Odd-27-B-25";
802 0 1 803,804 "Odd-27-S-26";
803 0 0 805,2557 "Odd-27-A-26";
804 0 0 805,2556 "Odd-27-B-26";
805 0 1 1505,2554,2552 "Odd-27-Z";
806 0 0 714,2605 "Odd-6-A-2";
807 0 0 796,2594 "Odd-8-B-7";
808 0 0 796,2595 "Odd-8-A-7";
809 0 1 808,807 "Odd-8-S-7";
810 0 0 809,2596 "Odd-8-B-6";
811 0 0 809,2597 "Odd-8-A-6";
812 0 1 811,810 "Odd-8-S-6";
813 0 0 812,2598 "Odd-8-B-5";
814 0 0 812,2599 "Odd-8-A-5";
815 0 0 827,2579 "Odd-28-A-15";
816 0 0 825,2608 "Odd-3-B-0";
817 0 0 825,2609 "Odd-3-A-0";
818 0 1 817,816 "Odd-3-S-0";
819 0 0 821,2583 "Odd-28-A-13";
820 0 0 821,2582 "Odd-28-B-13";
821 0 1 822,823 "Odd-28-S-14";
822 0 0 824,2581 "Odd-28-A-14";
823 0 0 824,2580 "Odd-28-B-14";
824 0 1 815,826 "Odd-28-S-15";
825 0 1 854,853 "Odd-3-S-1";
826 0 0 827,2578 "Odd-28-B-15";
827 0 1 828,829 "Odd-28-S-16";
828 0 0 830,2577 "Odd-28-A-16";
829 0 0 830,2576 "Odd-28-B-16";
830 0 1 831,832 "Odd-28-S-17";
831 0 0 833,2575 "Odd-28-A-17";
832 0 0 833,2574 "Odd-28-B-17";
833 0 1 834,882 "Odd-28-S-18";
834 0 0 883,2573 "Odd-28-A-18";
835 0 1 846,847 "Odd-28-S-12";
836 0 1 837,838 "Odd-28-S-9";
837 0 0 839,2591 "Odd-28-A-9";
838 0 0 839,2590 "Odd-28-B-9";
839 0 1 840,841 "Odd-28-S-10";
840 0 0 842,2589 "Odd-28-A-10";
841 0 0 842,2588 "Odd-28-B-10";
842 0 1 843,844 "Odd-28-S-11";
843 0 0 835,2587 "Odd-28-A-11";
844 0 0 835,2586 "Odd-28-B-11";
845 0 1 1993,2604,2602,2600,2598,2596,2594,2592,2590,2588,2586,2584,2582,2580,2578,2576,2574,2572,2570,2568,2566,2564,2562,2560,2558,2556,2554,2552 "Odd-2-Z";
846 0 0 848,2585 "Odd-28-A-12";
847 0 0 848,2584 "Odd-28-B-12";
848 0 1 819,820 "Odd-28-S-13";
849 0 1 1982,2602,2600,2598,2596,2594,2592,2590,2588,2586,2584,2582,2580,2578,2576,2574,2572,2570,2568,2566,2564,2562,2560,2558,2556,2554,2552 "Odd-3-Z";
850 0 0 849,2604 "Odd-3-B-2";
851 0 0 849,2605 "Odd-3-A-2";
852 0 1 851,850 "Odd-3-S-2";
853 0 0 852,2606 "Odd-3-B-1";
854 0 0 852,2607 "Odd-3-A-1";
855 0 1 866,867 "Odd-28-S-25";
856 0 0 865,2608 "Odd-1-B-0";
857 0 0 865,2609 "Odd-1-A-0";
858 0 1 857,856 "Odd-1-S-0";
859 0 1 860,861 "Odd-28-S-23";
860 0 0 862,2563 "Odd-28-A-23";
861 0 0 862,2562 "Odd-28-B-23";
862 0 1 863,864 "Odd-28-S-24";
863 0 0 855,2561 "Odd-28-A-24";
864 0 0 855,2560 "Odd-28-B-24";
865 0 1 2001,2606,2604,2602,2600,2598,2596,2594,2592,2590,2588,2586,2584,2582,2580,2578,2576,2574,2572,2570,2568,2566,2564,2562,2560,2558,2556,2554,2552 "Odd-1-Z";
866 0 0 868,2559 "Odd-28-A-25";
867 0 0 868,2558 "Odd-28-B-25";
868 0 1 870,871 "Odd-28-S-26";
869 0 1 2006,2608,2606,2604,2602,2600,2598,2596,2594,2592,2590,2588,2586,2584,2582,2580,2578,2576,2574,2572,2570,2568,2566,2564,2562,2560,2558,2556,2554,2552 "Odd-0-Z";
870 0 0 872,2557 "Odd-28-A-26";
871 0 0 872,2556 "Odd-28-B-26";
872 0 1 873,874 "Odd-28-S-27";
873 0 0 646,2555 "Odd-28-A-27";
874 0 0 646,2554 "Odd-28-B-27";
875 0 0 886,2570 "Odd-28-B-19";
876 0 0 845,2606 "Odd-2-B-1";
877 0 0 845,2607 "Odd-2-A-1";
878 0 1 877,876 "Odd-2-S-1";
879 0 0 878,2608 "Odd-2-B-0";
880 0 0 878,2609 "Odd-2-A-0";
881 0 1 880,879 "Odd-2-S-0";
882 0 0 883,2572 "Odd-28-B-18";
883 0 1 884,875 "Odd-28-S-19";
884 0 0 886,2571 "Odd-28-A-19";
885 0 0 836,2592 "Odd-28-B-8";
886 0 1 887,888 "Odd-28-S-20";
887 0 0 889,2569 "Odd-28-A-20";
888 0 0 889,2568 "Odd-28-B-20";
889 0 1 890,891 "Odd-28-S-21";
890 0 0 892,2567 "Odd-28-A-21";
891 0 0 892,2566 "Odd-28-B-21";
892 0 1 893,894 "Odd-28-S-22";
893 0 0 859,2565 "Odd-28-A-22";
894 0 0 859,2564 "Odd-28-B-22";
895 0 1 904,903 "Odd-5-S-3";
896 0 0 898,2567 "Odd-22-A-21";
897 0 0 898,2566 "Odd-22-B-21";
898 0 1 2284,2564,2562,2560,2558,2556,2554,2552 "Odd-22-Z";
899 0 1 1951,2598,2596,2594,2592,2590,2588,2586,2584,2582,2580,2578,2576,2574,2572,2570,2568,2566,2564,2562,2560,2558,2556,2554,2552 "Odd-5-Z";
900 0 0 899,2600 "Odd-5-B-4";
901 0 0 899,2601 "Odd-5-A-4";
902 0 1 901,900 "Odd-5-S-4";
903 0 0 902,2602 "Odd-5-B-3";
904 0 0 902,2603 "Odd-5-A-3";
905 0 1 896,897 "Odd-22-S-21";
906 0 0 895,2604 "Odd-5-B-2";
907 0 0 895,2605 "Odd-5-A-2";
908 0 1 907,906 "Odd-5-S-2";
909 0 0 908,2606 "Odd-5-B-1";
910 0 0 908,2607 "Odd-5-A-1";
911 0 1 910,909 "Odd-5-S-1";
912 0 0 911,2608 "Odd-5-B-0";
913 0 0 911,2609 "Odd-5-A-0";
914 0 1 913,912 "Odd-5-S-0";
915 0 0 926,2574 "Odd-22-B-17";
916 0 1 806,715 "Odd-6-S-2";
917 0 0 916,2606 "Odd-6-B-1";
918 0 0 916,2607 "Odd-6-A-1";
919 0 1 918,917 "Odd-6-S-1";
920 0 0 919,2608 "Odd-6-B-0";
921 0 0 919,2609 "Odd-6-A-0";
922 0 1 921,920 "Odd-6-S-0";
923 0 1 924,915 "Odd-22-S-17";
924 0 0 926,2575 "Odd-22-A-17";
925 0 1 956,957 "Odd-28-S-0";
926 0 1 927,928 "Odd-22-S-18";
927 0 0 929,2573 "Odd-22-A-18";
928 0 0 929,2572 "Odd-22-B-18";
929 0 1 930,931 "Odd-22-S-19";
930 0 0 932,2571 "Odd-22-A-19";
931 0 0 932,2570 "Odd-22-B-19";
932 0 1 933,934 "Odd-22-S-20";
933 0 0 905,2569 "Odd-22-A-20";
934 0 0 905,2568 "Odd-22-B-20";
935 0 0 943,2607 "Odd-4-A-1";
936 0 0 950,2596 "Odd-28-B-6";
937 0 1 2008,2600,2598,2596,2594,2592,2590,2588,2586,2584,2582,2580,2578,2576,2574,2572,2570,2568,2566,2564,2562,2560,2558,2556,2554,2552 "Odd-4-Z";
938 0 0 937,2602 "Odd-4-B-3";
939 0 0 937,2603 "Odd-4-A-3";
940 0 1 939,938 "Odd-4-S-3";
941 0 0 940,2604 "Odd-4-B-2";
942 0 0 940,2605 "Odd-4-A-2";
943 0 1 942,941 "Odd-4-S-2";
944 0 0 943,2606 "Odd-4-B-1";
945 0 0 950,2597 "Odd-28-A-6";
946 0 1 935,944 "Odd-4-S-1";
947 0 0 946,2608 "Odd-4-B-0";
948 0 0 946,2609 "Odd-4-A-0";
949 0 1 948,947 "Odd-4-S-0";
950 0 1 951,952 "Odd-28-S-7";
951 0 0 953,2595 "Odd-28-A-7";
952 0 0 953,2594 "Odd-28-B-7";
953 0 1 954,885 "Odd-28-S-8";
954 0 0 836,2593 "Odd-28-A-8";
955 0 0 967,2603 "Odd-28-A-3";
956 0 0 958,2609 "Odd-28-A-0";
957 0 0 958,2608 "Odd-28-B-0";
958 0 1 959,960 "Odd-28-S-1";
959 0 0 961,2607 "Odd-28-A-1";
960 0 0 961,2606 "Odd-28-B-1";
961 0 1 962,963 "Odd-28-S-2";
962 0 0 964,2605 "Odd-28-A-2";
963 0 0 964,2604 "Odd-28-B-2";
964 0 1 955,966 "Odd-28-S-3";
965 0 0 225,2585 "Odd-13-A-12";
966 0 0 967,2602 "Odd-28-B-3";
967 0 1 968,969 "Odd-28-S-4";
968 0 0 970,2601 "Odd-28-A-4";
969 0 0 970,2600 "Odd-28-B-4";
970 0 1 971,972 "Odd-28-S-5";
971 0 0 973,2599 "Odd-28-A-5";
972 0 0 973,2598 "Odd-28-B-5";
973 0 1 945,936 "Odd-28-S-6";
974 0 0 983,2574 "Odd-26-B-17";
975 0 0 1010,2609 "Odd-23-A-0";
976 0 1 975,984 "Odd-23-S-0";
977 0 1 1001,1000 "Odd-26-S-20";
978 0 0 977,2570 "Odd-26-B-19";
979 0 0 977,2571 "Odd-26-A-19";
980 0 1 979,978 "Odd-26-S-19";
981 0 0 980,2572 "Odd-26-B-18";
982 0 0 980,2573 "Odd-26-A-18";
983 0 1 982,981 "Odd-26-S-18";
984 0 0 1010,2608 "Odd-23-B-0";
985 0 0 983,2575 "Odd-26-A-17";
986 0 1 985,974 "Odd-26-S-17";
987 0 0 986,2576 "Odd-26-B-16";
988 0 0 986,2577 "Odd-26-A-16";
989 0 1 988,987 "Odd-26-S-16";
990 0 0 989,2578 "Odd-26-B-15";
991 0 0 989,2579 "Odd-26-A-15";
992 0 1 991,990 "Odd-26-S-15";
993 0 0 1101,2602 "Odd-23-B-3";
994 0 0 1038,2564 "Odd-26-B-22";
995 0 0 1038,2565 "Odd-26-A-22";
996 0 1 995,994 "Odd-26-S-22";
997 0 0 996,2566 "Odd-26-B-21";
998 0 0 996,2567 "Odd-26-A-21";
999 0 1 998,997 "Odd-26-S-21";
1000 0 0 999,2568 "Odd-26-B-20";
1001 0 0 999,2569 "Odd-26-A-20";
1002 0 1 1028,1111 "Odd-13-S-0";
1003 0 0 1101,2603 "Odd-23-A-3";
1004 0 1 1003,993 "Odd-23-S-3";
1005 0 0 1004,2604 "Odd-23-B-2";
1006 0 0 1004,2605 "Odd-23-A-2";
1007 0 1 1006,1005 "Odd-23-S-2";
1008 0 0 1007,2606 "Odd-23-B-1";
1009 0 0 1007,2607 "Odd-23-A-1";
1010 0 1 1009,1008 "Odd-23-S-1";
1011 0 0 1018,2605 "Odd-11-A-2";
1012 0 1 1020,1046 "Odd-11-S-5";
1013 0 0 1012,2600 "Odd-11-B-4";
1014 0 0 1012,2601 "Odd-11-A-4";
1015 0 1 1014,1013 "Odd-11-S-4";
1016 0 0 1015,2602 "Odd-11-B-3";
1017 0 0 1015,2603 "Odd-11-A-3";
1018 0 1 1017,1016 "Odd-11-S-3";
1019 0 0 1018,2604 "Odd-11-B-2";
1020 0 0 1045,2599 "Odd-11-A-5";
1021 0 1 1011,1019 "Odd-11-S-2";
1022 0 0 1021,2606 "Odd-11-B-1";
1023 0 0 1021,2607 "Odd-11-A-1";
1024 0 1 1023,1022 "Odd-11-S-1";
1025 0 0 1024,2608 "Odd-11-B-0";
1026 0 0 1024,2609 "Odd-11-A-0";
1027 0 1 1026,1025 "Odd-11-S-0";
1028 0 0 1213,2609 "Odd-13-A-0";
1029 0 0 1036,2593 "Odd-11-A-8";
1030 0 1 1786,2586,2584,2582,2580,2578,2576,2574,2572,2570,2568,2566,2564,2562,2560,2558,2556,2554,2552 "Odd-11-Z";
1031 0 0 1030,2588 "Odd-11-B-10";
1032 0 0 1030,2589 "Odd-11-A-10";
1033 0 1 1032,1031 "Odd-11-S-10";
1034 0 0 1033,2590 "Odd-11-B-9";
1035 0 0 1033,2591 "Odd-11-A-9";
1036 0 1 1035,1034 "Odd-11-S-9";
1037 0 0 1036,2592 "Odd-11-B-8";
1038 0 1 1085,1067 "Odd-26-S-23";
1039 0 1 1029,1037 "Odd-11-S-8";
1040 0 0 1039,2594 "Odd-11-B-7";
1041 0 0 1039,2595 "Odd-11-A-7";
1042 0 1 1041,1040 "Odd-11-S-7";
1043 0 0 1042,2596 "Odd-11-B-6";
1044 0 0 1042,2597 "Odd-11-A-6";
1045 0 1 1044,1043 "Odd-11-S-6";
1046 0 0 1045,2598 "Odd-11-B-5";
1047 0 0 1056,2590 "Odd-12-B-9";
1048 0 0 1088,2573 "Odd-21-A-18";
1049 0 0 1088,2572 "Odd-21-B-18";
1050 0 1 1802,2584,2582,2580,2578,2576,2574,2572,2570,2568,2566,2564,2562,2560,2558,2556,2554,2552 "Odd-12-Z";
1051 0 0 1050,2586 "Odd-12-B-11";
1052 0 0 1050,2587 "Odd-12-A-11";
1053 0 1 1052,1051 "Odd-12-S-11";
1054 0 0 1053,2588 "Odd-12-B-10";
1055 0 0 1053,2589 "Odd-12-A-10";
1056 0 1 1055,1054 "Odd-12-S-10";
1057 0 1 1048,1049 "Odd-21-S-18";
1058 0 0 1056,2591 "Odd-12-A-9";
1059 0 1 1058,1047 "Odd-12-S-9";
1060 0 0 1059,2592 "Odd-12-B-8";
1061 0 0 1059,2593 "Odd-12-A-8";
1062 0 1 1061,1060 "Odd-12-S-8";
1063 0 0 1062,2594 "Odd-12-B-7";
1064 0 0 1062,2595 "Odd-12-A-7";
1065 0 1 1064,1063 "Odd-12-S-7";
1066 0 1 1076,1077 "Odd-21-S-15";
1067 0 0 1068,2562 "Odd-26-B-23";
1068 0 1 1069,1070 "Odd-26-S-24";
1069 0 0 1071,2561 "Odd-26-A-24";
1070 0 0 1071,2560 "Odd-26-B-24";
1071 0 1 1072,1073 "Odd-26-S-25";
1072 0 0 1074,2559 "Odd-26-A-25";
1073 0 0 1074,2558 "Odd-26-B-25";
1074 0 1 1406,2556,2554,2552 "Odd-26-Z";
1075 0 0 1065,2596 "Odd-12-B-6";
1076 0 0 1078,2579 "Odd-21-A-15";
1077 0 0 1078,2578 "Odd-21-B-15";
1078 0 1 1079,1080 "Odd-21-S-16";
1079 0 0 1081,2577 "Odd-21-A-16";
1080 0 0 1081,2576 "Odd-21-B-16";
1081 0 1 1082,1083 "Odd-21-S-17";
1082 0 0 1057,2575 "Odd-21-A-17";
1083 0 0 1057,2574 "Odd-21-B-17";
1084 0 0 1094,2568 "Odd-21-B-20";
1085 0 0 1068,2563 "Odd-26-A-23";
1086 0 0 1119,2609 "Odd-12-A-0";
1087 0 1 1086,1093 "Odd-12-S-0";
1088 0 1 1089,1090 "Odd-21-S-19";
1089 0 0 1091,2571 "Odd-21-A-19";
1090 0 0 1091,2570 "Odd-21-B-19";
1091 0 1 1092,1084 "Odd-21-S-20";
1092 0 0 1094,2569 "Odd-21-A-20";
1093 0 0 1119,2608 "Odd-12-B-0";
1094 0 1 2352,2566,2564,2562,2560,2558,2556,2554,2552 "Odd-21-Z";
1095 0 1 255,254 "Odd-23-S-6";
1096 0 0 1095,2598 "Odd-23-B-5";
1097 0 0 1095,2599 "Odd-23-A-5";
1098 0 1 1097,1096 "Odd-23-S-5";
1099 0 0 1098,2600 "Odd-23-B-4";
1100 0 0 1098,2601 "Odd-23-A-4";
1101 0 1 1100,1099 "Odd-23-S-4";
1102 0 0 1110,2602 "Odd-12-B-3";
1103 0 0 1065,2597 "Odd-12-A-6";
1104 0 1 1103,1075 "Odd-12-S-6";
1105 0 0 1104,2598 "Odd-12-B-5";
1106 0 0 1104,2599 "Odd-12-A-5";
1107 0 1 1106,1105 "Odd-12-S-5";
1108 0 0 1107,2600 "Odd-12-B-4";
1109 0 0 1107,2601 "Odd-12-A-4";
1110 0 1 1109,1108 "Odd-12-S-4";
1111 0 0 1213,2608 "Odd-13-B-0";
1112 0 0 1110,2603 "Odd-12-A-3";
1113 0 1 1112,1102 "Odd-12-S-3";
1114 0 0 1113,2604 "Odd-12-B-2";
1115 0 0 1113,2605 "Odd-12-A-2";
1116 0 1 1115,1114 "Odd-12-S-2";
1117 0 0 1116,2606 "Odd-12-B-1";
1118 0 0 1116,2607 "Odd-12-A-1";
1119 0 1 1118,1117 "Odd-12-S-1";
1120 0 1 1131,1132 "Odd-27-S-5";
1121 0 0 1156,2607 "Odd-10-A-1";
1122 0 1 1121,1130 "Odd-10-S-1";
1123 0 0 1122,2608 "Odd-10-B-0";
1124 0 0 1122,2609 "Odd-10-A-0";
1125 0 0 1173,2599 "Odd-9-A-5";
1126 0 1 1124,1123 "Odd-10-S-0";
1127 0 1 1128,1129 "Odd-27-S-4";
1128 0 0 1120,2601 "Odd-27-A-4";
1129 0 0 1120,2600 "Odd-27-B-4";
1130 0 0 1156,2606 "Odd-10-B-1";
1131 0 0 1133,2599 "Odd-27-A-5";
1132 0 0 1133,2598 "Odd-27-B-5";
1133 0 1 1134,1135 "Odd-27-S-6";
1134 0 0 1136,2597 "Odd-27-A-6";
1135 0 0 1136,2596 "Odd-27-B-6";
1136 0 1 1137,1138 "Odd-27-S-7";
1137 0 0 1148,2595 "Odd-27-A-7";
1138 0 0 1148,2594 "Odd-27-B-7";
1139 0 0 1147,2600 "Odd-10-B-4";
1140 0 0 1231,2595 "Odd-10-A-7";
1141 0 1 1140,1184 "Odd-10-S-7";
1142 0 0 1141,2596 "Odd-10-B-6";
1143 0 0 1141,2597 "Odd-10-A-6";
1144 0 1 1143,1142 "Odd-10-S-6";
1145 0 0 1144,2598 "Odd-10-B-5";
1146 0 0 1144,2599 "Odd-10-A-5";
1147 0 1 1146,1145 "Odd-10-S-5";
1148 0 1 1176,1177 "Odd-27-S-8";
1149 0 0 1147,2601 "Odd-10-A-4";
1150 0 1 1149,1139 "Odd-10-S-4";
1151 0 0 1150,2602 "Odd-10-B-3";
1152 0 0 1150,2603 "Odd-10-A-3";
1153 0 1 1152,1151 "Odd-10-S-3";
1154 0 0 1153,2604 "Odd-10-B-2";
1155 0 0 1153,2605 "Odd-10-A-2";
1156 0 1 1155,1154 "Odd-10-S-2";
1157 0 0 1164,2593 "Odd-9-A-8";
1158 0 0 1160,2581 "Odd-27-A-14";
1159 0 0 1160,2580 "Odd-27-B-14";
1160 0 1 1161,1162 "Odd-27-S-15";
1161 0 0 1163,2579 "Odd-27-A-15";
1162 0 0 1163,2578 "Odd-27-B-15";
1163 0 1 773,774 "Odd-27-S-16";
1164 0 1 2122,2590,2588,2586,2584,2582,2580,2578,2576,2574,2572,2570,2568,2566,2564,2562,2560,2558,2556,2554,2552 "Odd-9-Z";
1165 0 0 1164,2592 "Odd-9-B-8";
1166 0 1 1158,1159 "Odd-27-S-14";
1167 0 1 1157,1165 "Odd-9-S-8";
1168 0 0 1167,2594 "Odd-9-B-7";
1169 0 0 1167,2595 "Odd-9-A-7";
1170 0 1 1169,1168 "Odd-9-S-7";
1171 0 0 1170,2596 "Odd-9-B-6";
1172 0 0 1170,2597 "Odd-9-A-6";
1173 0 1 1172,1171 "Odd-9-S-6";
1174 0 0 1173,2598 "Odd-9-B-5";
1175 0 1 1185,1186 "Odd-27-S-11";
1176 0 0 1178,2593 "Odd-27-A-8";
1177 0 0 1178,2592 "Odd-27-B-8";
1178 0 1 1179,1180 "Odd-27-S-9";
1179 0 0 1181,2591 "Odd-27-A-9";
1180 0 0 1181,2590 "Odd-27-B-9";
1181 0 1 1182,1183 "Odd-27-S-10";
1182 0 0 1175,2589 "Odd-27-A-10";
1183 0 0 1175,2588 "Odd-27-B-10";
1184 0 0 1231,2594 "Odd-10-B-7";
1185 0 0 1187,2587 "Odd-27-A-11";
1186 0 0 1187,2586 "Odd-27-B-11";
1187 0 1 1188,1189 "Odd-27-S-12";
1188 0 0 1190,2585 "Odd-27-A-12";
1189 0 0 1190,2584 "Odd-27-B-12";
1190 0 1 1191,1192 "Odd-27-S-13";
1191 0 0 1166,2583 "Odd-27-A-13";
1192 0 0 1166,2582 "Odd-27-B-13";
1193 0 0 1205,2609 "Odd-27-A-0";
1194 0 1 1195,1196 "Odd-13-S-7";
1195 0 0 1197,2595 "Odd-13-A-7";
1196 0 0 1197,2594 "Odd-13-B-7";
1197 0 1 1198,1199 "Odd-13-S-8";
1198 0 0 1200,2593 "Odd-13-A-8";
1199 0 0 1200,2592 "Odd-13-B-8";
1200 0 1 1201,1221 "Odd-13-S-9";
1201 0 0 1230,2591 "Odd-13-A-9";
1202 0 1 1193,1204 "Odd-27-S-0";
1203 0 0 1194,2596 "Odd-13-B-6";
1204 0 0 1205,2608 "Odd-27-B-0";
1205 0 1 1206,1207 "Odd-27-S-1";
1206 0 0 1208,2607 "Odd-27-A-1";
1207 0 0 1208,2606 "Odd-27-B-1";
1208 0 1 1209,1210 "Odd-27-S-2";
1209 0 0 1211,2605 "Odd-27-A-2";
1210 0 0 1211,2604 "Odd-27-B-2";
1211 0 1 1239,1238 "Odd-27-S-3";
1212 0 0 1222,2602 "Odd-13-B-3";
1213 0 1 1214,1215 "Odd-13-S-1";
1214 0 0 1216,2607 "Odd-13-A-1";
1215 0 0 1216,2606 "Odd-13-B-1";
1216 0 1 1217,1218 "Odd-13-S-2";
1217 0 0 1219,2605 "Odd-13-A-2";
1218 0 0 1219,2604 "Odd-13-B-2";
1219 0 1 1220,1212 "Odd-13-S-3";
1220 0 0 1222,2603 "Odd-13-A-3";
1221 0 0 1230,2590 "Odd-13-B-9";
1222 0 1 1223,1224 "Odd-13-S-4";
1223 0 0 1225,2601 "Odd-13-A-4";
1224 0 0 1225,2600 "Odd-13-B-4";
1225 0 1 1226,1227 "Odd-13-S-5";
1226 0 0 1228,2599 "Odd-13-A-5";
1227 0 0 1228,2598 "Odd-13-B-5";
1228 0 1 1229,1203 "Odd-13-S-6";
1229 0 0 1194,2597 "Odd-13-A-6";
1230 0 1 1240,1246 "Odd-13-S-10";
1231 0 1 1232,1233 "Odd-10-S-8";
1232 0 0 1234,2593 "Odd-10-A-8";
1233 0 0 1234,2592 "Odd-10-B-8";
1234 0 1 1235,1236 "Odd-10-S-9";
1235 0 0 1237,2591 "Odd-10-A-9";
1236 0 0 1237,2590 "Odd-10-B-9";
1237 0 1 2036,2588,2586,2584,2582,2580,2578,2576,2574,2572,2570,2568,2566,2564,2562,2560,2558,2556,2554,2552 "Odd-10-Z";
1238 0 0 1127,2602 "Odd-27-B-3";
1239 0 0 1127,2603 "Odd-27-A-3";
1240 0 0 1245,2589 "Odd-13-A-10";
1241 0 0 225,2584 "Odd-13-B-12";
1242 0 1 965,1241 "Odd-13-S-12";
1243 0 0 1242,2586 "Odd-13-B-11";
1244 0 0 1242,2587 "Odd-13-A-11";
1245 0 1 1244,1243 "Odd-13-S-11";
1246 0 0 1245,2588 "Odd-13-B-10";
1247 1 0 1701,1599 "Even-24-S-12";
1248 1 1 1264,2596 "Even-24-A-6";
1249 1 1 1247,2587 "Even-24-B-11";
1250 1 1 1247,2586 "Even-24-A-11";
1251 1 0 1250,1249 "Even-24-S-11";
1252 1 1 1251,2589 "Even-24-B-10";
1253 1 1 1251,2588 "Even-24-A-10";
1254 1 0 1253,1252 "Even-24-S-10";
1255 1 1 1254,2591 "Even-24-B-9";
1256 1 1 1254,2590 "Even-24-A-9";
1257 1 1 1327,2604 "Even-23-A-2";
1258 1 0 1256,1255 "Even-24-S-9";
1259 1 1 1258,2593 "Even-24-B-8";
1260 1 1 1258,2592 "Even-24-A-8";
1261 1 0 1260,1259 "Even-24-S-8";
1262 1 1 1261,2595 "Even-24-B-7";
1263 1 1 1261,2594 "Even-24-A-7";
1264 1 0 1263,1262 "Even-24-S-7";
1265 1 1 1264,2597 "Even-24-B-6";
1266 1 1 1278,2591 "Even-23-B-9";
1267 1 0 1268,1269 "Even-24-S-4";
1268 1 1 1270,2600 "Even-24-A-4";
1269 1 1 1270,2601 "Even-24-B-4";
1270 1 0 1271,1272 "Even-24-S-5";
1271 1 1 1273,2598 "Even-24-A-5";
1272 1 1 1273,2599 "Even-24-B-5";
1273 1 0 1248,1265 "Even-24-S-6";
1274 1 1 1275,2593 "Even-23-B-8";
1275 1 0 1276,1266 "Even-23-S-9";
1276 1 1 1278,2590 "Even-23-A-9";
1277 1 1 1267,2603 "Even-24-B-3";
1278 1 0 1279,1280 "Even-23-S-10";
1279 1 1 1281,2588 "Even-23-A-10";
1280 1 1 1281,2589 "Even-23-B-10";
1281 1 0 1282,1283 "Even-23-S-11";
1282 1 1 1284,2586 "Even-23-A-11";
1283 1 1 1284,2587 "Even-23-B-11";
1284 1 0 1285,1286 "Even-23-S-12";
1285 1 1 1298,2584 "Even-23-A-12";
1286 1 1 1298,2585 "Even-23-B-12";
1287 1 1 1300,2608 "Even-24-A-0";
1288 1 1 1275,2592 "Even-23-A-8";
1289 1 0 1288,1274 "Even-23-S-8";
1290 1 1 1289,2595 "Even-23-B-7";
1291 1 1 1289,2594 "Even-23-A-7";
1292 1 0 1291,1290 "Even-23-S-7";
1293 1 1 1292,2597 "Even-23-B-6";
1294 1 1 1292,2596 "Even-23-A-6";
1295 1 0 1294,1293 "Even-23-S-6";
1296 1 1 1295,2599 "Even-23-B-5";
1297 1 0 1287,1299 "Even-24-S-0";
1298 1 0 1330,1331 "Even-23-S-13";
1299 1 1 1300,2609 "Even-24-B-0";
1300 1 0 1301,1302 "Even-24-S-1";
1301 1 1 1303,2606 "Even-24-A-1";
1302 1 1 1303,2607 "Even-24-B-1";
1303 1 0 1304,1305 "Even-24-S-2";
1304 1 1 1306,2604 "Even-24-A-2";
1305 1 1 1306,2605 "Even-24-B-2";
1306 1 0 1307,1277 "Even-24-S-3";
1307 1 1 1267,2602 "Even-24-A-3";
1308 1 0 2621,976 "Odd-23-T";
1309 1 0 1310,1311 "Even-23-S-20";
1310 1 1 1312,2568 "Even-23-A-20";
1311 1 1 1312,2569 "Even-23-B-20";
1312 1 0 1313,1314 "Even-23-S-21";
1313 1 1 1315,2566 "Even-23-A-21";
1314 1 1 1315,2567 "Even-23-B-21";
1315 1 0 1316,1317 "Even-23-S-22";
1316 1 1 1318,2564 "Even-23-A-22";
1317 1 1 1318,2565 "Even-23-B-22";
1318 1 0 2529,2561,2559,2557,2555,2553 "Even-23-Z";
1319 1 1 1309,2571 "Even-23-B-19";
1320 1 1 1295,2598 "Even-23-A-5";
1321 1 0 1320,1296 "Even-23-S-5";
1322 1 1 1321,2601 "Even-23-B-4";
1323 1 1 1321,2600 "Even-23-A-4";
1324 1 0 1323,1322 "Even-23-S-4";
1325 1 1 1324,2603 "Even-23-B-3";
1326 1 1 1324,2602 "Even-23-A-3";
1327 1 0 1326,1325 "Even-23-S-3";
1328 1 1 1327,2605 "Even-23-B-2";
1329 1 1 1341,2576 "Even-23-A-16";
1330 1 1 1332,2582 "Even-23-A-13";
1331 1 1 1332,2583 "Even-23-B-13";
1332 1 0 1333,1334 "Even-23-S-14";
1333 1 1 1335,2580 "Even-23-A-14";
1334 1 1 1335,2581 "Even-23-B-14";
1335 1 0 1336,1337 "Even-23-S-15";
1336 1 1 1338,2578 "Even-23-A-15";
1337 1 1 1338,2579 "Even-23-B-15";
1338 1 0 1329,1340 "Even-23-S-16";
1339 1 1 2230,2588 "Even-20-A-10";
1340 1 1 1341,2577 "Even-23-B-16";
1341 1 0 1342,1343 "Even-23-S-17";
1342 1 1 1344,2574 "Even-23-A-17";
1343 1 1 1344,2575 "Even-23-B-17";
1344 1 0 1345,1346 "Even-23-S-18";
1345 1 1 1347,2572 "Even-23-A-18";
1346 1 1 1347,2573 "Even-23-B-18";
1347 1 0 1348,1319 "Even-23-S-19";
1348 1 1 1309,2570 "Even-23-A-19";
1349 1 1 1359,2580 "Even-27-A-14";
1350 1 0 1361,1394 "Even-27-S-18";
1351 1 1 1350,2575 "Even-27-B-17";
1352 1 1 1350,2574 "Even-27-A-17";
1353 1 0 1352,1351 "Even-27-S-17";
1354 1 1 1353,2577 "Even-27-B-16";
1355 1 1 1353,2576 "Even-27-A-16";
1356 1 0 1355,1354 "Even-27-S-16";
1357 1 1 1356,2579 "Even-27-B-15";
1358 1 1 1356,2578 "Even-27-A-15";
1359 1 0 1358,1357 "Even-27-S-15";
1360 1 1 1359,2581 "Even-27-B-14";
1361 1 1 1393,2572 "Even-27-A-18";
1362 1 0 1349,1360 "Even-27-S-14";
1363 1 1 1362,2583 "Even-27-B-13";
1364 1 1 1362,2582 "Even-27-A-13";
1365 1 0 1364,1363 "Even-27-S-13";
1366 1 1 1365,2585 "Even-27-B-12";
1367 1 1 1365,2584 "Even-27-A-12";
1368 1 0 1367,1366 "Even-27-S-12";
1369 1 1 1368,2587 "Even-27-B-11";
1370 1 1 1368,2586 "Even-27-A-11";
1371 1 0 1370,1369 "Even-27-S-11";
1372 1 0 1383,1382 "Even-27-S-22";
1373 1 1 1429,2559 "Even-27-B-25";
1374 1 1 1429,2558 "Even-27-A-25";
1375 1 0 1374,1373 "Even-27-S-25";
1376 1 1 1375,2561 "Even-27-B-24";
1377 1 1 1375,2560 "Even-27-A-24";
1378 1 0 1377,1376 "Even-27-S-24";
1379 1 1 1378,2563 "Even-27-B-23";
1380 1 1 1378,2562 "Even-27-A-23";
1381 1 0 1380,1379 "Even-27-S-23";
1382 1 1 1381,2565 "Even-27-B-22";
1383 1 1 1381,2564 "Even-27-A-22";
1384 1 1 1371,2589 "Even-27-B-10";
1385 1 1 1372,2567 "Even-27-B-21";
1386 1 1 1372,2566 "Even-27-A-21";
1387 1 0 1386,1385 "Even-27-S-21";
1388 1 1 1387,2569 "Even-27-B-20";
1389 1 1 1387,2568 "Even-27-A-20";
1390 1 0 1389,1388 "Even-27-S-20";
1391 1 1 1390,2571 "Even-27-B-19";
1392 1 1 1390,2570 "Even-27-A-19";
1393 1 0 1392,1391 "Even-27-S-19";
1394 1 1 1393,2573 "Even-27-B-18";
1395 1 0 2528,2555,2553 "Even-26-Z";
1396 1 0 1407,1439 "Even-27-S-3";
1397 1 1 1396,2605 "Even-27-B-2";
1398 1 1 1396,2604 "Even-27-A-2";
1399 1 0 1398,1397 "Even-27-S-2";
1400 1 1 1399,2607 "Even-27-B-1";
1401 1 1 1399,2606 "Even-27-A-1";
1402 1 0 1401,1400 "Even-27-S-1";
1403 1 1 1402,2609 "Even-27-B-0";
1404 1 1 1402,2608 "Even-27-A-0";
1405 1 0 1404,1403 "Even-27-S-0";
1406 1 0 2615,180 "Odd-26-T";
1407 1 1 1438,2602 "Even-27-A-3";
1408 1 1 1395,2559 "Even-26-B-25";
1409 1 1 1395,2558 "Even-26-A-25";
1410 1 0 1409,1408 "Even-26-S-25";
1411 1 1 1410,2561 "Even-26-B-24";
1412 1 1 1410,2560 "Even-26-A-24";
1413 1 0 1412,1411 "Even-26-S-24";
1414 1 1 1413,2563 "Even-26-B-23";
1415 1 1 1413,2562 "Even-26-A-23";
1416 1 0 1415,1414 "Even-26-S-23";
1417 1 1 1416,2565 "Even-26-B-22";
1418 1 0 1428,1427 "Even-27-S-7";
1419 1 1 1371,2588 "Even-27-A-10";
1420 1 0 1419,1384 "Even-27-S-10";
1421 1 1 1420,2591 "Even-27-B-9";
1422 1 1 1420,2590 "Even-27-A-9";
1423 1 0 1422,1421 "Even-27-S-9";
1424 1 1 1423,2593 "Even-27-B-8";
1425 1 1 1423,2592 "Even-27-A-8";
1426 1 0 1425,1424 "Even-27-S-8";
1427 1 1 1426,2595 "Even-27-B-7";
1428 1 1 1426,2594 "Even-27-A-7";
1429 1 0 1508,1507 "Even-27-S-26";
1430 1 1 1418,2597 "Even-27-B-6";
1431 1 1 1418,2596 "Even-27-A-6";
1432 1 0 1431,1430 "Even-27-S-6";
1433 1 1 1432,2599 "Even-27-B-5";
1434 1 1 1432,2598 "Even-27-A-5";
1435 1 0 1434,1433 "Even-27-S-5";
1436 1 1 1435,2601 "Even-27-B-4";
1437 1 1 1435,2600 "Even-27-A-4";
1438 1 0 1437,1436 "Even-27-S-4";
1439 1 1 1438,2603 "Even-27-B-3";
1440 1 0 1451,1450 "Even-28-S-17";
1441 1 1 1452,2569 "Even-28-B-20";
1442 1 1 1452,2568 "Even-28-A-20";
1443 1 0 1442,1441 "Even-28-S-20";
1444 1 1 1443,2571 "Even-28-B-19";
1445 1 1 1443,2570 "Even-28-A-19";
1446 1 0 1445,1444 "Even-28-S-19";
1447 1 1 1446,2573 "Even-28-B-18";
1448 1 1 1446,2572 "Even-28-A-18";
1449 1 0 1448,1447 "Even-28-S-18";
1450 1 1 1449,2575 "Even-28-B-17";
1451 1 1 1449,2574 "Even-28-A-17";
1452 1 0 1485,1484 "Even-28-S-21";
1453 1 1 1440,2577 "Even-28-B-16";
1454 1 1 1440,2576 "Even-28-A-16";
1455 1 0 1454,1453 "Even-28-S-16";
1456 1 1 1455,2579 "Even-28-B-15";
1457 1 1 1455,2578 "Even-28-A-15";
1458 1 0 1457,1456 "Even-28-S-15";
1459 1 1 1458,2581 "Even-28-B-14";
1460 1 1 1458,2580 "Even-28-A-14";
1461 1 0 1460,1459 "Even-28-S-14";
1462 1 1 1461,2583 "Even-28-B-13";
1463 1 1 1474,2561 "Even-28-B-24";
1464 1 0 2611,925 "Odd-28-T";
1465 1 0 2542 "Even-28-Z";
1466 1 1 1465,2555 "Even-28-B-27";
1467 1 1 1465,2554 "Even-28-A-27";
1468 1 0 1467,1466 "Even-28-S-27";
1469 1 1 1468,2557 "Even-28-B-26";
1470 1 1 1468,2556 "Even-28-A-26";
1471 1 0 1470,1469 "Even-28-S-26";
1472 1 1 1471,2559 "Even-28-B-25";
1473 1 1 1471,2558 "Even-28-A-25";
1474 1 0 1473,1472 "Even-28-S-25";
1475 1 1 1461,2582 "Even-28-A-13";
1476 1 1 1474,2560 "Even-28-A-24";
1477 1 0 1476,1463 "Even-28-S-24";
1478 1 1 1477,2563 "Even-28-B-23";
1479 1 1 1477,2562 "Even-28-A-23";
1480 1 0 1479,1478 "Even-28-S-23";
1481 1 1 1480,2565 "Even-28-B-22";
1482 1 1 1480,2564 "Even-28-A-22";
1483 1 0 1482,1481 "Even-28-S-22";
1484 1 1 1483,2567 "Even-28-B-21";
1485 1 1 1483,2566 "Even-28-A-21";
1486 1 0 1497,1496 "Even-28-S-2";
1487 1 1 1498,2599 "Even-28-B-5";
1488 1 1 1498,2598 "Even-28-A-5";
1489 1 0 1488,1487 "Even-28-S-5";
1490 1 1 1489,2601 "Even-28-B-4";
1491 1 1 1489,2600 "Even-28-A-4";
1492 1 0 1491,1490 "Even-28-S-4";
1493 1 1 1492,2603 "Even-28-B-3";
1494 1 1 1492,2602 "Even-28-A-3";
1495 1 0 1494,1493 "Even-28-S-3";
1496 1 1 1495,2605 "Even-28-B-2";
1497 1 1 1495,2604 "Even-28-A-2";
1498 1 0 1530,1529 "Even-28-S-6";
1499 1 1 1486,2607 "Even-28-B-1";
1500 1 1 1486,2606 "Even-28-A-1";
1501 1 0 1500,1499 "Even-28-S-1";
1502 1 1 1501,2609 "Even-28-B-0";
1503 1 1 1501,2608 "Even-28-A-0";
1504 1 0 1503,1502 "Even-28-S-0";
1505 1 0 2613,1202 "Odd-27-T";
1506 1 0 2548,2553 "Even-27-Z";
1507 1 1 1506,2557 "Even-27-B-26";
1508 1 1 1506,2556 "Even-27-A-26";
1509 1 1 1519,2591 "Even-28-B-9";
1510 1 0 1475,1462 "Even-28-S-13";
1511 1 1 1510,2585 "Even-28-B-12";
1512 1 1 1510,2584 "Even-28-A-12";
1513 1 0 1512,1511 "Even-28-S-12";
1514 1 1 1513,2587 "Even-28-B-11";
1515 1 1 1513,2586 "Even-28-A-11";
1516 1 0 1515,1514 "Even-28-S-11";
1517 1 1 1516,2589 "Even-28-B-10";
1518 1 1 1516,2588 "Even-28-A-10";
1519 1 0 1518,1517 "Even-28-S-10";
1520 1 1 1416,2564 "Even-26-A-22";
1521 1 1 1519,2590 "Even-28-A-9";
1522 1 0 1521,1509 "Even-28-S-9";
1523 1 1 1522,2593 "Even-28-B-8";
1524 1 1 1522,2592 "Even-28-A-8";
1525 1 0 1524,1523 "Even-28-S-8";
1526 1 1 1525,2595 "Even-28-B-7";
1527 1 1 1525,2594 "Even-28-A-7";
1528 1 0 1527,1526 "Even-28-S-7";
1529 1 1 1528,2597 "Even-28-B-6";
1530 1 1 1528,2596 "Even-28-A-6";
1531 1 1 1541,2596 "Even-25-A-6";
1532 1 0 1543,1576 "Even-25-S-10";
1533 1 1 1532,2591 "Even-25-B-9";
1534 1 1 1532,2590 "Even-25-A-9";
1535 1 0 1534,1533 "Even-25-S-9";
1536 1 1 1535,2593 "Even-25-B-8";
1537 1 1 1535,2592 "Even-25-A-8";
1538 1 0 1537,1536 "Even-25-S-8";
1539 1 1 1538,2595 "Even-25-B-7";
1540 1 1 1538,2594 "Even-25-A-7";
1541 1 0 1540,1539 "Even-25-S-7";
1542 1 1 1541,2597 "Even-25-B-6";
1543 1 1 1575,2588 "Even-25-A-10";
1544 1 0 1531,1542 "Even-25-S-6";
1545 1 1 1544,2599 "Even-25-B-5";
1546 1 1 1544,2598 "Even-25-A-5";
1547 1 0 1546,1545 "Even-25-S-5";
1548 1 1 1547,2601 "Even-25-B-4";
1549 1 1 1547,2600 "Even-25-A-4";
1550 1 0 1549,1548 "Even-25-S-4";
1551 1 1 1550,2603 "Even-25-B-3";
1552 1 1 1550,2602 "Even-25-A-3";
1553 1 0 1552,1551 "Even-25-S-3";
1554 1 0 1565,1564 "Even-25-S-14";
1555 1 1 1611,2575 "Even-25-B-17";
1556 1 1 1611,2574 "Even-25-A-17";
1557 1 0 1556,1555 "Even-25-S-17";
1558 1 1 1557,2577 "Even-25-B-16";
1559 1 1 1557,2576 "Even-25-A-16";
1560 1 0 1559,1558 "Even-25-S-16";
1561 1 1 1560,2579 "Even-25-B-15";
1562 1 1 1560,2578 "Even-25-A-15";
1563 1 0 1562,1561 "Even-25-S-15";
1564 1 1 1563,2581 "Even-25-B-14";
1565 1 1 1563,2580 "Even-25-A-14";
1566 1 1 1553,2605 "Even-25-B-2";
1567 1 1 1554,2583 "Even-25-B-13";
1568 1 1 1554,2582 "Even-25-A-13";
1569 1 0 1568,1567 "Even-25-S-13";
1570 1 1 1569,2585 "Even-25-B-12";
1571 1 1 1569,2584 "Even-25-A-12";
1572 1 0 1571,1570 "Even-25-S-12";
1573 1 1 1572,2587 "Even-25-B-11";
1574 1 1 1572,2586 "Even-25-A-11";
1575 1 0 1574,1573 "Even-25-S-11";
1576 1 1 1575,2589 "Even-25-B-10";
1577 1 0 1588,1587 "Even-24-S-16";
1578 1 1 1589,2571 "Even-24-B-19";
1579 1 1 1589,2570 "Even-24-A-19";
1580 1 0 1579,1578 "Even-24-S-19";
1581 1 1 1580,2573 "Even-24-B-18";
1582 1 1 1580,2572 "Even-24-A-18";
1583 1 0 1582,1581 "Even-24-S-18";
1584 1 1 1583,2575 "Even-24-B-17";
1585 1 1 1583,2574 "Even-24-A-17";
1586 1 0 1585,1584 "Even-24-S-17";
1587 1 1 1586,2577 "Even-24-B-16";
1588 1 1 1586,2576 "Even-24-A-16";
1589 1 0 1621,1620 "Even-24-S-20";
1590 1 1 1577,2579 "Even-24-B-15";
1591 1 1 1577,2578 "Even-24-A-15";
1592 1 0 1591,1590 "Even-24-S-15";
1593 1 1 1592,2581 "Even-24-B-14";
1594 1 1 1592,2580 "Even-24-A-14";
1595 1 0 1594,1593 "Even-24-S-14";
1596 1 1 1595,2583 "Even-24-B-13";
1597 1 1 1595,2582 "Even-24-A-13";
1598 1 0 1597,1596 "Even-24-S-13";
1599 1 1 1598,2585 "Even-24-B-12";
1600 1 1 1610,2563 "Even-24-B-23";
1601 1 1 1553,2604 "Even-25-A-2";
1602 1 0 1601,1566 "Even-25-S-2";
1603 1 1 1602,2607 "Even-25-B-1";
1604 1 1 1602,2606 "Even-25-A-1";
1605 1 0 1604,1603 "Even-25-S-1";
1606 1 1 1605,2609 "Even-25-B-0";
1607 1 1 1605,2608 "Even-25-A-0";
1608 1 0 1607,1606 "Even-25-S-0";
1609 1 0 2619,421 "Odd-24-T";
1610 1 0 2538,2559,2557,2555,2553 "Even-24-Z";
1611 1 0 1689,1688 "Even-25-S-18";
1612 1 1 1610,2562 "Even-24-A-23";
1613 1 0 1612,1600 "Even-24-S-23";
1614 1 1 1613,2565 "Even-24-B-22";
1615 1 1 1613,2564 "Even-24-A-22";
1616 1 0 1615,1614 "Even-24-S-22";
1617 1 1 1616,2567 "Even-24-B-21";
1618 1 1 1616,2566 "Even-24-A-21";
1619 1 0 1618,1617 "Even-24-S-21";
1620 1 1 1619,2569 "Even-24-B-20";
1621 1 1 1619,2568 "Even-24-A-20";
1622 1 0 1633,1632 "Even-26-S-11";
1623 1 1 1634,2581 "Even-26-B-14";
1624 1 1 1634,2580 "Even-26-A-14";
1625 1 0 1624,1623 "Even-26-S-14";
1626 1 1 1625,2583 "Even-26-B-13";
1627 1 1 1625,2582 "Even-26-A-13";
1628 1 0 1627,1626 "Even-26-S-13";
1629 1 1 1628,2585 "Even-26-B-12";
1630 1 1 1628,2584 "Even-26-A-12";
1631 1 0 1630,1629 "Even-26-S-12";
1632 1 1 1631,2587 "Even-26-B-11";
1633 1 1 1631,2586 "Even-26-A-11";
1634 1 0 1666,1665 "Even-26-S-15";
1635 1 1 1622,2589 "Even-26-B-10";
1636 1 1 1622,2588 "Even-26-A-10";
1637 1 0 1636,1635 "Even-26-S-10";
1638 1 1 1637,2591 "Even-26-B-9";
1639 1 1 1637,2590 "Even-26-A-9";
1640 1 0 1639,1638 "Even-26-S-9";
1641 1 1 1640,2593 "Even-26-B-8";
1642 1 1 1640,2592 "Even-26-A-8";
1643 1 0 1642,1641 "Even-26-S-8";
1644 1 1 1643,2595 "Even-26-B-7";
1645 1 1 1655,2573 "Even-26-B-18";
1646 1 0 1520,1417 "Even-26-S-22";
1647 1 1 1646,2567 "Even-26-B-21";
1648 1 1 1646,2566 "Even-26-A-21";
1649 1 0 1648,1647 "Even-26-S-21";
1650 1 1 1649,2569 "Even-26-B-20";
1651 1 1 1649,2568 "Even-26-A-20";
1652 1 0 1651,1650 "Even-26-S-20";
1653 1 1 1652,2571 "Even-26-B-19";
1654 1 1 1652,2570 "Even-26-A-19";
1655 1 0 1654,1653 "Even-26-S-19";
1656 1 1 1643,2594 "Even-26-A-7";
1657 1 1 1655,2572 "Even-26-A-18";
1658 1 0 1657,1645 "Even-26-S-18";
1659 1 1 1658,2575 "Even-26-B-17";
1660 1 1 1658,2574 "Even-26-A-17";
1661 1 0 1660,1659 "Even-26-S-17";
1662 1 1 1661,2577 "Even-26-B-16";
1663 1 1 1661,2576 "Even-26-A-16";
1664 1 0 1663,1662 "Even-26-S-16";
1665 1 1 1664,2579 "Even-26-B-15";
1666 1 1 1664,2578 "Even-26-A-15";
1667 1 1 1678,2567 "Even-25-B-21";
1668 1 0 2617,542 "Odd-25-T";
1669 1 0 2544,2557,2555,2553 "Even-25-Z";
1670 1 1 1669,2561 "Even-25-B-24";
1671 1 1 1669,2560 "Even-25-A-24";
1672 1 0 1671,1670 "Even-25-S-24";
1673 1 1 1672,2563 "Even-25-B-23";
1674 1 1 1672,2562 "Even-25-A-23";
1675 1 0 1674,1673 "Even-25-S-23";
1676 1 1 1675,2565 "Even-25-B-22";
1677 1 1 1675,2564 "Even-25-A-22";
1678 1 0 1677,1676 "Even-25-S-22";
1679 1 0 1711,1710 "Even-26-S-0";
1680 1 1 1678,2566 "Even-25-A-21";
1681 1 0 1680,1667 "Even-25-S-21";
1682 1 1 1681,2569 "Even-25-B-20";
1683 1 1 1681,2568 "Even-25-A-20";
1684 1 0 1683,1682 "Even-25-S-20";
1685 1 1 1684,2571 "Even-25-B-19";
1686 1 1 1684,2570 "Even-25-A-19";
1687 1 0 1686,1685 "Even-25-S-19";
1688 1 1 1687,2573 "Even-25-B-18";
1689 1 1 1687,2572 "Even-25-A-18";
1690 1 1 1700,2603 "Even-26-B-3";
1691 1 0 1656,1644 "Even-26-S-7";
1692 1 1 1691,2597 "Even-26-B-6";
1693 1 1 1691,2596 "Even-26-A-6";
1694 1 0 1693,1692 "Even-26-S-6";
1695 1 1 1694,2599 "Even-26-B-5";
1696 1 1 1694,2598 "Even-26-A-5";
1697 1 0 1696,1695 "Even-26-S-5";
1698 1 1 1697,2601 "Even-26-B-4";
1699 1 1 1697,2600 "Even-26-A-4";
1700 1 0 1699,1698 "Even-26-S-4";
1701 1 1 1598,2584 "Even-24-A-12";
1702 1 1 1700,2602 "Even-26-A-3";
1703 1 0 1702,1690 "Even-26-S-3";
1704 1 1 1703,2605 "Even-26-B-2";
1705 1 1 1703,2604 "Even-26-A-2";
1706 1 0 1705,1704 "Even-26-S-2";
1707 1 1 1706,2607 "Even-26-B-1";
1708 1 1 1706,2606 "Even-26-A-1";
1709 1 0 1708,1707 "Even-26-S-1";
1710 1 1 1709,2609 "Even-26-B-0";
1711 1 1 1709,2608 "Even-26-A-0";
1712 1 0 1725,1724 "Even-13-S-7";
1713 1 1 1765,2586 "Even-13-A-11";
1714 1 0 1713,1726 "Even-13-S-11";
1715 1 1 1714,2589 "Even-13-B-10";
1716 1 1 1714,2588 "Even-13-A-10";
1717 1 0 1716,1715 "Even-13-S-10";
1718 1 1 1717,2591 "Even-13-B-9";
1719 1 1 1717,2590 "Even-13-A-9";
1720 1 0 1719,1718 "Even-13-S-9";
1721 1 1 1720,2593 "Even-13-B-8";
1722 1 1 1720,2592 "Even-13-A-8";
1723 1 0 1722,1721 "Even-13-S-8";
1724 1 1 1723,2595 "Even-13-B-7";
1725 1 1 1723,2594 "Even-13-A-7";
1726 1 1 1765,2587 "Even-13-B-11";
1727 1 1 1712,2597 "Even-13-B-6";
1728 1 1 1712,2596 "Even-13-A-6";
1729 1 0 1728,1727 "Even-13-S-6";
1730 1 1 1729,2599 "Even-13-B-5";
1731 1 1 1729,2598 "Even-13-A-5";
1732 1 0 1731,1730 "Even-13-S-5";
1733 1 1 1732,2601 "Even-13-B-4";
1734 1 1 1732,2600 "Even-13-A-4";
1735 1 0 1734,1733 "Even-13-S-4";
1736 1 1 1735,2603 "Even-13-B-3";
1737 1 1 1735,2602 "Even-13-A-3";
1738 1 0 1737,1736 "Even-13-S-3";
1739 1 1 1751,2604 "Even-14-A-2";
1740 1 1 1807,2597 "Even-14-B-6";
1741 1 1 1807,2596 "Even-14-A-6";
1742 1 0 1741,1740 "Even-14-S-6";
1743 1 1 1742,2599 "Even-14-B-5";
1744 1 1 1742,2598 "Even-14-A-5";
1745 1 0 1744,1743 "Even-14-S-5";
1746 1 1 1745,2601 "Even-14-B-4";
1747 1 1 1745,2600 "Even-14-A-4";
1748 1 0 1747,1746 "Even-14-S-4";
1749 1 1 1748,2603 "Even-14-B-3";
1750 1 1 1748,2602 "Even-14-A-3";
1751 1 0 1750,1749 "Even-14-S-3";
1752 1 1 1751,2605 "Even-14-B-2";
1753 1 1 1738,2605 "Even-13-B-2";
1754 1 0 1739,1752 "Even-14-S-2";
1755 1 1 1754,2607 "Even-14-B-1";
1756 1 1 1754,2606 "Even-14-A-1";
1757 1 0 1756,1755 "Even-14-S-1";
1758 1 1 1757,2609 "Even-14-B-0";
1759 1 1 1757,2608 "Even-14-A-0";
1760 1 0 1759,1758 "Even-14-S-0";
1761 1 0 2641,1002 "Odd-13-T";
1762 1 0 2549,2581,2579,2577,2575,2573,2571,2569,2567,2565,2563,2561,2559,2557,2555,2553 "Even-13-Z";
1763 1 1 1762,2585 "Even-13-B-12";
1764 1 1 1762,2584 "Even-13-A-12";
1765 1 0 1764,1763 "Even-13-S-12";
1766 1 1 1779,2607 "Even-12-B-1";
1767 1 0 1780,1819 "Even-12-S-6";
1768 1 1 1767,2599 "Even-12-B-5";
1769 1 1 1767,2598 "Even-12-A-5";
1770 1 0 1769,1768 "Even-12-S-5";
1771 1 1 1770,2601 "Even-12-B-4";
1772 1 1 1770,2600 "Even-12-A-4";
1773 1 0 1772,1771 "Even-12-S-4";
1774 1 1 1773,2603 "Even-12-B-3";
1775 1 1 1773,2602 "Even-12-A-3";
1776 1 0 1775,1774 "Even-12-S-3";
1777 1 1 1776,2605 "Even-12-B-2";
1778 1 1 1776,2604 "Even-12-A-2";
1779 1 0 1778,1777 "Even-12-S-2";
1780 1 1 1818,2596 "Even-12-A-6";
1781 1 1 1779,2606 "Even-12-A-1";
1782 1 0 1781,1766 "Even-12-S-1";
1783 1 1 1782,2609 "Even-12-B-0";
1784 1 1 1782,2608 "Even-12-A-0";
1785 1 0 1784,1783 "Even-12-S-0";
1786 1 0 2645,1027 "Odd-11-T";
1787 1 0 2539,2585,2583,2581,2579,2577,2575,2573,2571,2569,2567,2565,2563,2561,2559,2557,2555,2553 "Even-11-Z";
1788 1 1 1787,2589 "Even-11-B-10";
1789 1 1 1787,2588 "Even-11-A-10";
1790 1 0 1789,1788 "Even-11-S-10";
1791 1 1 1790,2591 "Even-11-B-9";
1792 1 1 1790,2590 "Even-11-A-9";
1793 1 1 1806,2589 "Even-12-B-10";
1794 1 1 1738,2604 "Even-13-A-2";
1795 1 0 1794,1753 "Even-13-S-2";
1796 1 1 1795,2607 "Even-13-B-1";
1797 1 1 1795,2606 "Even-13-A-1";
1798 1 0 1797,1796 "Even-13-S-1";
1799 1 1 1798,2609 "Even-13-B-0";
1800 1 1 1798,2608 "Even-13-A-0";
1801 1 0 1800,1799 "Even-13-S-0";
1802 1 0 2643,1087 "Odd-12-T";
1803 1 0 2537,2583,2581,2579,2577,2575,2573,2571,2569,2567,2565,2563,2561,2559,2557,2555,2553 "Even-12-Z";
1804 1 1 1803,2587 "Even-12-B-11";
1805 1 1 1803,2586 "Even-12-A-11";
1806 1 0 1805,1804 "Even-12-S-11";
1807 1 0 1900,1899 "Even-14-S-7";
1808 1 1 1806,2588 "Even-12-A-10";
1809 1 0 1808,1793 "Even-12-S-10";
1810 1 1 1809,2591 "Even-12-B-9";
1811 1 1 1809,2590 "Even-12-A-9";
1812 1 0 1811,1810 "Even-12-S-9";
1813 1 1 1812,2593 "Even-12-B-8";
1814 1 1 1812,2592 "Even-12-A-8";
1815 1 0 1814,1813 "Even-12-S-8";
1816 1 1 1815,2595 "Even-12-B-7";
1817 1 1 1815,2594 "Even-12-A-7";
1818 1 0 1817,1816 "Even-12-S-7";
1819 1 1 1818,2597 "Even-12-B-6";
1820 1 1 1832,2580 "Even-15-A-14";
1821 1 0 1834,1873 "Even-16-S-3";
1822 1 1 1821,2605 "Even-16-B-2";
1823 1 1 1821,2604 "Even-16-A-2";
1824 1 0 1823,1822 "Even-16-S-2";
1825 1 1 1824,2607 "Even-16-B-1";
1826 1 1 1824,2606 "Even-16-A-1";
1827 1 0 1826,1825 "Even-16-S-1";
1828 1 1 1827,2609 "Even-16-B-0";
1829 1 1 1827,2608 "Even-16-A-0";
1830 1 0 1829,1828 "Even-16-S-0";
1831 1 0 2637,285 "Odd-15-T";
1832 1 0 2547,2577,2575,2573,2571,2569,2567,2565,2563,2561,2559,2557,2555,2553 "Even-15-Z";
1833 1 1 1832,2581 "Even-15-B-14";
1834 1 1 1872,2602 "Even-16-A-3";
1835 1 0 1820,1833 "Even-15-S-14";
1836 1 1 1835,2583 "Even-15-B-13";
1837 1 1 1835,2582 "Even-15-A-13";
1838 1 0 1837,1836 "Even-15-S-13";
1839 1 1 1838,2585 "Even-15-B-12";
1840 1 1 1838,2584 "Even-15-A-12";
1841 1 0 1840,1839 "Even-15-S-12";
1842 1 1 1841,2587 "Even-15-B-11";
1843 1 1 1841,2586 "Even-15-A-11";
1844 1 0 1843,1842 "Even-15-S-11";
1845 1 1 1844,2589 "Even-15-B-10";
1846 1 1 1844,2588 "Even-15-A-10";
1847 1 1 1860,2595 "Even-16-B-7";
1848 1 0 2480,2344 "Even-16-S-12";
1849 1 1 1848,2587 "Even-16-B-11";
1850 1 1 1848,2586 "Even-16-A-11";
1851 1 0 1850,1849 "Even-16-S-11";
1852 1 1 1851,2589 "Even-16-B-10";
1853 1 1 1851,2588 "Even-16-A-10";
1854 1 0 1853,1852 "Even-16-S-10";
1855 1 1 1854,2591 "Even-16-B-9";
1856 1 1 1854,2590 "Even-16-A-9";
1857 1 0 1856,1855 "Even-16-S-9";
1858 1 1 1857,2593 "Even-16-B-8";
1859 1 1 1857,2592 "Even-16-A-8";
1860 1 0 1859,1858 "Even-16-S-8";
1861 1 0 1846,1845 "Even-15-S-10";
1862 1 1 1860,2594 "Even-16-A-7";
1863 1 0 1862,1847 "Even-16-S-7";
1864 1 1 1863,2597 "Even-16-B-6";
1865 1 1 1863,2596 "Even-16-A-6";
1866 1 0 1865,1864 "Even-16-S-6";
1867 1 1 1866,2599 "Even-16-B-5";
1868 1 1 1866,2598 "Even-16-A-5";
1869 1 0 1868,1867 "Even-16-S-5";
1870 1 1 1869,2601 "Even-16-B-4";
1871 1 1 1869,2600 "Even-16-A-4";
1872 1 0 1871,1870 "Even-16-S-4";
1873 1 1 1872,2603 "Even-16-B-3";
1874 1 1 1886,2586 "Even-14-A-11";
1875 1 0 1888,1926 "Even-15-S-1";
1876 1 1 1875,2609 "Even-15-B-0";
1877 1 1 1875,2608 "Even-15-A-0";
1878 1 0 1877,1876 "Even-15-S-0";
1879 1 0 2639,164 "Odd-14-T";
1880 1 0 2546,2579,2577,2575,2573,2571,2569,2567,2565,2563,2561,2559,2557,2555,2553 "Even-14-Z";
1881 1 1 1880,2583 "Even-14-B-13";
1882 1 1 1880,2582 "Even-14-A-13";
1883 1 0 1882,1881 "Even-14-S-13";
1884 1 1 1883,2585 "Even-14-B-12";
1885 1 1 1883,2584 "Even-14-A-12";
1886 1 0 1885,1884 "Even-14-S-12";
1887 1 1 1886,2587 "Even-14-B-11";
1888 1 1 1925,2606 "Even-15-A-1";
1889 1 0 1874,1887 "Even-14-S-11";
1890 1 1 1889,2589 "Even-14-B-10";
1891 1 1 1889,2588 "Even-14-A-10";
1892 1 0 1891,1890 "Even-14-S-10";
1893 1 1 1892,2591 "Even-14-B-9";
1894 1 1 1892,2590 "Even-14-A-9";
1895 1 0 1894,1893 "Even-14-S-9";
1896 1 1 1895,2593 "Even-14-B-8";
1897 1 1 1895,2592 "Even-14-A-8";
1898 1 0 1897,1896 "Even-14-S-8";
1899 1 1 1898,2595 "Even-14-B-7";
1900 1 1 1898,2594 "Even-14-A-7";
1901 1 1 1913,2599 "Even-15-B-5";
1902 1 1 1861,2591 "Even-15-B-9";
1903 1 1 1861,2590 "Even-15-A-9";
1904 1 0 1903,1902 "Even-15-S-9";
1905 1 1 1904,2593 "Even-15-B-8";
1906 1 1 1904,2592 "Even-15-A-8";
1907 1 0 1906,1905 "Even-15-S-8";
1908 1 1 1907,2595 "Even-15-B-7";
1909 1 1 1907,2594 "Even-15-A-7";
1910 1 0 1909,1908 "Even-15-S-7";
1911 1 1 1910,2597 "Even-15-B-6";
1912 1 1 1910,2596 "Even-15-A-6";
1913 1 0 1912,1911 "Even-15-S-6";
1914 1 0 1792,1791 "Even-11-S-9";
1915 1 1 1913,2598 "Even-15-A-5";
1916 1 0 1915,1901 "Even-15-S-5";
1917 1 1 1916,2601 "Even-15-B-4";
1918 1 1 1916,2600 "Even-15-A-4";
1919 1 0 1918,1917 "Even-15-S-4";
1920 1 1 1919,2603 "Even-15-B-3";
1921 1 1 1919,2602 "Even-15-A-3";
1922 1 0 1921,1920 "Even-15-S-3";
1923 1 1 1922,2605 "Even-15-B-2";
1924 1 1 1922,2604 "Even-15-A-2";
1925 1 0 1924,1923 "Even-15-S-2";
1926 1 1 1925,2607 "Even-15-B-1";
1927 1 0 1940,1939 "Even-6-S-3";
1928 1 1 1941,2609 "Even-7-B-0";
1929 1 1 1941,2608 "Even-7-A-0";
1930 1 0 1929,1928 "Even-7-S-0";
1931 1 0 2655,922 "Odd-6-T";
1932 1 0 2534,2595,2593,2591,2589,2587,2585,2583,2581,2579,2577,2575,2573,2571,2569,2567,2565,2563,2561,2559,2557,2555,2553 "Even-6-Z";
1933 1 1 1932,2599 "Even-6-B-5";
1934 1 1 1932,2598 "Even-6-A-5";
1935 1 0 1934,1933 "Even-6-S-5";
1936 1 1 1935,2601 "Even-6-B-4";
1937 1 1 1935,2600 "Even-6-A-4";
1938 1 0 1937,1936 "Even-6-S-4";
1939 1 1 1938,2603 "Even-6-B-3";
1940 1 1 1938,2602 "Even-6-A-3";
1941 1 0 1980,1979 "Even-7-S-1";
1942 1 1 1927,2605 "Even-6-B-2";
1943 1 1 1927,2604 "Even-6-A-2";
1944 1 0 1943,1942 "Even-6-S-2";
1945 1 1 1944,2607 "Even-6-B-1";
1946 1 1 1944,2606 "Even-6-A-1";
1947 1 0 1946,1945 "Even-6-S-1";
1948 1 1 1947,2609 "Even-6-B-0";
1949 1 1 1947,2608 "Even-6-A-0";
1950 1 0 1949,1948 "Even-6-S-0";
1951 1 0 2657,914 "Odd-5-T";
1952 1 0 2530,2597,2595,2593,2591,2589,2587,2585,2583,2581,2579,2577,2575,2573,2571,2569,2567,2565,2563,2561,2559,2557,2555,2553 "Even-5-Z";
1953 1 1 1952,2601 "Even-5-B-4";
1954 1 1 1966,2598 "Even-7-A-5";
1955 1 0 2022,2115 "Even-8-S-2";
1956 1 1 1955,2607 "Even-8-B-1";
1957 1 1 1955,2606 "Even-8-A-1";
1958 1 0 1957,1956 "Even-8-S-1";
1959 1 1 1958,2609 "Even-8-B-0";
1960 1 1 1958,2608 "Even-8-A-0";
1961 1 0 1960,1959 "Even-8-S-0";
1962 1 0 2653,686 "Odd-7-T";
1963 1 0 2535,2593,2591,2589,2587,2585,2583,2581,2579,2577,2575,2573,2571,2569,2567,2565,2563,2561,2559,2557,2555,2553 "Even-7-Z";
1964 1 1 1963,2597 "Even-7-B-6";
1965 1 1 1963,2596 "Even-7-A-6";
1966 1 0 1965,1964 "Even-7-S-6";
1967 1 1 1966,2599 "Even-7-B-5";
1968 1 1 1952,2600 "Even-5-A-4";
1969 1 0 1954,1967 "Even-7-S-5";
1970 1 1 1969,2601 "Even-7-B-4";
1971 1 1 1969,2600 "Even-7-A-4";
1972 1 0 1971,1970 "Even-7-S-4";
1973 1 1 1972,2603 "Even-7-B-3";
1974 1 1 1972,2602 "Even-7-A-3";
1975 1 0 1974,1973 "Even-7-S-3";
1976 1 1 1975,2605 "Even-7-B-2";
1977 1 1 1975,2604 "Even-7-A-2";
1978 1 0 1977,1976 "Even-7-S-2";
1979 1 1 1978,2607 "Even-7-B-1";
1980 1 1 1978,2606 "Even-7-A-1";
1981 1 1 1994,2607 "Even-2-B-1";
1982 1 0 2661,818 "Odd-3-T";
1983 1 0 2533,2601,2599,2597,2595,2593,2591,2589,2587,2585,2583,2581,2579,2577,2575,2573,2571,2569,2567,2565,2563,2561,2559,2557,2555,2553 "Even-3-Z";
1984 1 1 1983,2605 "Even-3-B-2";
1985 1 1 1983,2604 "Even-3-A-2";
1986 1 0 1985,1984 "Even-3-S-2";
1987 1 1 1986,2607 "Even-3-B-1";
1988 1 1 1986,2606 "Even-3-A-1";
1989 1 0 1988,1987 "Even-3-S-1";
1990 1 1 1989,2609 "Even-3-B-0";
1991 1 1 1989,2608 "Even-3-A-0";
1992 1 0 1991,1990 "Even-3-S-0";
1993 1 0 2663,881 "Odd-2-T";
1994 1 0 2532,2603,2601,2599,2597,2595,2593,2591,2589,2587,2585,2583,2581,2579,2577,2575,2573,2571,2569,2567,2565,2563,2561,2559,2557,2555,2553 "Even-2-Z";
1995 1 0 2034,2033 "Even-4-S-0";
1996 1 1 1994,2606 "Even-2-A-1";
1997 1 0 1996,1981 "Even-2-S-1";
1998 1 1 1997,2609 "Even-2-B-0";
1999 1 1 1997,2608 "Even-2-A-0";
2000 1 0 1999,1998 "Even-2-S-0";
2001 1 0 2665,858 "Odd-1-T";
2002 1 0 2531,2605,2603,2601,2599,2597,2595,2593,2591,2589,2587,2585,2583,2581,2579,2577,2575,2573,2571,2569,2567,2565,2563,2561,2559,2557,2555,2553 "Even-1-Z";
2003 1 1 2002,2609 "Even-1-B-0";
2004 1 1 2002,2608 "Even-1-A-0";
2005 1 0 2004,2003 "Even-1-S-0";
2006 1 0 2667,869 "Odd-0-T";
2007 1 0 2524,2607,2605,2603,2601,2599,2597,2595,2593,2591,2589,2587,2585,2583,2581,2579,2577,2575,2573,2571,2569,2567,2565,2563,2561,2559,2557,2555,2553 "Even-0-Z";
2008 1 0 2659,949 "Odd-4-T";
2009 1 0 1968,1953 "Even-5-S-4";
2010 1 1 2009,2603 "Even-5-B-3";
2011 1 1 2009,2602 "Even-5-A-3";
2012 1 0 2011,2010 "Even-5-S-3";
2013 1 1 2012,2605 "Even-5-B-2";
2014 1 1 2012,2604 "Even-5-A-2";
2015 1 0 2014,2013 "Even-5-S-2";
2016 1 1 2015,2607 "Even-5-B-1";
2017 1 1 2015,2606 "Even-5-A-1";
2018 1 0 2017,2016 "Even-5-S-1";
2019 1 1 2018,2609 "Even-5-B-0";
2020 1 1 2018,2608 "Even-5-A-0";
2021 1 0 2020,2019 "Even-5-S-0";
2022 1 1 2114,2604 "Even-8-A-2";
2023 1 0 2525,2599,2597,2595,2593,2591,2589,2587,2585,2583,2581,2579,2577,2575,2573,2571,2569,2567,2565,2563,2561,2559,2557,2555,2553 "Even-4-Z";
2024 1 1 2023,2603 "Even-4-B-3";
2025 1 1 2023,2602 "Even-4-A-3";
2026 1 0 2025,2024 "Even-4-S-3";
2027 1 1 2026,2605 "Even-4-B-2";
2028 1 1 2026,2604 "Even-4-A-2";
2029 1 0 2028,2027 "Even-4-S-2";
2030 1 1 2029,2607 "Even-4-B-1";
2031 1 1 2029,2606 "Even-4-A-1";
2032 1 0 2031,2030 "Even-4-S-1";
2033 1 1 2032,2609 "Even-4-B-0";
2034 1 1 2032,2608 "Even-4-A-0";
2035 1 0 2048,2047 "Even-10-S-6";
2036 1 0 2647,1126 "Odd-10-T";
2037 1 0 2541,2587,2585,2583,2581,2579,2577,2575,2573,2571,2569,2567,2565,2563,2561,2559,2557,2555,2553 "Even-10-Z";
2038 1 1 2037,2591 "Even-10-B-9";
2039 1 1 2037,2590 "Even-10-A-9";
2040 1 0 2039,2038 "Even-10-S-9";
2041 1 1 2040,2593 "Even-10-B-8";
2042 1 1 2040,2592 "Even-10-A-8";
2043 1 0 2042,2041 "Even-10-S-8";
2044 1 1 2043,2595 "Even-10-B-7";
2045 1 1 2043,2594 "Even-10-A-7";
2046 1 0 2045,2044 "Even-10-S-7";
2047 1 1 2046,2597 "Even-10-B-6";
2048 1 1 2046,2596 "Even-10-A-6";
2049 1 0 2088,2087 "Even-11-S-0";
2050 1 1 2035,2599 "Even-10-B-5";
2051 1 1 2035,2598 "Even-10-A-5";
2052 1 0 2051,2050 "Even-10-S-5";
2053 1 1 2052,2601 "Even-10-B-4";
2054 1 1 2052,2600 "Even-10-A-4";
2055 1 0 2054,2053 "Even-10-S-4";
2056 1 1 2055,2603 "Even-10-B-3";
2057 1 1 2055,2602 "Even-10-A-3";
2058 1 0 2057,2056 "Even-10-S-3";
2059 1 1 2058,2605 "Even-10-B-2";
2060 1 1 2058,2604 "Even-10-A-2";
2061 1 0 2060,2059 "Even-10-S-2";
2062 1 1 2074,2600 "Even-11-A-4";
2063 1 1 1914,2593 "Even-11-B-8";
2064 1 1 1914,2592 "Even-11-A-8";
2065 1 0 2064,2063 "Even-11-S-8";
2066 1 1 2065,2595 "Even-11-B-7";
2067 1 1 2065,2594 "Even-11-A-7";
2068 1 0 2067,2066 "Even-11-S-7";
2069 1 1 2068,2597 "Even-11-B-6";
2070 1 1 2068,2596 "Even-11-A-6";
2071 1 0 2070,2069 "Even-11-S-6";
2072 1 1 2071,2599 "Even-11-B-5";
2073 1 1 2071,2598 "Even-11-A-5";
2074 1 0 2073,2072 "Even-11-S-5";
2075 1 1 2074,2601 "Even-11-B-4";
2076 1 1 2061,2607 "Even-10-B-1";
2077 1 0 2062,2075 "Even-11-S-4";
2078 1 1 2077,2603 "Even-11-B-3";
2079 1 1 2077,2602 "Even-11-A-3";
2080 1 0 2079,2078 "Even-11-S-3";
2081 1 1 2080,2605 "Even-11-B-2";
2082 1 1 2080,2604 "Even-11-A-2";
2083 1 0 2082,2081 "Even-11-S-2";
2084 1 1 2083,2607 "Even-11-B-1";
2085 1 1 2083,2606 "Even-11-A-1";
2086 1 0 2085,2084 "Even-11-S-1";
2087 1 1 2086,2609 "Even-11-B-0";
2088 1 1 2086,2608 "Even-11-A-0";
2089 1 1 2102,2597 "Even-8-B-6";
2090 1 1 2141,2604 "Even-9-A-2";
2091 1 0 2090,2103 "Even-9-S-2";
2092 1 1 2091,2607 "Even-9-B-1";
2093 1 1 2091,2606 "Even-9-A-1";
2094 1 0 2093,2092 "Even-9-S-1";
2095 1 1 2094,2609 "Even-9-B-0";
2096 1 1 2094,2608 "Even-9-A-0";
2097 1 0 2096,2095 "Even-9-S-0";
2098 1 0 2651,791 "Odd-8-T";
2099 1 0 2550,2591,2589,2587,2585,2583,2581,2579,2577,2575,2573,2571,2569,2567,2565,2563,2561,2559,2557,2555,2553 "Even-8-Z";
2100 1 1 2099,2595 "Even-8-B-7";
2101 1 1 2099,2594 "Even-8-A-7";
2102 1 0 2101,2100 "Even-8-S-7";
2103 1 1 2141,2605 "Even-9-B-2";
2104 1 1 2102,2596 "Even-8-A-6";
2105 1 0 2104,2089 "Even-8-S-6";
2106 1 1 2105,2599 "Even-8-B-5";
2107 1 1 2105,2598 "Even-8-A-5";
2108 1 0 2107,2106 "Even-8-S-5";
2109 1 1 2108,2601 "Even-8-B-4";
2110 1 1 2108,2600 "Even-8-A-4";
2111 1 0 2110,2109 "Even-8-S-4";
2112 1 1 2111,2603 "Even-8-B-3";
2113 1 1 2111,2602 "Even-8-A-3";
2114 1 0 2113,2112 "Even-8-S-3";
2115 1 1 2114,2605 "Even-8-B-2";
2116 1 0 2128,2127 "Even-9-S-7";
2117 1 1 2061,2606 "Even-10-A-1";
2118 1 0 2117,2076 "Even-10-S-1";
2119 1 1 2118,2609 "Even-10-B-0";
2120 1 1 2118,2608 "Even-10-A-0";
2121 1 0 2120,2119 "Even-10-S-0";
2122 1 0 2649,772 "Odd-9-T";
2123 1 0 2540,2589,2587,2585,2583,2581,2579,2577,2575,2573,2571,2569,2567,2565,2563,2561,2559,2557,2555,2553 "Even-9-Z";
2124 1 1 2123,2593 "Even-9-B-8";
2125 1 1 2123,2592 "Even-9-A-8";
2126 1 0 2125,2124 "Even-9-S-8";
2127 1 1 2126,2595 "Even-9-B-7";
2128 1 1 2126,2594 "Even-9-A-7";
2129 1 1 2278,2607 "Even-23-B-1";
2130 1 1 2116,2597 "Even-9-B-6";
2131 1 1 2116,2596 "Even-9-A-6";
2132 1 0 2131,2130 "Even-9-S-6";
2133 1 1 2132,2599 "Even-9-B-5";
2134 1 1 2132,2598 "Even-9-A-5";
2135 1 0 2134,2133 "Even-9-S-5";
2136 1 1 2135,2601 "Even-9-B-4";
2137 1 1 2135,2600 "Even-9-A-4";
2138 1 0 2137,2136 "Even-9-S-4";
2139 1 1 2138,2603 "Even-9-B-3";
2140 1 1 2138,2602 "Even-9-A-3";
2141 1 0 2140,2139 "Even-9-S-3";
2142 1 1 2155,2575 "Even-20-B-17";
2143 1 1 2195,2606 "Even-21-A-1";
2144 1 0 2143,2156 "Even-21-S-1";
2145 1 1 2144,2609 "Even-21-B-0";
2146 1 1 2144,2608 "Even-21-A-0";
2147 1 0 2146,2145 "Even-21-S-0";
2148 1 0 2627,432 "Odd-20-T";
2149 1 0 2545,2567,2565,2563,2561,2559,2557,2555,2553 "Even-20-Z";
2150 1 1 2149,2571 "Even-20-B-19";
2151 1 1 2149,2570 "Even-20-A-19";
2152 1 0 2151,2150 "Even-20-S-19";
2153 1 1 2152,2573 "Even-20-B-18";
2154 1 1 2152,2572 "Even-20-A-18";
2155 1 0 2154,2153 "Even-20-S-18";
2156 1 1 2195,2607 "Even-21-B-1";
2157 1 1 2155,2574 "Even-20-A-17";
2158 1 0 2157,2142 "Even-20-S-17";
2159 1 1 2158,2577 "Even-20-B-16";
2160 1 1 2158,2576 "Even-20-A-16";
2161 1 0 2160,2159 "Even-20-S-16";
2162 1 1 2161,2579 "Even-20-B-15";
2163 1 1 2161,2578 "Even-20-A-15";
2164 1 0 2163,2162 "Even-20-S-15";
2165 1 1 2164,2581 "Even-20-B-14";
2166 1 1 2164,2580 "Even-20-A-14";
2167 1 0 2166,2165 "Even-20-S-14";
2168 1 1 2167,2583 "Even-20-B-13";
2169 1 0 2182,2181 "Even-21-S-6";
2170 1 1 2330,2588 "Even-21-A-10";
2171 1 0 2170,2237 "Even-21-S-10";
2172 1 1 2171,2591 "Even-21-B-9";
2173 1 1 2171,2590 "Even-21-A-9";
2174 1 0 2173,2172 "Even-21-S-9";
2175 1 1 2174,2593 "Even-21-B-8";
2176 1 1 2174,2592 "Even-21-A-8";
2177 1 0 2176,2175 "Even-21-S-8";
2178 1 1 2177,2595 "Even-21-B-7";
2179 1 1 2177,2594 "Even-21-A-7";
2180 1 0 2179,2178 "Even-21-S-7";
2181 1 1 2180,2597 "Even-21-B-6";
2182 1 1 2180,2596 "Even-21-A-6";
2183 1 1 2167,2582 "Even-20-A-13";
2184 1 1 2169,2599 "Even-21-B-5";
2185 1 1 2169,2598 "Even-21-A-5";
2186 1 0 2185,2184 "Even-21-S-5";
2187 1 1 2186,2601 "Even-21-B-4";
2188 1 1 2186,2600 "Even-21-A-4";
2189 1 0 2188,2187 "Even-21-S-4";
2190 1 1 2189,2603 "Even-21-B-3";
2191 1 1 2189,2602 "Even-21-A-3";
2192 1 0 2191,2190 "Even-21-S-3";
2193 1 1 2192,2605 "Even-21-B-2";
2194 1 1 2192,2604 "Even-21-A-2";
2195 1 0 2194,2193 "Even-21-S-2";
2196 1 0 2536,2569,2567,2565,2563,2561,2559,2557,2555,2553 "Even-19-Z";
2197 1 1 2210,2603 "Even-20-B-3";
2198 1 1 2210,2602 "Even-20-A-3";
2199 1 0 2198,2197 "Even-20-S-3";
2200 1 1 2199,2605 "Even-20-B-2";
2201 1 1 2199,2604 "Even-20-A-2";
2202 1 0 2201,2200 "Even-20-S-2";
2203 1 1 2202,2607 "Even-20-B-1";
2204 1 1 2202,2606 "Even-20-A-1";
2205 1 0 2204,2203 "Even-20-S-1";
2206 1 1 2205,2609 "Even-20-B-0";
2207 1 1 2205,2608 "Even-20-A-0";
2208 1 0 2207,2206 "Even-20-S-0";
2209 1 0 2629,356 "Odd-19-T";
2210 1 0 2249,2248 "Even-20-S-4";
2211 1 1 2196,2573 "Even-19-B-18";
2212 1 1 2196,2572 "Even-19-A-18";
2213 1 0 2212,2211 "Even-19-S-18";
2214 1 1 2213,2575 "Even-19-B-17";
2215 1 1 2213,2574 "Even-19-A-17";
2216 1 0 2215,2214 "Even-19-S-17";
2217 1 1 2216,2577 "Even-19-B-16";
2218 1 1 2216,2576 "Even-19-A-16";
2219 1 0 2218,2217 "Even-19-S-16";
2220 1 1 2219,2579 "Even-19-B-15";
2221 1 1 2219,2578 "Even-19-A-15";
2222 1 0 2221,2220 "Even-19-S-15";
2223 1 1 2235,2592 "Even-20-A-8";
2224 1 0 2183,2168 "Even-20-S-13";
2225 1 1 2224,2585 "Even-20-B-12";
2226 1 1 2224,2584 "Even-20-A-12";
2227 1 0 2226,2225 "Even-20-S-12";
2228 1 1 2227,2587 "Even-20-B-11";
2229 1 1 2227,2586 "Even-20-A-11";
2230 1 0 2229,2228 "Even-20-S-11";
2231 1 1 2230,2589 "Even-20-B-10";
2232 1 0 1339,2231 "Even-20-S-10";
2233 1 1 2232,2591 "Even-20-B-9";
2234 1 1 2232,2590 "Even-20-A-9";
2235 1 0 2234,2233 "Even-20-S-9";
2236 1 1 2235,2593 "Even-20-B-8";
2237 1 1 2330,2589 "Even-21-B-10";
2238 1 0 2223,2236 "Even-20-S-8";
2239 1 1 2238,2595 "Even-20-B-7";
2240 1 1 2238,2594 "Even-20-A-7";
2241 1 0 2240,2239 "Even-20-S-7";
2242 1 1 2241,2597 "Even-20-B-6";
2243 1 1 2241,2596 "Even-20-A-6";
2244 1 0 2243,2242 "Even-20-S-6";
2245 1 1 2244,2599 "Even-20-B-5";
2246 1 1 2244,2598 "Even-20-A-5";
2247 1 0 2246,2245 "Even-20-S-5";
2248 1 1 2247,2601 "Even-20-B-4";
2249 1 1 2247,2600 "Even-20-A-4";
2250 1 0 2263,2262 "Even-22-S-11";
2251 1 1 2303,2578 "Even-22-A-15";
2252 1 0 2251,2264 "Even-22-S-15";
2253 1 1 2252,2581 "Even-22-B-14";
2254 1 1 2252,2580 "Even-22-A-14";
2255 1 0 2254,2253 "Even-22-S-14";
2256 1 1 2255,2583 "Even-22-B-13";
2257 1 1 2255,2582 "Even-22-A-13";
2258 1 0 2257,2256 "Even-22-S-13";
2259 1 1 2258,2585 "Even-22-B-12";
2260 1 1 2258,2584 "Even-22-A-12";
2261 1 0 2260,2259 "Even-22-S-12";
2262 1 1 2261,2587 "Even-22-B-11";
2263 1 1 2261,2586 "Even-22-A-11";
2264 1 1 2303,2579 "Even-22-B-15";
2265 1 1 2250,2589 "Even-22-B-10";
2266 1 1 2250,2588 "Even-22-A-10";
2267 1 0 2266,2265 "Even-22-S-10";
2268 1 1 2267,2591 "Even-22-B-9";
2269 1 1 2267,2590 "Even-22-A-9";
2270 1 0 2269,2268 "Even-22-S-9";
2271 1 1 2270,2593 "Even-22-B-8";
2272 1 1 2270,2592 "Even-22-A-8";
2273 1 0 2272,2271 "Even-22-S-8";
2274 1 1 2273,2595 "Even-22-B-7";
2275 1 1 2273,2594 "Even-22-A-7";
2276 1 0 2275,2274 "Even-22-S-7";
2277 1 0 2290,2289 "Even-22-S-20";
2278 1 0 1257,1328 "Even-23-S-2";
2279 1 1 2278,2606 "Even-23-A-1";
2280 1 0 2279,2129 "Even-23-S-1";
2281 1 1 2280,2609 "Even-23-B-0";
2282 1 1 2280,2608 "Even-23-A-0";
2283 1 0 2282,2281 "Even-23-S-0";
2284 1 0 2623,792 "Odd-22-T";
2285 1 0 2523,2563,2561,2559,2557,2555,2553 "Even-22-Z";
2286 1 1 2285,2567 "Even-22-B-21";
2287 1 1 2285,2566 "Even-22-A-21";
2288 1 0 2287,2286 "Even-22-S-21";
2289 1 1 2288,2569 "Even-22-B-20";
2290 1 1 2288,2568 "Even-22-A-20";
2291 1 1 2276,2597 "Even-22-B-6";
2292 1 1 2277,2571 "Even-22-B-19";
2293 1 1 2277,2570 "Even-22-A-19";
2294 1 0 2293,2292 "Even-22-S-19";
2295 1 1 2294,2573 "Even-22-B-18";
2296 1 1 2294,2572 "Even-22-A-18";
2297 1 0 2296,2295 "Even-22-S-18";
2298 1 1 2297,2575 "Even-22-B-17";
2299 1 1 2297,2574 "Even-22-A-17";
2300 1 0 2299,2298 "Even-22-S-17";
2301 1 1 2300,2577 "Even-22-B-16";
2302 1 1 2300,2576 "Even-22-A-16";
2303 1 0 2302,2301 "Even-22-S-16";
2304 1 0 2317,2316 "Even-21-S-15";
2305 1 1 2356,2570 "Even-21-A-19";
2306 1 0 2305,2318 "Even-21-S-19";
2307 1 1 2306,2573 "Even-21-B-18";
2308 1 1 2306,2572 "Even-21-A-18";
2309 1 0 2308,2307 "Even-21-S-18";
2310 1 1 2309,2575 "Even-21-B-17";
2311 1 1 2309,2574 "Even-21-A-17";
2312 1 0 2311,2310 "Even-21-S-17";
2313 1 1 2312,2577 "Even-21-B-16";
2314 1 1 2312,2576 "Even-21-A-16";
2315 1 0 2314,2313 "Even-21-S-16";
2316 1 1 2315,2579 "Even-21-B-15";
2317 1 1 2315,2578 "Even-21-A-15";
2318 1 1 2356,2571 "Even-21-B-19";
2319 1 1 2304,2581 "Even-21-B-14";
2320 1 1 2304,2580 "Even-21-A-14";
2321 1 0 2320,2319 "Even-21-S-14";
2322 1 1 2321,2583 "Even-21-B-13";
2323 1 1 2321,2582 "Even-21-A-13";
2324 1 0 2323,2322 "Even-21-S-13";
2325 1 1 2324,2585 "Even-21-B-12";
2326 1 1 2324,2584 "Even-21-A-12";
2327 1 0 2326,2325 "Even-21-S-12";
2328 1 1 2327,2587 "Even-21-B-11";
2329 1 1 2327,2586 "Even-21-A-11";
2330 1 0 2329,2328 "Even-21-S-11";
2331 1 1 2342,2604 "Even-22-A-2";
2332 1 1 2276,2596 "Even-22-A-6";
2333 1 0 2332,2291 "Even-22-S-6";
2334 1 1 2333,2599 "Even-22-B-5";
2335 1 1 2333,2598 "Even-22-A-5";
2336 1 0 2335,2334 "Even-22-S-5";
2337 1 1 2336,2601 "Even-22-B-4";
2338 1 1 2336,2600 "Even-22-A-4";
2339 1 0 2338,2337 "Even-22-S-4";
2340 1 1 2339,2603 "Even-22-B-3";
2341 1 1 2339,2602 "Even-22-A-3";
2342 1 0 2341,2340 "Even-22-S-3";
2343 1 1 2342,2605 "Even-22-B-2";
2344 1 1 2481,2585 "Even-16-B-12";
2345 1 0 2331,2343 "Even-22-S-2";
2346 1 1 2345,2607 "Even-22-B-1";
2347 1 1 2345,2606 "Even-22-A-1";
2348 1 0 2347,2346 "Even-22-S-1";
2349 1 1 2348,2609 "Even-22-B-0";
2350 1 1 2348,2608 "Even-22-A-0";
2351 1 0 2350,2349 "Even-22-S-0";
2352 1 0 2625,256 "Odd-21-T";
2353 1 0 2543,2565,2563,2561,2559,2557,2555,2553 "Even-21-Z";
2354 1 1 2353,2569 "Even-21-B-20";
2355 1 1 2353,2568 "Even-21-A-20";
2356 1 0 2355,2354 "Even-21-S-20";
2357 1 0 2378,2390 "Even-17-S-10";
2358 1 1 2368,2585 "Even-18-B-12";
2359 1 1 2368,2584 "Even-18-A-12";
2360 1 0 2359,2358 "Even-18-S-12";
2361 1 1 2360,2587 "Even-18-B-11";
2362 1 1 2360,2586 "Even-18-A-11";
2363 1 0 2362,2361 "Even-18-S-11";
2364 1 1 2363,2589 "Even-18-B-10";
2365 1 1 2363,2588 "Even-18-A-10";
2366 1 1 2357,2590 "Even-17-A-9";
2367 1 1 2357,2591 "Even-17-B-9";
2368 1 0 2400,2399 "Even-18-S-13";
2369 1 0 2365,2364 "Even-18-S-10";
2370 1 1 2369,2591 "Even-18-B-9";
2371 1 1 2369,2590 "Even-18-A-9";
2372 1 0 2371,2370 "Even-18-S-9";
2373 1 1 2372,2593 "Even-18-B-8";
2374 1 1 2372,2592 "Even-18-A-8";
2375 1 0 2374,2373 "Even-18-S-8";
2376 1 1 2375,2595 "Even-18-B-7";
2377 1 1 2375,2594 "Even-18-A-7";
2378 1 1 2424,2588 "Even-17-A-10";
2379 1 0 2391,2392 "Even-17-S-8";
2380 1 1 2381,2598 "Even-17-A-5";
2381 1 0 2384,2386 "Even-17-S-6";
2382 1 1 2505,2576 "Even-18-A-16";
2383 1 0 2382,2506 "Even-18-S-16";
2384 1 1 2387,2596 "Even-17-A-6";
2385 1 1 2383,2579 "Even-18-B-15";
2386 1 1 2387,2597 "Even-17-B-6";
2387 1 0 2388,2389 "Even-17-S-7";
2388 1 1 2379,2594 "Even-17-A-7";
2389 1 1 2379,2595 "Even-17-B-7";
2390 1 1 2424,2589 "Even-17-B-10";
2391 1 1 2393,2592 "Even-17-A-8";
2392 1 1 2393,2593 "Even-17-B-8";
2393 1 0 2366,2367 "Even-17-S-9";
2394 1 1 2383,2578 "Even-18-A-15";
2395 1 0 2394,2385 "Even-18-S-15";
2396 1 1 2395,2581 "Even-18-B-14";
2397 1 1 2395,2580 "Even-18-A-14";
2398 1 0 2397,2396 "Even-18-S-14";
2399 1 1 2398,2583 "Even-18-B-13";
2400 1 1 2398,2582 "Even-18-A-13";
2401 1 0 2413,2414 "Even-17-S-15";
2402 1 1 2442,2604 "Even-18-A-2";
2403 1 1 2406,2582 "Even-17-A-13";
2404 1 1 2406,2583 "Even-17-B-13";
2405 1 0 2402,2443 "Even-18-S-2";
2406 1 0 2407,2408 "Even-17-S-14";
2407 1 1 2401,2580 "Even-17-A-14";
2408 1 1 2401,2581 "Even-17-B-14";
2409 1 1 2405,2607 "Even-18-B-1";
2410 1 1 2405,2606 "Even-18-A-1";
2411 1 0 2410,2409 "Even-18-S-1";
2412 1 0 2403,2404 "Even-17-S-13";
2413 1 1 2416,2578 "Even-17-A-15";
2414 1 1 2416,2579 "Even-17-B-15";
2415 1 1 2411,2609 "Even-18-B-0";
2416 1 0 2419,2420 "Even-17-S-16";
2417 1 1 2411,2608 "Even-18-A-0";
2418 1 0 2417,2415 "Even-18-S-0";
2419 1 1 2421,2576 "Even-17-A-16";
2420 1 1 2421,2577 "Even-17-B-16";
2421 1 0 2527,2573,2571,2569,2567,2565,2563,2561,2559,2557,2555,2553 "Even-17-Z";
2422 1 0 2633,569 "Odd-17-T";
2423 1 1 2433,2599 "Even-18-B-5";
2424 1 0 2425,2426 "Even-17-S-11";
2425 1 1 2427,2586 "Even-17-A-11";
2426 1 1 2427,2587 "Even-17-B-11";
2427 1 0 2428,2430 "Even-17-S-12";
2428 1 1 2412,2584 "Even-17-A-12";
2429 1 0 2377,2376 "Even-18-S-7";
2430 1 1 2412,2585 "Even-17-B-12";
2431 1 1 2429,2597 "Even-18-B-6";
2432 1 1 2429,2596 "Even-18-A-6";
2433 1 0 2432,2431 "Even-18-S-6";
2434 1 1 2381,2599 "Even-17-B-5";
2435 1 1 2433,2598 "Even-18-A-5";
2436 1 0 2435,2423 "Even-18-S-5";
2437 1 1 2436,2601 "Even-18-B-4";
2438 1 1 2436,2600 "Even-18-A-4";
2439 1 0 2438,2437 "Even-18-S-4";
2440 1 1 2439,2603 "Even-18-B-3";
2441 1 1 2439,2602 "Even-18-A-3";
2442 1 0 2441,2440 "Even-18-S-3";
2443 1 1 2442,2605 "Even-18-B-2";
2444 1 1 2448,2592 "Even-19-A-8";
2445 1 1 2483,2591 "Even-19-B-9";
2446 1 1 2483,2590 "Even-19-A-9";
2447 1 1 2449,2581 "Even-16-B-14";
2448 1 0 2446,2445 "Even-19-S-9";
2449 1 0 2450,2451 "Even-16-S-15";
2450 1 1 2452,2578 "Even-16-A-15";
2451 1 1 2452,2579 "Even-16-B-15";
2452 1 0 2526,2575,2573,2571,2569,2567,2565,2563,2561,2559,2557,2555,2553 "Even-16-Z";
2453 1 1 2448,2593 "Even-19-B-8";
2454 1 0 2635,143 "Odd-16-T";
2455 1 1 2449,2580 "Even-16-A-14";
2456 1 0 2444,2453 "Even-19-S-8";
2457 1 1 2456,2595 "Even-19-B-7";
2458 1 1 2456,2594 "Even-19-A-7";
2459 1 0 2458,2457 "Even-19-S-7";
2460 1 1 2459,2597 "Even-19-B-6";
2461 1 1 2459,2596 "Even-19-A-6";
2462 1 0 2461,2460 "Even-19-S-6";
2463 1 0 2510,2518 "Even-17-S-0";
2464 1 1 2462,2599 "Even-19-B-5";
2465 1 0 2475,2474 "Even-19-S-11";
2466 1 1 2222,2580 "Even-19-A-14";
2467 1 0 2466,2478 "Even-19-S-14";
2468 1 1 2467,2583 "Even-19-B-13";
2469 1 1 2467,2582 "Even-19-A-13";
2470 1 0 2469,2468 "Even-19-S-13";
2471 1 1 2470,2585 "Even-19-B-12";
2472 1 1 2470,2584 "Even-19-A-12";
2473 1 0 2472,2471 "Even-19-S-12";
2474 1 1 2473,2587 "Even-19-B-11";
2475 1 1 2473,2586 "Even-19-A-11";
2476 1 0 2380,2434 "Even-17-S-5";
2477 1 1 2465,2589 "Even-19-B-10";
2478 1 1 2222,2581 "Even-19-B-14";
2479 1 1 2465,2588 "Even-19-A-10";
2480 1 1 2481,2584 "Even-16-A-12";
2481 1 0 2482,2484 "Even-16-S-13";
2482 1 1 2485,2582 "Even-16-A-13";
2483 1 0 2479,2477 "Even-19-S-10";
2484 1 1 2485,2583 "Even-16-B-13";
2485 1 0 2455,2447 "Even-16-S-14";
2486 1 1 2498,2603 "Even-17-B-3";
2487 1 1 2520,2607 "Even-19-B-1";
2488 1 1 2495,2604 "Even-17-A-2";
2489 1 1 2520,2606 "Even-19-A-1";
2490 1 0 2489,2487 "Even-19-S-1";
2491 1 1 2490,2609 "Even-19-B-0";
2492 1 1 2490,2608 "Even-19-A-0";
2493 1 0 2492,2491 "Even-19-S-0";
2494 1 1 2495,2605 "Even-17-B-2";
2495 1 0 2496,2486 "Even-17-S-3";
2496 1 1 2498,2602 "Even-17-A-3";
2497 1 0 2508,2464 "Even-19-S-5";
2498 1 0 2499,2500 "Even-17-S-4";
2499 1 1 2476,2600 "Even-17-A-4";
2500 1 1 2476,2601 "Even-17-B-4";
2501 1 0 2631,639 "Odd-18-T";
2502 1 0 2551,2571,2569,2567,2565,2563,2561,2559,2557,2555,2553 "Even-18-Z";
2503 1 1 2502,2575 "Even-18-B-17";
2504 1 1 2502,2574 "Even-18-A-17";
2505 1 0 2504,2503 "Even-18-S-17";
2506 1 1 2505,2577 "Even-18-B-16";
2507 1 0 2514,2513 "Even-19-S-3";
2508 1 1 2462,2598 "Even-19-A-5";
2509 1 1 2497,2601 "Even-19-B-4";
2510 1 1 2521,2608 "Even-17-A-0";
2511 1 1 2497,2600 "Even-19-A-4";
2512 1 0 2511,2509 "Even-19-S-4";
2513 1 1 2512,2603 "Even-19-B-3";
2514 1 1 2512,2602 "Even-19-A-3";
2515 1 0 2488,2494 "Even-17-S-2";
2516 1 1 2507,2605 "Even-19-B-2";
2517 1 1 2515,2607 "Even-17-B-1";
2518 1 1 2521,2609 "Even-17-B-0";
2519 1 1 2507,2604 "Even-19-A-2";
2520 1 0 2519,2516 "Even-19-S-2";
2521 1 0 2522,2517 "Even-17-S-1";
2522 1 1 2515,2606 "Even-17-A-1";
2523 2 1 2622,2351 "Even-22-T";
2524 2 1 2666,2007 "Even-0-T";
2525 2 1 2658,1995 "Even-4-T";
2526 2 1 2634,1830 "Even-16-T";
2527 2 1 2632,2463 "Even-17-T";
2528 2 1 2614,1679 "Even-26-T";
2529 2 1 2620,2283 "Even-23-T";
2530 2 1 2656,2021 "Even-5-T";
2531 2 1 2664,2005 "Even-1-T";
2532 2 1 2662,2000 "Even-2-T";
2533 2 1 2660,1992 "Even-3-T";
2534 2 1 2654,1950 "Even-6-T";
2535 2 1 2652,1930 "Even-7-T";
2536 2 1 2628,2493 "Even-19-T";
2537 2 1 2642,1785 "Even-12-T";
2538 2 1 2618,1297 "Even-24-T";
2539 2 1 2644,2049 "Even-11-T";
2540 2 1 2648,2097 "Even-9-T";
2541 2 1 2646,2121 "Even-10-T";
2542 2 1 2610,1504 "Even-28-T";
2543 2 1 2624,2147 "Even-21-T";
2544 2 1 2616,1608 "Even-25-T";
2545 2 1 2626,2208 "Even-20-T";
2546 2 1 2638,1760 "Even-14-T";
2547 2 1 2636,1878 "Even-15-T";
2548 2 1 2612,1405 "Even-27-T";
2549 2 1 2640,1801 "Even-13-T";
2550 2 1 2650,1961 "Even-8-T";
2551 2 1 2630,2418 "Even-18-T";
2552 3 1 2542 "Even-28-L";
2553 4 0 1464 "Odd-28-L";
2554 5 1 2548 "Even-27-L";
2555 6 0 1505 "Odd-27-L";
2556 7 1 2528 "Even-26-L";
2557 8 0 1406 "Odd-26-L";
2558 9 1 2544 "Even-25-L";
2559 10 0 1668 "Odd-25-L";
2560 11 1 2538 "Even-24-L";
2561 12 0 1609 "Odd-24-L";
2562 13 1 2529 "Even-23-L";
2563 14 0 1308 "Odd-23-L";
2564 15 1 2523 "Even-22-L";
2565 16 0 2284 "Odd-22-L";
2566 17 1 2543 "Even-21-L";
2567 18 0 2352 "Odd-21-L";
2568 19 1 2545 "Even-20-L";
2569 20 0 2148 "Odd-20-L";
2570 21 1 2536 "Even-19-L";
2571 22 0 2209 "Odd-19-L";
2572 23 1 2551 "Even-18-L";
2573 24 0 2501 "Odd-18-L";
2574 25 1 2527 "Even-17-L";
2575 26 0 2422 "Odd-17-L";
2576 27 1 2526 "Even-16-L";
2577 28 0 2454 "Odd-16-L";
2578 29 1 2547 "Even-15-L";
2579 30 0 1831 "Odd-15-L";
2580 31 1 2546 "Even-14-L";
2581 32 0 1879 "Odd-14-L";
2582 33 1 2549 "Even-13-L";
2583 34 0 1761 "Odd-13-L";
2584 35 1 2537 "Even-12-L";
2585 36 0 1802 "Odd-12-L";
2586 37 1 2539 "Even-11-L";
2587 38 0 1786 "Odd-11-L";
2588 39 1 2541 "Even-10-L";
2589 40 0 2036 "Odd-10-L";
2590 41 1 2540 "Even-9-L";
2591 42 0 2122 "Odd-9-L";
2592 43 1 2550 "Even-8-L";
2593 44 0 2098 "Odd-8-L";
2594 45 1 2535 "Even-7-L";
2595 46 0 1962 "Odd-7-L";
2596 47 1 2534 "Even-6-L";
2597 48 0 1931 "Odd-6-L";
2598 49 1 2530 "Even-5-L";
2599 50 0 1951 "Odd-5-L";
2600 51 1 2525 "Even-4-L";
2601 52 0 2008 "Odd-4-L";
2602 53 1 2533 "Even-3-L";
2603 54 0 1982 "Odd-3-L";
2604 55 1 2532 "Even-2-L";
2605 56 0 1993 "Odd-2-L";
2606 57 1 2531 "Even-1-L";
2607 58 0 2001 "Odd-1-L";
2608 59 1 2524 "Even-0-L";
2609 60 0 2006 "Odd-0-L";
2610 62 0 2554 "Even-28-H";
2611 63 1 2555 "Odd-28-H";
2612 64 0 2556 "Even-27-H";
2613 65 1 2557 "Odd-27-H";
2614 66 0 2558 "Even-26-H";
2615 67 1 2559 "Odd-26-H";
2616 68 0 2560 "Even-25-H";
2617 69 1 2561 "Odd-25-H";
2618 70 0 2562 "Even-24-H";
2619 71 1 2563 "Odd-24-H";
2620 72 0 2564 "Even-23-H";
2621 73 1 2565 "Odd-23-H";
2622 74 0 2566 "Even-22-H";
2623 75 1 2567 "Odd-22-H";
2624 76 0 2568 "Even-21-H";
2625 77 1 2569 "Odd-21-H";
2626 78 0 2570 "Even-20-H";
2627 79 1 2571 "Odd-20-H";
2628 80 0 2572 "Even-19-H";
2629 81 1 2573 "Odd-19-H";
2630 82 0 2574 "Even-18-H";
2631 83 1 2575 "Odd-18-H";
2632 84 0 2576 "Even-17-H";
2633 85 1 2577 "Odd-17-H";
2634 86 0 2578 "Even-16-H";
2635 87 1 2579 "Odd-16-H";
2636 88 0 2580 "Even-15-H";
2637 89 1 2581 "Odd-15-H";
2638 90 0 2582 "Even-14-H";
2639 91 1 2583 "Odd-14-H";
2640 92 0 2584 "Even-13-H";
2641 93 1 2585 "Odd-13-H";
2642 94 0 2586 "Even-12-H";
2643 95 1 2587 "Odd-12-H";
2644 96 0 2588 "Even-11-H";
2645 97 1 2589 "Odd-11-H";
2646 98 0 2590 "Even-10-H";
2647 99 1 2591 "Odd-10-H";
2648 100 0 2592 "Even-9-H";
2649 101 1 2593 "Odd-9-H";
2650 102 0 2594 "Even-8-H";
2651 103 1 2595 "Odd-8-H";
2652 104 0 2596 "Even-7-H";
2653 105 1 2597 "Odd-7-H";
2654 106 0 2598 "Even-6-H";
2655 107 1 2599 "Odd-6-H";
2656 108 0 2600 "Even-5-H";
2657 109 1 2601 "Odd-5-H";
2658 110 0 2602 "Even-4-H";
2659 111 1 2603 "Odd-4-H";
2660 112 0 2604 "Even-3-H";
2661 113 1 2605 "Odd-3-H";
2662 114 0 2606 "Even-2-H";
2663 115 1 2607 "Odd-2-H";
2664 116 0 2608 "Even-1-H";
2665 117 1 2609 "Odd-1-H";
2666 118 0 2552 "Even-0-H";
2667 119 1 2553 "Odd-0-H";
