parity 1702;
0 0 1 14,13 "Odd-19-S-18";
1 0 0 2,1636 "Odd-13-B-9";
2 0 1 3,4 "Odd-13-S-10";
3 0 0 5,1635 "Odd-13-A-10";
4 0 0 5,1634 "Odd-13-B-10";
5 0 1 6,7 "Odd-13-S-11";
6 0 0 8,1633 "Odd-13-A-11";
7 0 0 8,1632 "Odd-13-B-11";
8 0 1 9,10 "Odd-13-S-12";
9 0 0 11,1631 "Odd-13-A-12";
10 0 0 11,1630 "Odd-13-B-12";
11 0 1 1474,1628,1626,1624,1622,1620,1618,1616,1614,1612,1610 "Odd-13-Z";
12 0 1 921,1616,1614,1612,1610 "Odd-19-Z";
13 0 0 12,1618 "Odd-19-B-18";
14 0 0 12,1619 "Odd-19-A-18";
15 0 0 2,1637 "Odd-13-A-9";
16 0 0 0,1620 "Odd-19-B-17";
17 0 0 0,1621 "Odd-19-A-17";
18 0 1 17,16 "Odd-19-S-17";
19 0 0 18,1622 "Odd-19-B-16";
20 0 0 18,1623 "Odd-19-A-16";
21 0 1 20,19 "Odd-19-S-16";
22 0 0 21,1624 "Odd-19-B-15";
23 0 0 21,1625 "Odd-19-A-15";
24 0 1 23,22 "Odd-19-S-15";
25 0 0 24,1626 "Odd-19-B-14";
26 0 0 24,1627 "Odd-19-A-14";
27 0 1 26,25 "Odd-19-S-14";
28 0 0 27,1628 "Odd-19-B-13";
29 0 0 45,1646 "Odd-13-B-4";
30 0 1 31,32 "Odd-13-S-0";
31 0 0 33,1655 "Odd-13-A-0";
32 0 0 33,1654 "Odd-13-B-0";
33 0 1 34,35 "Odd-13-S-1";
34 0 0 36,1653 "Odd-13-A-1";
35 0 0 36,1652 "Odd-13-B-1";
36 0 1 37,38 "Odd-13-S-2";
37 0 0 39,1651 "Odd-13-A-2";
38 0 0 39,1650 "Odd-13-B-2";
39 0 1 40,41 "Odd-13-S-3";
40 0 0 42,1649 "Odd-13-A-3";
41 0 0 42,1648 "Odd-13-B-3";
42 0 1 43,29 "Odd-13-S-4";
43 0 0 45,1647 "Odd-13-A-4";
44 0 0 27,1629 "Odd-19-A-13";
45 0 1 46,47 "Odd-13-S-5";
46 0 0 48,1645 "Odd-13-A-5";
47 0 0 48,1644 "Odd-13-B-5";
48 0 1 49,50 "Odd-13-S-6";
49 0 0 51,1643 "Odd-13-A-6";
50 0 0 51,1642 "Odd-13-B-6";
51 0 1 52,53 "Odd-13-S-7";
52 0 0 54,1641 "Odd-13-A-7";
53 0 0 54,1640 "Odd-13-B-7";
54 0 1 55,56 "Odd-13-S-8";
55 0 0 57,1639 "Odd-13-A-8";
56 0 0 57,1638 "Odd-13-B-8";
57 0 1 15,1 "Odd-13-S-9";
58 0 0 75,1637 "Odd-14-A-9";
59 0 0 60,1646 "Odd-14-B-4";
60 0 1 61,62 "Odd-14-S-5";
61 0 0 63,1645 "Odd-14-A-5";
62 0 0 63,1644 "Odd-14-B-5";
63 0 1 64,65 "Odd-14-S-6";
64 0 0 66,1643 "Odd-14-A-6";
65 0 0 66,1642 "Odd-14-B-6";
66 0 1 67,68 "Odd-14-S-7";
67 0 0 69,1641 "Odd-14-A-7";
68 0 0 69,1640 "Odd-14-B-7";
69 0 1 70,71 "Odd-14-S-8";
70 0 0 72,1639 "Odd-14-A-8";
71 0 0 72,1638 "Odd-14-B-8";
72 0 1 58,74 "Odd-14-S-9";
73 0 0 60,1647 "Odd-14-A-4";
74 0 0 75,1636 "Odd-14-B-9";
75 0 1 76,77 "Odd-14-S-10";
76 0 0 78,1635 "Odd-14-A-10";
77 0 0 78,1634 "Odd-14-B-10";
78 0 1 79,80 "Odd-14-S-11";
79 0 0 81,1633 "Odd-14-A-11";
80 0 0 81,1632 "Odd-14-B-11";
81 0 1 82,83 "Odd-14-S-12";
82 0 0 84,1631 "Odd-14-A-12";
83 0 0 84,1630 "Odd-14-B-12";
84 0 1 85,86 "Odd-14-S-13";
85 0 0 215,1629 "Odd-14-A-13";
86 0 0 215,1628 "Odd-14-B-13";
87 0 0 100,1638 "Odd-19-B-8";
88 0 1 44,28 "Odd-19-S-13";
89 0 0 88,1630 "Odd-19-B-12";
90 0 0 88,1631 "Odd-19-A-12";
91 0 1 90,89 "Odd-19-S-12";
92 0 0 91,1632 "Odd-19-B-11";
93 0 0 91,1633 "Odd-19-A-11";
94 0 1 93,92 "Odd-19-S-11";
95 0 0 94,1634 "Odd-19-B-10";
96 0 0 94,1635 "Odd-19-A-10";
97 0 1 96,95 "Odd-19-S-10";
98 0 0 97,1636 "Odd-19-B-9";
99 0 0 97,1637 "Odd-19-A-9";
100 0 1 99,98 "Odd-19-S-9";
101 0 1 220,219 "Odd-20-S-0";
102 0 1 103,104 "Odd-14-S-0";
103 0 0 105,1655 "Odd-14-A-0";
104 0 0 105,1654 "Odd-14-B-0";
105 0 1 106,107 "Odd-14-S-1";
106 0 0 108,1653 "Odd-14-A-1";
107 0 0 108,1652 "Odd-14-B-1";
108 0 1 109,110 "Odd-14-S-2";
109 0 0 111,1651 "Odd-14-A-2";
110 0 0 111,1650 "Odd-14-B-2";
111 0 1 112,113 "Odd-14-S-3";
112 0 0 114,1649 "Odd-14-A-3";
113 0 0 114,1648 "Odd-14-B-3";
114 0 1 73,59 "Odd-14-S-4";
115 0 0 128,1633 "Odd-20-A-11";
116 0 0 117,1636 "Odd-11-B-9";
117 0 1 118,119 "Odd-11-S-10";
118 0 0 120,1635 "Odd-11-A-10";
119 0 0 120,1634 "Odd-11-B-10";
120 0 1 1214,1632,1630,1628,1626,1624,1622,1620,1618,1616,1614,1612,1610 "Odd-11-Z";
121 0 0 773,1627 "Odd-20-A-14";
122 0 1 121,670 "Odd-20-S-14";
123 0 0 122,1628 "Odd-20-B-13";
124 0 0 122,1629 "Odd-20-A-13";
125 0 1 124,123 "Odd-20-S-13";
126 0 0 125,1630 "Odd-20-B-12";
127 0 0 125,1631 "Odd-20-A-12";
128 0 1 127,126 "Odd-20-S-12";
129 0 0 128,1632 "Odd-20-B-11";
130 0 0 117,1637 "Odd-11-A-9";
131 0 1 115,129 "Odd-20-S-11";
132 0 0 131,1634 "Odd-20-B-10";
133 0 0 131,1635 "Odd-20-A-10";
134 0 1 133,132 "Odd-20-S-10";
135 0 0 134,1636 "Odd-20-B-9";
136 0 0 134,1637 "Odd-20-A-9";
137 0 1 136,135 "Odd-20-S-9";
138 0 0 137,1638 "Odd-20-B-8";
139 0 0 137,1639 "Odd-20-A-8";
140 0 1 139,138 "Odd-20-S-8";
141 0 0 140,1640 "Odd-20-B-7";
142 0 0 140,1641 "Odd-20-A-7";
143 0 1 142,141 "Odd-20-S-7";
144 0 0 159,1646 "Odd-11-B-4";
145 0 0 147,1655 "Odd-11-A-0";
146 0 0 147,1654 "Odd-11-B-0";
147 0 1 148,149 "Odd-11-S-1";
148 0 0 150,1653 "Odd-11-A-1";
149 0 0 150,1652 "Odd-11-B-1";
150 0 1 151,152 "Odd-11-S-2";
151 0 0 153,1651 "Odd-11-A-2";
152 0 0 153,1650 "Odd-11-B-2";
153 0 1 154,155 "Odd-11-S-3";
154 0 0 156,1649 "Odd-11-A-3";
155 0 0 156,1648 "Odd-11-B-3";
156 0 1 157,144 "Odd-11-S-4";
157 0 0 159,1647 "Odd-11-A-4";
158 0 0 143,1642 "Odd-20-B-6";
159 0 1 160,161 "Odd-11-S-5";
160 0 0 162,1645 "Odd-11-A-5";
161 0 0 162,1644 "Odd-11-B-5";
162 0 1 163,164 "Odd-11-S-6";
163 0 0 165,1643 "Odd-11-A-6";
164 0 0 165,1642 "Odd-11-B-6";
165 0 1 166,167 "Odd-11-S-7";
166 0 0 168,1641 "Odd-11-A-7";
167 0 0 168,1640 "Odd-11-B-7";
168 0 1 169,170 "Odd-11-S-8";
169 0 0 171,1639 "Odd-11-A-8";
170 0 0 171,1638 "Odd-11-B-8";
171 0 1 130,116 "Odd-11-S-9";
172 0 0 188,1640 "Odd-12-B-7";
173 0 1 174,175 "Odd-12-S-3";
174 0 0 176,1649 "Odd-12-A-3";
175 0 0 176,1648 "Odd-12-B-3";
176 0 1 177,178 "Odd-12-S-4";
177 0 0 179,1647 "Odd-12-A-4";
178 0 0 179,1646 "Odd-12-B-4";
179 0 1 180,181 "Odd-12-S-5";
180 0 0 182,1645 "Odd-12-A-5";
181 0 0 182,1644 "Odd-12-B-5";
182 0 1 183,184 "Odd-12-S-6";
183 0 0 185,1643 "Odd-12-A-6";
184 0 0 185,1642 "Odd-12-B-6";
185 0 1 186,172 "Odd-12-S-7";
186 0 0 188,1641 "Odd-12-A-7";
187 0 0 173,1650 "Odd-12-B-2";
188 0 1 189,190 "Odd-12-S-8";
189 0 0 191,1639 "Odd-12-A-8";
190 0 0 191,1638 "Odd-12-B-8";
191 0 1 192,193 "Odd-12-S-9";
192 0 0 194,1637 "Odd-12-A-9";
193 0 0 194,1636 "Odd-12-B-9";
194 0 1 195,196 "Odd-12-S-10";
195 0 0 197,1635 "Odd-12-A-10";
196 0 0 197,1634 "Odd-12-B-10";
197 0 1 198,199 "Odd-12-S-11";
198 0 0 200,1633 "Odd-12-A-11";
199 0 0 200,1632 "Odd-12-B-11";
200 0 1 1176,1630,1628,1626,1624,1622,1620,1618,1616,1614,1612,1610 "Odd-12-Z";
201 0 1 214,213 "Odd-20-S-2";
202 0 0 143,1643 "Odd-20-A-6";
203 0 1 202,158 "Odd-20-S-6";
204 0 0 203,1644 "Odd-20-B-5";
205 0 0 203,1645 "Odd-20-A-5";
206 0 1 205,204 "Odd-20-S-5";
207 0 0 206,1646 "Odd-20-B-4";
208 0 0 206,1647 "Odd-20-A-4";
209 0 1 208,207 "Odd-20-S-4";
210 0 0 209,1648 "Odd-20-B-3";
211 0 0 209,1649 "Odd-20-A-3";
212 0 1 211,210 "Odd-20-S-3";
213 0 0 212,1650 "Odd-20-B-2";
214 0 0 212,1651 "Odd-20-A-2";
215 0 1 1535,1626,1624,1622,1620,1618,1616,1614,1612,1610 "Odd-14-Z";
216 0 0 201,1652 "Odd-20-B-1";
217 0 0 201,1653 "Odd-20-A-1";
218 0 1 217,216 "Odd-20-S-1";
219 0 0 218,1654 "Odd-20-B-0";
220 0 0 218,1655 "Odd-20-A-0";
221 0 1 222,223 "Odd-12-S-0";
222 0 0 224,1655 "Odd-12-A-0";
223 0 0 224,1654 "Odd-12-B-0";
224 0 1 225,226 "Odd-12-S-1";
225 0 0 227,1653 "Odd-12-A-1";
226 0 0 227,1652 "Odd-12-B-1";
227 0 1 228,187 "Odd-12-S-2";
228 0 0 173,1651 "Odd-12-A-2";
229 0 1 243,242 "Odd-18-S-6";
230 0 0 410,1634 "Odd-18-B-10";
231 0 0 410,1635 "Odd-18-A-10";
232 0 1 231,230 "Odd-18-S-10";
233 0 0 232,1636 "Odd-18-B-9";
234 0 0 232,1637 "Odd-18-A-9";
235 0 1 234,233 "Odd-18-S-9";
236 0 0 235,1638 "Odd-18-B-8";
237 0 0 235,1639 "Odd-18-A-8";
238 0 1 237,236 "Odd-18-S-8";
239 0 0 238,1640 "Odd-18-B-7";
240 0 0 238,1641 "Odd-18-A-7";
241 0 1 240,239 "Odd-18-S-7";
242 0 0 241,1642 "Odd-18-B-6";
243 0 0 241,1643 "Odd-18-A-6";
244 0 1 1432,1622,1620,1618,1616,1614,1612,1610 "Odd-16-Z";
245 0 0 229,1644 "Odd-18-B-5";
246 0 0 229,1645 "Odd-18-A-5";
247 0 1 246,245 "Odd-18-S-5";
248 0 0 247,1646 "Odd-18-B-4";
249 0 0 247,1647 "Odd-18-A-4";
250 0 1 249,248 "Odd-18-S-4";
251 0 0 250,1648 "Odd-18-B-3";
252 0 0 250,1649 "Odd-18-A-3";
253 0 1 252,251 "Odd-18-S-3";
254 0 0 253,1650 "Odd-18-B-2";
255 0 0 253,1651 "Odd-18-A-2";
256 0 1 255,254 "Odd-18-S-2";
257 0 0 256,1652 "Odd-18-B-1";
258 0 0 275,1633 "Odd-16-A-11";
259 0 0 260,1642 "Odd-16-B-6";
260 0 1 261,262 "Odd-16-S-7";
261 0 0 263,1641 "Odd-16-A-7";
262 0 0 263,1640 "Odd-16-B-7";
263 0 1 264,265 "Odd-16-S-8";
264 0 0 266,1639 "Odd-16-A-8";
265 0 0 266,1638 "Odd-16-B-8";
266 0 1 267,268 "Odd-16-S-9";
267 0 0 269,1637 "Odd-16-A-9";
268 0 0 269,1636 "Odd-16-B-9";
269 0 1 270,271 "Odd-16-S-10";
270 0 0 272,1635 "Odd-16-A-10";
271 0 0 272,1634 "Odd-16-B-10";
272 0 1 258,274 "Odd-16-S-11";
273 0 0 256,1653 "Odd-18-A-1";
274 0 0 275,1632 "Odd-16-B-11";
275 0 1 276,277 "Odd-16-S-12";
276 0 0 278,1631 "Odd-16-A-12";
277 0 0 278,1630 "Odd-16-B-12";
278 0 1 279,280 "Odd-16-S-13";
279 0 0 281,1629 "Odd-16-A-13";
280 0 0 281,1628 "Odd-16-B-13";
281 0 1 282,283 "Odd-16-S-14";
282 0 0 284,1627 "Odd-16-A-14";
283 0 0 284,1626 "Odd-16-B-14";
284 0 1 285,286 "Odd-16-S-15";
285 0 0 244,1625 "Odd-16-A-15";
286 0 0 244,1624 "Odd-16-B-15";
287 0 0 303,1630 "Odd-17-B-12";
288 0 1 289,290 "Odd-17-S-8";
289 0 0 291,1639 "Odd-17-A-8";
290 0 0 291,1638 "Odd-17-B-8";
291 0 1 292,293 "Odd-17-S-9";
292 0 0 294,1637 "Odd-17-A-9";
293 0 0 294,1636 "Odd-17-B-9";
294 0 1 295,296 "Odd-17-S-10";
295 0 0 297,1635 "Odd-17-A-10";
296 0 0 297,1634 "Odd-17-B-10";
297 0 1 298,299 "Odd-17-S-11";
298 0 0 300,1633 "Odd-17-A-11";
299 0 0 300,1632 "Odd-17-B-11";
300 0 1 301,287 "Odd-17-S-12";
301 0 0 303,1631 "Odd-17-A-12";
302 0 0 288,1640 "Odd-17-B-7";
303 0 1 304,305 "Odd-17-S-13";
304 0 0 306,1629 "Odd-17-A-13";
305 0 0 306,1628 "Odd-17-B-13";
306 0 1 307,308 "Odd-17-S-14";
307 0 0 309,1627 "Odd-17-A-14";
308 0 0 309,1626 "Odd-17-B-14";
309 0 1 310,311 "Odd-17-S-15";
310 0 0 312,1625 "Odd-17-A-15";
311 0 0 312,1624 "Odd-17-B-15";
312 0 1 313,314 "Odd-17-S-16";
313 0 0 315,1623 "Odd-17-A-16";
314 0 0 315,1622 "Odd-17-B-16";
315 0 1 1499,1620,1618,1616,1614,1612,1610 "Odd-17-Z";
316 0 1 331,332 "Odd-17-S-3";
317 0 1 273,257 "Odd-18-S-1";
318 0 0 317,1654 "Odd-18-B-0";
319 0 0 317,1655 "Odd-18-A-0";
320 0 1 319,318 "Odd-18-S-0";
321 0 1 322,323 "Odd-17-S-0";
322 0 0 324,1655 "Odd-17-A-0";
323 0 0 324,1654 "Odd-17-B-0";
324 0 1 325,326 "Odd-17-S-1";
325 0 0 327,1653 "Odd-17-A-1";
326 0 0 327,1652 "Odd-17-B-1";
327 0 1 328,329 "Odd-17-S-2";
328 0 0 316,1651 "Odd-17-A-2";
329 0 0 316,1650 "Odd-17-B-2";
330 0 0 260,1643 "Odd-16-A-6";
331 0 0 333,1649 "Odd-17-A-3";
332 0 0 333,1648 "Odd-17-B-3";
333 0 1 334,335 "Odd-17-S-4";
334 0 0 336,1647 "Odd-17-A-4";
335 0 0 336,1646 "Odd-17-B-4";
336 0 1 337,338 "Odd-17-S-5";
337 0 0 339,1645 "Odd-17-A-5";
338 0 0 339,1644 "Odd-17-B-5";
339 0 1 340,341 "Odd-17-S-6";
340 0 0 342,1643 "Odd-17-A-6";
341 0 0 342,1642 "Odd-17-B-6";
342 0 1 343,302 "Odd-17-S-7";
343 0 0 288,1641 "Odd-17-A-7";
344 0 0 361,1645 "Odd-15-A-5";
345 0 0 346,1654 "Odd-15-B-0";
346 0 1 347,348 "Odd-15-S-1";
347 0 0 349,1653 "Odd-15-A-1";
348 0 0 349,1652 "Odd-15-B-1";
349 0 1 350,351 "Odd-15-S-2";
350 0 0 352,1651 "Odd-15-A-2";
351 0 0 352,1650 "Odd-15-B-2";
352 0 1 353,354 "Odd-15-S-3";
353 0 0 355,1649 "Odd-15-A-3";
354 0 0 355,1648 "Odd-15-B-3";
355 0 1 356,357 "Odd-15-S-4";
356 0 0 358,1647 "Odd-15-A-4";
357 0 0 358,1646 "Odd-15-B-4";
358 0 1 344,360 "Odd-15-S-5";
359 0 0 346,1655 "Odd-15-A-0";
360 0 0 361,1644 "Odd-15-B-5";
361 0 1 362,363 "Odd-15-S-6";
362 0 0 364,1643 "Odd-15-A-6";
363 0 0 364,1642 "Odd-15-B-6";
364 0 1 365,366 "Odd-15-S-7";
365 0 0 367,1641 "Odd-15-A-7";
366 0 0 367,1640 "Odd-15-B-7";
367 0 1 368,369 "Odd-15-S-8";
368 0 0 370,1639 "Odd-15-A-8";
369 0 0 370,1638 "Odd-15-B-8";
370 0 1 371,372 "Odd-15-S-9";
371 0 0 387,1637 "Odd-15-A-9";
372 0 0 387,1636 "Odd-15-B-9";
373 0 1 386,385 "Odd-19-S-4";
374 0 0 100,1639 "Odd-19-A-8";
375 0 1 374,87 "Odd-19-S-8";
376 0 0 375,1640 "Odd-19-B-7";
377 0 0 375,1641 "Odd-19-A-7";
378 0 1 377,376 "Odd-19-S-7";
379 0 0 378,1642 "Odd-19-B-6";
380 0 0 378,1643 "Odd-19-A-6";
381 0 1 380,379 "Odd-19-S-6";
382 0 0 381,1644 "Odd-19-B-5";
383 0 0 381,1645 "Odd-19-A-5";
384 0 1 383,382 "Odd-19-S-5";
385 0 0 384,1646 "Odd-19-B-4";
386 0 0 384,1647 "Odd-19-A-4";
387 0 1 431,432 "Odd-15-S-10";
388 0 0 373,1648 "Odd-19-B-3";
389 0 0 373,1649 "Odd-19-A-3";
390 0 1 389,388 "Odd-19-S-3";
391 0 0 390,1650 "Odd-19-B-2";
392 0 0 390,1651 "Odd-19-A-2";
393 0 1 392,391 "Odd-19-S-2";
394 0 0 393,1652 "Odd-19-B-1";
395 0 0 393,1653 "Odd-19-A-1";
396 0 1 395,394 "Odd-19-S-1";
397 0 0 396,1654 "Odd-19-B-0";
398 0 0 396,1655 "Odd-19-A-0";
399 0 1 398,397 "Odd-19-S-0";
400 0 1 359,345 "Odd-15-S-0";
401 0 0 417,1652 "Odd-16-B-1";
402 0 0 416,1628 "Odd-18-B-13";
403 0 0 416,1629 "Odd-18-A-13";
404 0 1 403,402 "Odd-18-S-13";
405 0 0 404,1630 "Odd-18-B-12";
406 0 0 404,1631 "Odd-18-A-12";
407 0 1 406,405 "Odd-18-S-12";
408 0 0 407,1632 "Odd-18-B-11";
409 0 0 407,1633 "Odd-18-A-11";
410 0 1 409,408 "Odd-18-S-11";
411 0 1 412,413 "Odd-16-S-0";
412 0 0 414,1655 "Odd-16-A-0";
413 0 0 414,1654 "Odd-16-B-0";
414 0 1 415,401 "Odd-16-S-1";
415 0 0 417,1653 "Odd-16-A-1";
416 0 1 457,456 "Odd-18-S-14";
417 0 1 418,419 "Odd-16-S-2";
418 0 0 420,1651 "Odd-16-A-2";
419 0 0 420,1650 "Odd-16-B-2";
420 0 1 421,422 "Odd-16-S-3";
421 0 0 423,1649 "Odd-16-A-3";
422 0 0 423,1648 "Odd-16-B-3";
423 0 1 424,425 "Odd-16-S-4";
424 0 0 426,1647 "Odd-16-A-4";
425 0 0 426,1646 "Odd-16-B-4";
426 0 1 427,428 "Odd-16-S-5";
427 0 0 429,1645 "Odd-16-A-5";
428 0 0 429,1644 "Odd-16-B-5";
429 0 1 330,259 "Odd-16-S-6";
430 0 0 445,1626 "Odd-15-B-14";
431 0 0 433,1635 "Odd-15-A-10";
432 0 0 433,1634 "Odd-15-B-10";
433 0 1 434,435 "Odd-15-S-11";
434 0 0 436,1633 "Odd-15-A-11";
435 0 0 436,1632 "Odd-15-B-11";
436 0 1 437,438 "Odd-15-S-12";
437 0 0 439,1631 "Odd-15-A-12";
438 0 0 439,1630 "Odd-15-B-12";
439 0 1 440,441 "Odd-15-S-13";
440 0 0 442,1629 "Odd-15-A-13";
441 0 0 442,1628 "Odd-15-B-13";
442 0 1 443,430 "Odd-15-S-14";
443 0 0 445,1627 "Odd-15-A-14";
444 0 1 834,1610 "Odd-22-Z";
445 0 1 1362,1624,1622,1620,1618,1616,1614,1612,1610 "Odd-15-Z";
446 0 1 872,1618,1616,1614,1612,1610 "Odd-18-Z";
447 0 0 446,1620 "Odd-18-B-17";
448 0 0 446,1621 "Odd-18-A-17";
449 0 1 448,447 "Odd-18-S-17";
450 0 0 449,1622 "Odd-18-B-16";
451 0 0 449,1623 "Odd-18-A-16";
452 0 1 451,450 "Odd-18-S-16";
453 0 0 452,1624 "Odd-18-B-15";
454 0 0 452,1625 "Odd-18-A-15";
455 0 1 454,453 "Odd-18-S-15";
456 0 0 455,1626 "Odd-18-B-14";
457 0 0 455,1627 "Odd-18-A-14";
458 0 1 474,475 "Odd-7-S-5";
459 0 0 461,1655 "Odd-7-A-0";
460 0 0 461,1654 "Odd-7-B-0";
461 0 1 462,463 "Odd-7-S-1";
462 0 0 464,1653 "Odd-7-A-1";
463 0 0 464,1652 "Odd-7-B-1";
464 0 1 465,466 "Odd-7-S-2";
465 0 0 467,1651 "Odd-7-A-2";
466 0 0 467,1650 "Odd-7-B-2";
467 0 1 468,469 "Odd-7-S-3";
468 0 0 470,1649 "Odd-7-A-3";
469 0 0 470,1648 "Odd-7-B-3";
470 0 1 471,472 "Odd-7-S-4";
471 0 0 458,1647 "Odd-7-A-4";
472 0 0 458,1646 "Odd-7-B-4";
473 0 1 459,460 "Odd-7-S-0";
474 0 0 476,1645 "Odd-7-A-5";
475 0 0 476,1644 "Odd-7-B-5";
476 0 1 477,478 "Odd-7-S-6";
477 0 0 479,1643 "Odd-7-A-6";
478 0 0 479,1642 "Odd-7-B-6";
479 0 1 1336,1640,1638,1636,1634,1632,1630,1628,1626,1624,1622,1620,1618,1616,1614,1612,1610 "Odd-7-Z";
480 0 0 514,1616 "Odd-21-B-19";
481 0 0 514,1617 "Odd-21-A-19";
482 0 1 481,480 "Odd-21-S-19";
483 0 0 482,1618 "Odd-21-B-18";
484 0 0 482,1619 "Odd-21-A-18";
485 0 1 484,483 "Odd-21-S-18";
486 0 0 485,1620 "Odd-21-B-17";
487 0 1 502,503 "Odd-6-S-3";
488 0 1 489,490 "Odd-5-S-4";
489 0 0 491,1647 "Odd-5-A-4";
490 0 0 491,1646 "Odd-5-B-4";
491 0 1 1243,1644,1642,1640,1638,1636,1634,1632,1630,1628,1626,1624,1622,1620,1618,1616,1614,1612,1610 "Odd-5-Z";
492 0 1 493,494 "Odd-6-S-0";
493 0 0 495,1655 "Odd-6-A-0";
494 0 0 495,1654 "Odd-6-B-0";
495 0 1 496,497 "Odd-6-S-1";
496 0 0 498,1653 "Odd-6-A-1";
497 0 0 498,1652 "Odd-6-B-1";
498 0 1 499,500 "Odd-6-S-2";
499 0 0 487,1651 "Odd-6-A-2";
500 0 0 487,1650 "Odd-6-B-2";
501 0 0 485,1621 "Odd-21-A-17";
502 0 0 504,1649 "Odd-6-A-3";
503 0 0 504,1648 "Odd-6-B-3";
504 0 1 505,506 "Odd-6-S-4";
505 0 0 507,1647 "Odd-6-A-4";
506 0 0 507,1646 "Odd-6-B-4";
507 0 1 508,509 "Odd-6-S-5";
508 0 0 510,1645 "Odd-6-A-5";
509 0 0 510,1644 "Odd-6-B-5";
510 0 1 1325,1642,1640,1638,1636,1634,1632,1630,1628,1626,1624,1622,1620,1618,1616,1614,1612,1610 "Odd-6-Z";
511 0 1 952,1612,1610 "Odd-21-Z";
512 0 0 511,1614 "Odd-21-B-20";
513 0 0 511,1615 "Odd-21-A-20";
514 0 1 513,512 "Odd-21-S-20";
515 0 1 530,531 "Odd-8-S-6";
516 0 0 517,1652 "Odd-8-B-1";
517 0 1 518,519 "Odd-8-S-2";
518 0 0 520,1651 "Odd-8-A-2";
519 0 0 520,1650 "Odd-8-B-2";
520 0 1 521,522 "Odd-8-S-3";
521 0 0 523,1649 "Odd-8-A-3";
522 0 0 523,1648 "Odd-8-B-3";
523 0 1 524,525 "Odd-8-S-4";
524 0 0 526,1647 "Odd-8-A-4";
525 0 0 526,1646 "Odd-8-B-4";
526 0 1 527,528 "Odd-8-S-5";
527 0 0 515,1645 "Odd-8-A-5";
528 0 0 515,1644 "Odd-8-B-5";
529 0 0 517,1653 "Odd-8-A-1";
530 0 0 532,1643 "Odd-8-A-6";
531 0 0 532,1642 "Odd-8-B-6";
532 0 1 533,534 "Odd-8-S-7";
533 0 0 535,1641 "Odd-8-A-7";
534 0 0 535,1640 "Odd-8-B-7";
535 0 1 1310,1638,1636,1634,1632,1630,1628,1626,1624,1622,1620,1618,1616,1614,1612,1610 "Odd-8-Z";
536 0 0 565,1637 "Odd-21-A-9";
537 0 1 536,566 "Odd-21-S-9";
538 0 0 537,1638 "Odd-21-B-8";
539 0 0 537,1639 "Odd-21-A-8";
540 0 1 539,538 "Odd-21-S-8";
541 0 0 540,1640 "Odd-21-B-7";
542 0 0 540,1641 "Odd-21-A-7";
543 0 0 556,1630 "Odd-21-B-12";
544 0 1 501,486 "Odd-21-S-17";
545 0 0 544,1622 "Odd-21-B-16";
546 0 0 544,1623 "Odd-21-A-16";
547 0 1 546,545 "Odd-21-S-16";
548 0 0 547,1624 "Odd-21-B-15";
549 0 0 547,1625 "Odd-21-A-15";
550 0 1 549,548 "Odd-21-S-15";
551 0 0 550,1626 "Odd-21-B-14";
552 0 0 550,1627 "Odd-21-A-14";
553 0 1 552,551 "Odd-21-S-14";
554 0 0 553,1628 "Odd-21-B-13";
555 0 0 553,1629 "Odd-21-A-13";
556 0 1 555,554 "Odd-21-S-13";
557 0 0 488,1648 "Odd-5-B-3";
558 0 0 556,1631 "Odd-21-A-12";
559 0 1 558,543 "Odd-21-S-12";
560 0 0 559,1632 "Odd-21-B-11";
561 0 0 559,1633 "Odd-21-A-11";
562 0 1 561,560 "Odd-21-S-11";
563 0 0 562,1634 "Odd-21-B-10";
564 0 0 562,1635 "Odd-21-A-10";
565 0 1 564,563 "Odd-21-S-10";
566 0 0 565,1636 "Odd-21-B-9";
567 0 1 568,569 "Odd-8-S-0";
568 0 0 570,1655 "Odd-8-A-0";
569 0 0 570,1654 "Odd-8-B-0";
570 0 1 529,516 "Odd-8-S-1";
571 0 0 585,1632 "Odd-22-B-11";
572 0 1 586,627 "Odd-22-S-14";
573 0 0 572,1628 "Odd-22-B-13";
574 0 0 572,1629 "Odd-22-A-13";
575 0 1 574,573 "Odd-22-S-13";
576 0 0 575,1630 "Odd-22-B-12";
577 0 1 578,579 "Odd-2-S-0";
578 0 0 580,1655 "Odd-2-A-0";
579 0 0 580,1654 "Odd-2-B-0";
580 0 1 581,582 "Odd-2-S-1";
581 0 0 583,1653 "Odd-2-A-1";
582 0 0 583,1652 "Odd-2-B-1";
583 0 1 1251,1650,1648,1646,1644,1642,1640,1638,1636,1634,1632,1630,1628,1626,1624,1622,1620,1618,1616,1614,1612,1610 "Odd-2-Z";
584 0 0 575,1631 "Odd-22-A-12";
585 0 1 584,576 "Odd-22-S-12";
586 0 0 626,1627 "Odd-22-A-14";
587 0 0 585,1633 "Odd-22-A-11";
588 0 1 587,571 "Odd-22-S-11";
589 0 0 588,1634 "Odd-22-B-10";
590 0 0 588,1635 "Odd-22-A-10";
591 0 1 590,589 "Odd-22-S-10";
592 0 0 591,1636 "Odd-22-B-9";
593 0 0 591,1637 "Odd-22-A-9";
594 0 1 593,592 "Odd-22-S-9";
595 0 0 594,1638 "Odd-22-B-8";
596 0 0 594,1639 "Odd-22-A-8";
597 0 1 596,595 "Odd-22-S-8";
598 0 0 597,1640 "Odd-22-B-7";
599 0 0 597,1641 "Odd-22-A-7";
600 0 0 613,1620 "Odd-22-B-17";
601 0 0 444,1612 "Odd-22-B-21";
602 0 0 444,1613 "Odd-22-A-21";
603 0 1 602,601 "Odd-22-S-21";
604 0 0 603,1614 "Odd-22-B-20";
605 0 0 603,1615 "Odd-22-A-20";
606 0 1 1264,1654,1652,1650,1648,1646,1644,1642,1640,1638,1636,1634,1632,1630,1628,1626,1624,1622,1620,1618,1616,1614,1612,1610 "Odd-0-Z";
607 0 1 605,604 "Odd-22-S-20";
608 0 0 607,1616 "Odd-22-B-19";
609 0 0 607,1617 "Odd-22-A-19";
610 0 1 609,608 "Odd-22-S-19";
611 0 0 610,1618 "Odd-22-B-18";
612 0 0 610,1619 "Odd-22-A-18";
613 0 1 612,611 "Odd-22-S-18";
614 0 1 657,658 "Odd-3-S-0";
615 0 0 613,1621 "Odd-22-A-17";
616 0 1 615,600 "Odd-22-S-17";
617 0 1 618,619 "Odd-1-S-0";
618 0 0 620,1655 "Odd-1-A-0";
619 0 0 620,1654 "Odd-1-B-0";
620 0 1 1259,1652,1650,1648,1646,1644,1642,1640,1638,1636,1634,1632,1630,1628,1626,1624,1622,1620,1618,1616,1614,1612,1610 "Odd-1-Z";
621 0 0 616,1622 "Odd-22-B-16";
622 0 0 616,1623 "Odd-22-A-16";
623 0 1 622,621 "Odd-22-S-16";
624 0 0 623,1624 "Odd-22-B-15";
625 0 0 623,1625 "Odd-22-A-15";
626 0 1 625,624 "Odd-22-S-15";
627 0 0 626,1626 "Odd-22-B-14";
628 0 0 642,1654 "Odd-22-B-0";
629 0 1 630,631 "Odd-4-S-0";
630 0 0 632,1655 "Odd-4-A-0";
631 0 0 632,1654 "Odd-4-B-0";
632 0 1 633,634 "Odd-4-S-1";
633 0 0 635,1653 "Odd-4-A-1";
634 0 0 635,1652 "Odd-4-B-1";
635 0 1 636,637 "Odd-4-S-2";
636 0 0 638,1651 "Odd-4-A-2";
637 0 0 638,1650 "Odd-4-B-2";
638 0 1 639,640 "Odd-4-S-3";
639 0 0 641,1649 "Odd-4-A-3";
640 0 0 641,1648 "Odd-4-B-3";
641 0 1 1226,1646,1644,1642,1640,1638,1636,1634,1632,1630,1628,1626,1624,1622,1620,1618,1616,1614,1612,1610 "Odd-4-Z";
642 0 1 683,682 "Odd-22-S-1";
643 0 0 642,1655 "Odd-22-A-0";
644 0 1 643,628 "Odd-22-S-0";
645 0 1 646,647 "Odd-5-S-0";
646 0 0 648,1655 "Odd-5-A-0";
647 0 0 648,1654 "Odd-5-B-0";
648 0 1 649,650 "Odd-5-S-1";
649 0 0 651,1653 "Odd-5-A-1";
650 0 0 651,1652 "Odd-5-B-1";
651 0 1 652,653 "Odd-5-S-2";
652 0 0 654,1651 "Odd-5-A-2";
653 0 0 654,1650 "Odd-5-B-2";
654 0 1 655,557 "Odd-5-S-3";
655 0 0 488,1649 "Odd-5-A-3";
656 0 0 669,1644 "Odd-22-B-5";
657 0 0 659,1655 "Odd-3-A-0";
658 0 0 659,1654 "Odd-3-B-0";
659 0 1 660,661 "Odd-3-S-1";
660 0 0 662,1653 "Odd-3-A-1";
661 0 0 662,1652 "Odd-3-B-1";
662 0 1 663,664 "Odd-3-S-2";
663 0 0 665,1651 "Odd-3-A-2";
664 0 0 665,1650 "Odd-3-B-2";
665 0 1 1274,1648,1646,1644,1642,1640,1638,1636,1634,1632,1630,1628,1626,1624,1622,1620,1618,1616,1614,1612,1610 "Odd-3-Z";
666 0 1 599,598 "Odd-22-S-7";
667 0 0 666,1642 "Odd-22-B-6";
668 0 0 666,1643 "Odd-22-A-6";
669 0 1 668,667 "Odd-22-S-6";
670 0 0 773,1626 "Odd-20-B-14";
671 0 0 669,1645 "Odd-22-A-5";
672 0 1 671,656 "Odd-22-S-5";
673 0 0 672,1646 "Odd-22-B-4";
674 0 0 672,1647 "Odd-22-A-4";
675 0 1 674,673 "Odd-22-S-4";
676 0 0 675,1648 "Odd-22-B-3";
677 0 0 675,1649 "Odd-22-A-3";
678 0 1 677,676 "Odd-22-S-3";
679 0 0 678,1650 "Odd-22-B-2";
680 0 0 678,1651 "Odd-22-A-2";
681 0 1 680,679 "Odd-22-S-2";
682 0 0 681,1652 "Odd-22-B-1";
683 0 0 681,1653 "Odd-22-A-1";
684 0 0 698,1620 "Odd-20-B-17";
685 0 1 686,687 "Odd-10-S-8";
686 0 0 688,1639 "Odd-10-A-8";
687 0 0 688,1638 "Odd-10-B-8";
688 0 1 689,690 "Odd-10-S-9";
689 0 0 691,1637 "Odd-10-A-9";
690 0 0 691,1636 "Odd-10-B-9";
691 0 1 1088,1634,1632,1630,1628,1626,1624,1622,1620,1618,1616,1614,1612,1610 "Odd-10-Z";
692 0 1 1069,1614,1612,1610 "Odd-20-Z";
693 0 0 692,1616 "Odd-20-B-19";
694 0 0 692,1617 "Odd-20-A-19";
695 0 1 694,693 "Odd-20-S-19";
696 0 0 695,1618 "Odd-20-B-18";
697 0 0 695,1619 "Odd-20-A-18";
698 0 1 697,696 "Odd-20-S-18";
699 0 0 685,1640 "Odd-10-B-7";
700 0 0 698,1621 "Odd-20-A-17";
701 0 1 700,684 "Odd-20-S-17";
702 0 0 701,1622 "Odd-20-B-16";
703 0 0 701,1623 "Odd-20-A-16";
704 0 1 703,702 "Odd-20-S-16";
705 0 1 714,715 "Odd-9-S-7";
706 0 0 705,1642 "Odd-9-B-6";
707 0 0 705,1643 "Odd-9-A-6";
708 0 1 707,706 "Odd-9-S-6";
709 0 0 708,1644 "Odd-9-B-5";
710 0 0 708,1645 "Odd-9-A-5";
711 0 1 710,709 "Odd-9-S-5";
712 0 0 711,1646 "Odd-9-B-4";
713 0 0 729,1650 "Odd-10-B-2";
714 0 0 716,1641 "Odd-9-A-7";
715 0 0 716,1640 "Odd-9-B-7";
716 0 1 717,718 "Odd-9-S-8";
717 0 0 719,1639 "Odd-9-A-8";
718 0 0 719,1638 "Odd-9-B-8";
719 0 1 1145,1636,1634,1632,1630,1628,1626,1624,1622,1620,1618,1616,1614,1612,1610 "Odd-9-Z";
720 0 1 721,722 "Odd-10-S-0";
721 0 0 723,1655 "Odd-10-A-0";
722 0 0 723,1654 "Odd-10-B-0";
723 0 1 724,725 "Odd-10-S-1";
724 0 0 726,1653 "Odd-10-A-1";
725 0 0 726,1652 "Odd-10-B-1";
726 0 1 727,713 "Odd-10-S-2";
727 0 0 729,1651 "Odd-10-A-2";
728 0 0 685,1641 "Odd-10-A-7";
729 0 1 730,731 "Odd-10-S-3";
730 0 0 732,1649 "Odd-10-A-3";
731 0 0 732,1648 "Odd-10-B-3";
732 0 1 733,734 "Odd-10-S-4";
733 0 0 735,1647 "Odd-10-A-4";
734 0 0 735,1646 "Odd-10-B-4";
735 0 1 736,737 "Odd-10-S-5";
736 0 0 738,1645 "Odd-10-A-5";
737 0 0 738,1644 "Odd-10-B-5";
738 0 1 739,740 "Odd-10-S-6";
739 0 0 741,1643 "Odd-10-A-6";
740 0 0 741,1642 "Odd-10-B-6";
741 0 1 728,699 "Odd-10-S-7";
742 0 1 755,756 "Odd-21-S-4";
743 0 0 744,1654 "Odd-21-B-0";
744 0 1 745,746 "Odd-21-S-1";
745 0 0 747,1653 "Odd-21-A-1";
746 0 0 747,1652 "Odd-21-B-1";
747 0 1 748,749 "Odd-21-S-2";
748 0 0 750,1651 "Odd-21-A-2";
749 0 0 750,1650 "Odd-21-B-2";
750 0 1 751,752 "Odd-21-S-3";
751 0 0 742,1649 "Odd-21-A-3";
752 0 0 742,1648 "Odd-21-B-3";
753 0 1 763,712 "Odd-9-S-4";
754 0 1 542,541 "Odd-21-S-7";
755 0 0 757,1647 "Odd-21-A-4";
756 0 0 757,1646 "Odd-21-B-4";
757 0 1 758,759 "Odd-21-S-5";
758 0 0 760,1645 "Odd-21-A-5";
759 0 0 760,1644 "Odd-21-B-5";
760 0 1 761,762 "Odd-21-S-6";
761 0 0 754,1643 "Odd-21-A-6";
762 0 0 754,1642 "Odd-21-B-6";
763 0 0 711,1647 "Odd-9-A-4";
764 0 0 766,1653 "Odd-9-A-1";
765 0 0 766,1652 "Odd-9-B-1";
766 0 1 780,781 "Odd-9-S-2";
767 0 1 764,765 "Odd-9-S-1";
768 0 0 767,1654 "Odd-9-B-0";
769 0 0 767,1655 "Odd-9-A-0";
770 0 1 769,768 "Odd-9-S-0";
771 0 0 704,1624 "Odd-20-B-15";
772 0 0 704,1625 "Odd-20-A-15";
773 0 1 772,771 "Odd-20-S-15";
774 0 1 145,146 "Odd-11-S-0";
775 0 1 776,743 "Odd-21-S-0";
776 0 0 744,1655 "Odd-21-A-0";
777 0 1 779,778 "Odd-9-S-3";
778 0 0 753,1648 "Odd-9-B-3";
779 0 0 753,1649 "Odd-9-A-3";
780 0 0 777,1651 "Odd-9-A-2";
781 0 0 777,1650 "Odd-9-B-2";
782 1 1 789,1629 "Even-21-B-13";
783 1 0 784,785 "Even-21-S-12";
784 1 1 786,1630 "Even-21-A-12";
785 1 1 786,1631 "Even-21-B-12";
786 1 0 787,782 "Even-21-S-13";
787 1 1 789,1628 "Even-21-A-13";
788 1 1 783,1633 "Even-21-B-11";
789 1 0 790,791 "Even-21-S-14";
790 1 1 792,1626 "Even-21-A-14";
791 1 1 792,1627 "Even-21-B-14";
792 1 0 793,794 "Even-21-S-15";
793 1 1 824,1624 "Even-21-A-15";
794 1 1 824,1625 "Even-21-B-15";
795 1 1 836,1622 "Even-21-A-16";
796 1 1 783,1632 "Even-21-A-11";
797 1 0 796,788 "Even-21-S-11";
798 1 1 797,1635 "Even-21-B-10";
799 1 1 797,1634 "Even-21-A-10";
800 1 0 799,798 "Even-21-S-10";
801 1 1 800,1637 "Even-21-B-9";
802 1 1 800,1636 "Even-21-A-9";
803 1 0 802,801 "Even-21-S-9";
804 1 1 803,1639 "Even-21-B-8";
805 1 1 803,1638 "Even-21-A-8";
806 1 0 805,804 "Even-21-S-8";
807 1 1 806,1641 "Even-21-B-7";
808 1 1 878,1643 "Even-18-B-6";
809 1 1 959,1616 "Even-21-A-19";
810 1 1 811,1623 "Even-22-B-16";
811 1 0 812,813 "Even-22-S-17";
812 1 1 814,1620 "Even-22-A-17";
813 1 1 814,1621 "Even-22-B-17";
814 1 0 815,816 "Even-22-S-18";
815 1 1 817,1618 "Even-22-A-18";
816 1 1 817,1619 "Even-22-B-18";
817 1 0 820,826 "Even-22-S-19";
818 1 1 819,1621 "Even-21-B-17";
819 1 0 821,822 "Even-21-S-18";
820 1 1 827,1616 "Even-22-A-19";
821 1 1 823,1618 "Even-21-A-18";
822 1 1 823,1619 "Even-21-B-18";
823 1 0 809,825 "Even-21-S-19";
824 1 0 795,837 "Even-21-S-16";
825 1 1 959,1617 "Even-21-B-19";
826 1 1 827,1617 "Even-22-B-19";
827 1 0 828,829 "Even-22-S-20";
828 1 1 830,1614 "Even-22-A-20";
829 1 1 830,1615 "Even-22-B-20";
830 1 0 831,832 "Even-22-S-21";
831 1 1 833,1612 "Even-22-A-21";
832 1 1 833,1613 "Even-22-B-21";
833 1 0 1605 "Even-22-Z";
834 1 0 1657,644 "Odd-22-T";
835 1 1 819,1620 "Even-21-A-17";
836 1 0 835,818 "Even-21-S-17";
837 1 1 836,1623 "Even-21-B-16";
838 1 1 811,1622 "Even-22-A-16";
839 1 1 850,1634 "Even-18-A-10";
840 1 1 841,1645 "Even-21-B-5";
841 1 0 842,843 "Even-21-S-6";
842 1 1 844,1642 "Even-21-A-6";
843 1 1 844,1643 "Even-21-B-6";
844 1 0 845,807 "Even-21-S-7";
845 1 1 806,1640 "Even-21-A-7";
846 1 0 1368,1369 "Even-16-S-0";
847 1 1 888,1647 "Even-18-B-4";
848 1 1 841,1644 "Even-21-A-5";
849 1 1 850,1635 "Even-18-B-10";
850 1 0 851,852 "Even-18-S-11";
851 1 1 853,1632 "Even-18-A-11";
852 1 1 853,1633 "Even-18-B-11";
853 1 0 854,855 "Even-18-S-12";
854 1 1 856,1630 "Even-18-A-12";
855 1 1 856,1631 "Even-18-B-12";
856 1 0 903,902 "Even-18-S-13";
857 1 0 848,840 "Even-21-S-5";
858 1 1 857,1647 "Even-21-B-4";
859 1 1 857,1646 "Even-21-A-4";
860 1 0 859,858 "Even-21-S-4";
861 1 1 860,1649 "Even-21-B-3";
862 1 1 860,1648 "Even-21-A-3";
863 1 0 862,861 "Even-21-S-3";
864 1 1 863,1651 "Even-21-B-2";
865 1 1 863,1650 "Even-21-A-2";
866 1 0 865,864 "Even-21-S-2";
867 1 1 866,1653 "Even-21-B-1";
868 1 1 866,1652 "Even-21-A-1";
869 1 0 868,867 "Even-21-S-1";
870 1 1 869,1655 "Even-21-B-0";
871 1 1 869,1654 "Even-21-A-0";
872 1 0 1665,320 "Odd-18-T";
873 1 1 875,1644 "Even-18-A-5";
874 1 1 875,1645 "Even-18-B-5";
875 1 0 876,808 "Even-18-S-6";
876 1 1 878,1642 "Even-18-A-6";
877 1 0 871,870 "Even-21-S-0";
878 1 0 879,880 "Even-18-S-7";
879 1 1 881,1640 "Even-18-A-7";
880 1 1 881,1641 "Even-18-B-7";
881 1 0 882,883 "Even-18-S-8";
882 1 1 884,1638 "Even-18-A-8";
883 1 1 884,1639 "Even-18-B-8";
884 1 0 885,886 "Even-18-S-9";
885 1 1 887,1636 "Even-18-A-9";
886 1 1 887,1637 "Even-18-B-9";
887 1 0 839,849 "Even-18-S-10";
888 1 0 873,874 "Even-18-S-5";
889 1 0 1591,1617,1615,1613,1611 "Even-18-Z";
890 1 1 889,1621 "Even-18-B-17";
891 1 1 889,1620 "Even-18-A-17";
892 1 0 891,890 "Even-18-S-17";
893 1 1 892,1623 "Even-18-B-16";
894 1 1 892,1622 "Even-18-A-16";
895 1 0 894,893 "Even-18-S-16";
896 1 1 895,1625 "Even-18-B-15";
897 1 1 895,1624 "Even-18-A-15";
898 1 0 897,896 "Even-18-S-15";
899 1 1 898,1627 "Even-18-B-14";
900 1 1 898,1626 "Even-18-A-14";
901 1 0 900,899 "Even-18-S-14";
902 1 1 901,1629 "Even-18-B-13";
903 1 1 901,1628 "Even-18-A-13";
904 1 1 917,1620 "Even-19-A-17";
905 1 0 906,907 "Even-19-S-14";
906 1 1 908,1626 "Even-19-A-14";
907 1 1 908,1627 "Even-19-B-14";
908 1 0 909,910 "Even-19-S-15";
909 1 1 911,1624 "Even-19-A-15";
910 1 1 911,1625 "Even-19-B-15";
911 1 0 912,913 "Even-19-S-16";
912 1 1 914,1622 "Even-19-A-16";
913 1 1 914,1623 "Even-19-B-16";
914 1 0 904,916 "Even-19-S-17";
915 1 1 905,1629 "Even-19-B-13";
916 1 1 917,1621 "Even-19-B-17";
917 1 0 918,919 "Even-19-S-18";
918 1 1 920,1618 "Even-19-A-18";
919 1 1 920,1619 "Even-19-B-18";
920 1 0 1602,1615,1613,1611 "Even-19-Z";
921 1 0 1663,399 "Odd-19-T";
922 1 1 939,1655 "Even-22-B-0";
923 1 1 939,1654 "Even-22-A-0";
924 1 0 923,922 "Even-22-S-0";
925 1 0 1050,1049 "Even-20-S-13";
926 1 1 936,1653 "Even-22-B-1";
927 1 0 981,1057 "Even-22-S-5";
928 1 1 927,1647 "Even-22-B-4";
929 1 1 927,1646 "Even-22-A-4";
930 1 0 929,928 "Even-22-S-4";
931 1 1 930,1649 "Even-22-B-3";
932 1 1 930,1648 "Even-22-A-3";
933 1 0 932,931 "Even-22-S-3";
934 1 1 933,1651 "Even-22-B-2";
935 1 1 933,1650 "Even-22-A-2";
936 1 0 935,934 "Even-22-S-2";
937 1 1 925,1631 "Even-20-B-12";
938 1 1 936,1652 "Even-22-A-1";
939 1 0 938,926 "Even-22-S-1";
940 1 0 941,942 "Even-19-S-11";
941 1 1 943,1632 "Even-19-A-11";
942 1 1 943,1633 "Even-19-B-11";
943 1 0 944,945 "Even-19-S-12";
944 1 1 946,1630 "Even-19-A-12";
945 1 1 946,1631 "Even-19-B-12";
946 1 0 947,915 "Even-19-S-13";
947 1 1 905,1628 "Even-19-A-13";
948 1 1 957,1648 "Even-20-A-3";
949 1 1 951,1614 "Even-21-A-20";
950 1 1 951,1615 "Even-21-B-20";
951 1 0 1603,1611 "Even-21-Z";
952 1 0 1659,775 "Odd-21-T";
953 1 1 990,1644 "Even-20-A-5";
954 1 0 953,991 "Even-20-S-5";
955 1 1 954,1647 "Even-20-B-4";
956 1 1 954,1646 "Even-20-A-4";
957 1 0 956,955 "Even-20-S-4";
958 1 1 957,1649 "Even-20-B-3";
959 1 0 949,950 "Even-21-S-20";
960 1 0 948,958 "Even-20-S-3";
961 1 1 960,1651 "Even-20-B-2";
962 1 1 960,1650 "Even-20-A-2";
963 1 0 962,961 "Even-20-S-2";
964 1 1 963,1653 "Even-20-B-1";
965 1 1 963,1652 "Even-20-A-1";
966 1 0 965,964 "Even-20-S-1";
967 1 1 966,1655 "Even-20-B-0";
968 1 1 966,1654 "Even-20-A-0";
969 1 0 968,967 "Even-20-S-0";
970 1 0 980,979 "Even-20-S-9";
971 1 1 925,1630 "Even-20-A-12";
972 1 0 971,937 "Even-20-S-12";
973 1 1 972,1633 "Even-20-B-11";
974 1 1 972,1632 "Even-20-A-11";
975 1 0 974,973 "Even-20-S-11";
976 1 1 975,1635 "Even-20-B-10";
977 1 1 975,1634 "Even-20-A-10";
978 1 0 977,976 "Even-20-S-10";
979 1 1 978,1637 "Even-20-B-9";
980 1 1 978,1636 "Even-20-A-9";
981 1 1 1056,1644 "Even-22-A-5";
982 1 1 970,1639 "Even-20-B-8";
983 1 1 970,1638 "Even-20-A-8";
984 1 0 983,982 "Even-20-S-8";
985 1 1 984,1641 "Even-20-B-7";
986 1 1 984,1640 "Even-20-A-7";
987 1 0 986,985 "Even-20-S-7";
988 1 1 987,1643 "Even-20-B-6";
989 1 1 987,1642 "Even-20-A-6";
990 1 0 989,988 "Even-20-S-6";
991 1 1 990,1645 "Even-20-B-5";
992 1 1 1004,1649 "Even-19-B-3";
993 1 1 995,1654 "Even-19-A-0";
994 1 1 995,1655 "Even-19-B-0";
995 1 0 996,997 "Even-19-S-1";
996 1 1 998,1652 "Even-19-A-1";
997 1 1 998,1653 "Even-19-B-1";
998 1 0 999,1000 "Even-19-S-2";
999 1 1 1001,1650 "Even-19-A-2";
1000 1 1 1001,1651 "Even-19-B-2";
1001 1 0 1002,992 "Even-19-S-3";
1002 1 1 1004,1648 "Even-19-A-3";
1003 1 0 993,994 "Even-19-S-0";
1004 1 0 1005,1006 "Even-19-S-4";
1005 1 1 1007,1646 "Even-19-A-4";
1006 1 1 1007,1647 "Even-19-B-4";
1007 1 0 1008,1009 "Even-19-S-5";
1008 1 1 1010,1644 "Even-19-A-5";
1009 1 1 1010,1645 "Even-19-B-5";
1010 1 0 1011,1012 "Even-19-S-6";
1011 1 1 1013,1642 "Even-19-A-6";
1012 1 1 1013,1643 "Even-19-B-6";
1013 1 0 1025,1059 "Even-19-S-7";
1014 1 1 1023,1628 "Even-22-A-13";
1015 1 0 1604,1613,1611 "Even-20-Z";
1016 1 1 1015,1617 "Even-20-B-19";
1017 1 0 838,810 "Even-22-S-16";
1018 1 1 1017,1625 "Even-22-B-15";
1019 1 1 1017,1624 "Even-22-A-15";
1020 1 0 1019,1018 "Even-22-S-15";
1021 1 1 1020,1627 "Even-22-B-14";
1022 1 1 1020,1626 "Even-22-A-14";
1023 1 0 1022,1021 "Even-22-S-14";
1024 1 1 1023,1629 "Even-22-B-13";
1025 1 1 1060,1640 "Even-19-A-7";
1026 1 0 1014,1024 "Even-22-S-13";
1027 1 1 1026,1631 "Even-22-B-12";
1028 1 1 1026,1630 "Even-22-A-12";
1029 1 0 1028,1027 "Even-22-S-12";
1030 1 1 1029,1633 "Even-22-B-11";
1031 1 1 1029,1632 "Even-22-A-11";
1032 1 0 1031,1030 "Even-22-S-11";
1033 1 1 1032,1635 "Even-22-B-10";
1034 1 1 1032,1634 "Even-22-A-10";
1035 1 0 1034,1033 "Even-22-S-10";
1036 1 1 1045,1626 "Even-20-A-14";
1037 1 1 1047,1621 "Even-20-B-17";
1038 1 1 1047,1620 "Even-20-A-17";
1039 1 0 1038,1037 "Even-20-S-17";
1040 1 1 1039,1623 "Even-20-B-16";
1041 1 1 1039,1622 "Even-20-A-16";
1042 1 0 1041,1040 "Even-20-S-16";
1043 1 1 1042,1625 "Even-20-B-15";
1044 1 1 1042,1624 "Even-20-A-15";
1045 1 0 1044,1043 "Even-20-S-15";
1046 1 1 1045,1627 "Even-20-B-14";
1047 1 0 1078,1077 "Even-20-S-18";
1048 1 0 1036,1046 "Even-20-S-14";
1049 1 1 1048,1629 "Even-20-B-13";
1050 1 1 1048,1628 "Even-20-A-13";
1051 1 1 1074,1641 "Even-22-B-7";
1052 1 1 1074,1640 "Even-22-A-7";
1053 1 0 1052,1051 "Even-22-S-7";
1054 1 1 1053,1643 "Even-22-B-6";
1055 1 1 1053,1642 "Even-22-A-6";
1056 1 0 1055,1054 "Even-22-S-6";
1057 1 1 1056,1645 "Even-22-B-5";
1058 1 1 1035,1637 "Even-22-B-9";
1059 1 1 1060,1641 "Even-19-B-7";
1060 1 0 1061,1062 "Even-19-S-8";
1061 1 1 1063,1638 "Even-19-A-8";
1062 1 1 1063,1639 "Even-19-B-8";
1063 1 0 1064,1065 "Even-19-S-9";
1064 1 1 1066,1636 "Even-19-A-9";
1065 1 1 1066,1637 "Even-19-B-9";
1066 1 0 1067,1068 "Even-19-S-10";
1067 1 1 940,1634 "Even-19-A-10";
1068 1 1 940,1635 "Even-19-B-10";
1069 1 0 1661,101 "Odd-20-T";
1070 1 1 1035,1636 "Even-22-A-9";
1071 1 0 1070,1058 "Even-22-S-9";
1072 1 1 1071,1639 "Even-22-B-8";
1073 1 1 1071,1638 "Even-22-A-8";
1074 1 0 1073,1072 "Even-22-S-8";
1075 1 1 1015,1616 "Even-20-A-19";
1076 1 0 1075,1016 "Even-20-S-19";
1077 1 1 1076,1619 "Even-20-B-18";
1078 1 1 1076,1618 "Even-20-A-18";
1079 1 1 1086,1640 "Even-10-A-7";
1080 1 0 1599,1633,1631,1629,1627,1625,1623,1621,1619,1617,1615,1613,1611 "Even-10-Z";
1081 1 1 1080,1637 "Even-10-B-9";
1082 1 1 1080,1636 "Even-10-A-9";
1083 1 0 1082,1081 "Even-10-S-9";
1084 1 1 1083,1639 "Even-10-B-8";
1085 1 1 1083,1638 "Even-10-A-8";
1086 1 0 1085,1084 "Even-10-S-8";
1087 1 1 1086,1641 "Even-10-B-7";
1088 1 0 1681,720 "Odd-10-T";
1089 1 0 1079,1087 "Even-10-S-7";
1090 1 1 1089,1643 "Even-10-B-6";
1091 1 1 1089,1642 "Even-10-A-6";
1092 1 0 1091,1090 "Even-10-S-6";
1093 1 1 1092,1645 "Even-10-B-5";
1094 1 1 1092,1644 "Even-10-A-5";
1095 1 0 1094,1093 "Even-10-S-5";
1096 1 1 1103,1650 "Even-11-A-2";
1097 1 0 1139,1197 "Even-11-S-5";
1098 1 1 1097,1647 "Even-11-B-4";
1099 1 1 1097,1646 "Even-11-A-4";
1100 1 0 1099,1098 "Even-11-S-4";
1101 1 1 1100,1649 "Even-11-B-3";
1102 1 1 1100,1648 "Even-11-A-3";
1103 1 0 1102,1101 "Even-11-S-3";
1104 1 1 1103,1651 "Even-11-B-2";
1105 1 1 1095,1647 "Even-10-B-4";
1106 1 0 1096,1104 "Even-11-S-2";
1107 1 1 1106,1653 "Even-11-B-1";
1108 1 1 1106,1652 "Even-11-A-1";
1109 1 0 1108,1107 "Even-11-S-1";
1110 1 1 1109,1655 "Even-11-B-0";
1111 1 1 1109,1654 "Even-11-A-0";
1112 1 0 1111,1110 "Even-11-S-0";
1113 1 1 1121,1645 "Even-9-B-5";
1114 1 1 1146,1638 "Even-9-A-8";
1115 1 0 1114,1122 "Even-9-S-8";
1116 1 1 1115,1641 "Even-9-B-7";
1117 1 1 1115,1640 "Even-9-A-7";
1118 1 0 1117,1116 "Even-9-S-7";
1119 1 1 1118,1643 "Even-9-B-6";
1120 1 1 1118,1642 "Even-9-A-6";
1121 1 0 1120,1119 "Even-9-S-6";
1122 1 1 1146,1639 "Even-9-B-8";
1123 1 1 1121,1644 "Even-9-A-5";
1124 1 0 1123,1113 "Even-9-S-5";
1125 1 1 1124,1647 "Even-9-B-4";
1126 1 1 1124,1646 "Even-9-A-4";
1127 1 0 1126,1125 "Even-9-S-4";
1128 1 1 1127,1649 "Even-9-B-3";
1129 1 1 1127,1648 "Even-9-A-3";
1130 1 1 1138,1653 "Even-10-B-1";
1131 1 1 1095,1646 "Even-10-A-4";
1132 1 0 1131,1105 "Even-10-S-4";
1133 1 1 1132,1649 "Even-10-B-3";
1134 1 1 1132,1648 "Even-10-A-3";
1135 1 0 1134,1133 "Even-10-S-3";
1136 1 1 1135,1651 "Even-10-B-2";
1137 1 1 1135,1650 "Even-10-A-2";
1138 1 0 1137,1136 "Even-10-S-2";
1139 1 1 1196,1644 "Even-11-A-5";
1140 1 1 1138,1652 "Even-10-A-1";
1141 1 0 1140,1130 "Even-10-S-1";
1142 1 1 1141,1655 "Even-10-B-0";
1143 1 1 1141,1654 "Even-10-A-0";
1144 1 0 1143,1142 "Even-10-S-0";
1145 1 0 1683,770 "Odd-9-T";
1146 1 0 1596,1635,1633,1631,1629,1627,1625,1623,1621,1619,1617,1615,1613,1611 "Even-9-Z";
1147 1 1 1155,1641 "Even-12-B-7";
1148 1 1 1180,1634 "Even-12-A-10";
1149 1 0 1148,1156 "Even-12-S-10";
1150 1 1 1149,1637 "Even-12-B-9";
1151 1 1 1149,1636 "Even-12-A-9";
1152 1 0 1151,1150 "Even-12-S-9";
1153 1 1 1152,1639 "Even-12-B-8";
1154 1 1 1152,1638 "Even-12-A-8";
1155 1 0 1154,1153 "Even-12-S-8";
1156 1 1 1180,1635 "Even-12-B-10";
1157 1 1 1155,1640 "Even-12-A-7";
1158 1 0 1157,1147 "Even-12-S-7";
1159 1 1 1158,1643 "Even-12-B-6";
1160 1 1 1158,1642 "Even-12-A-6";
1161 1 0 1160,1159 "Even-12-S-6";
1162 1 1 1161,1645 "Even-12-B-5";
1163 1 1 1161,1644 "Even-12-A-5";
1164 1 1 1172,1655 "Even-13-B-0";
1165 1 1 1558,1648 "Even-13-A-3";
1166 1 0 1165,1506 "Even-13-S-3";
1167 1 1 1166,1651 "Even-13-B-2";
1168 1 1 1166,1650 "Even-13-A-2";
1169 1 0 1168,1167 "Even-13-S-2";
1170 1 1 1169,1653 "Even-13-B-1";
1171 1 1 1169,1652 "Even-13-A-1";
1172 1 0 1171,1170 "Even-13-S-1";
1173 1 0 1163,1162 "Even-12-S-5";
1174 1 1 1172,1654 "Even-13-A-0";
1175 1 0 1174,1164 "Even-13-S-0";
1176 1 0 1677,221 "Odd-12-T";
1177 1 0 1607,1629,1627,1625,1623,1621,1619,1617,1615,1613,1611 "Even-12-Z";
1178 1 1 1177,1633 "Even-12-B-11";
1179 1 1 1177,1632 "Even-12-A-11";
1180 1 0 1179,1178 "Even-12-S-11";
1181 1 0 1189,1188 "Even-11-S-8";
1182 1 1 1190,1635 "Even-11-B-10";
1183 1 1 1190,1634 "Even-11-A-10";
1184 1 0 1183,1182 "Even-11-S-10";
1185 1 1 1184,1637 "Even-11-B-9";
1186 1 1 1184,1636 "Even-11-A-9";
1187 1 0 1186,1185 "Even-11-S-9";
1188 1 1 1187,1639 "Even-11-B-8";
1189 1 1 1187,1638 "Even-11-A-8";
1190 1 0 1601,1631,1629,1627,1625,1623,1621,1619,1617,1615,1613,1611 "Even-11-Z";
1191 1 1 1181,1641 "Even-11-B-7";
1192 1 1 1181,1640 "Even-11-A-7";
1193 1 0 1192,1191 "Even-11-S-7";
1194 1 1 1193,1643 "Even-11-B-6";
1195 1 1 1193,1642 "Even-11-A-6";
1196 1 0 1195,1194 "Even-11-S-6";
1197 1 1 1196,1645 "Even-11-B-5";
1198 1 0 1206,1205 "Even-12-S-2";
1199 1 1 1173,1647 "Even-12-B-4";
1200 1 1 1173,1646 "Even-12-A-4";
1201 1 0 1200,1199 "Even-12-S-4";
1202 1 1 1201,1649 "Even-12-B-3";
1203 1 1 1201,1648 "Even-12-A-3";
1204 1 0 1203,1202 "Even-12-S-3";
1205 1 1 1204,1651 "Even-12-B-2";
1206 1 1 1204,1650 "Even-12-A-2";
1207 1 0 1129,1128 "Even-9-S-3";
1208 1 1 1198,1653 "Even-12-B-1";
1209 1 1 1198,1652 "Even-12-A-1";
1210 1 0 1209,1208 "Even-12-S-1";
1211 1 1 1210,1655 "Even-12-B-0";
1212 1 1 1210,1654 "Even-12-A-0";
1213 1 0 1212,1211 "Even-12-S-0";
1214 1 0 1679,774 "Odd-11-T";
1215 1 1 1222,1654 "Even-5-A-0";
1216 1 0 1224,1248 "Even-5-S-3";
1217 1 1 1216,1651 "Even-5-B-2";
1218 1 1 1216,1650 "Even-5-A-2";
1219 1 0 1218,1217 "Even-5-S-2";
1220 1 1 1219,1653 "Even-5-B-1";
1221 1 1 1219,1652 "Even-5-A-1";
1222 1 0 1221,1220 "Even-5-S-1";
1223 1 1 1222,1655 "Even-5-B-0";
1224 1 1 1247,1648 "Even-5-A-3";
1225 1 0 1215,1223 "Even-5-S-0";
1226 1 0 1693,629 "Odd-4-T";
1227 1 0 1593,1645,1643,1641,1639,1637,1635,1633,1631,1629,1627,1625,1623,1621,1619,1617,1615,1613,1611 "Even-4-Z";
1228 1 1 1227,1649 "Even-4-B-3";
1229 1 1 1227,1648 "Even-4-A-3";
1230 1 0 1229,1228 "Even-4-S-3";
1231 1 1 1230,1651 "Even-4-B-2";
1232 1 1 1239,1654 "Even-6-A-0";
1233 1 0 1275,1333 "Even-6-S-3";
1234 1 1 1233,1651 "Even-6-B-2";
1235 1 1 1233,1650 "Even-6-A-2";
1236 1 0 1235,1234 "Even-6-S-2";
1237 1 1 1236,1653 "Even-6-B-1";
1238 1 1 1236,1652 "Even-6-A-1";
1239 1 0 1238,1237 "Even-6-S-1";
1240 1 1 1239,1655 "Even-6-B-0";
1241 1 1 1230,1650 "Even-4-A-2";
1242 1 0 1232,1240 "Even-6-S-0";
1243 1 0 1691,645 "Odd-5-T";
1244 1 0 1592,1643,1641,1639,1637,1635,1633,1631,1629,1627,1625,1623,1621,1619,1617,1615,1613,1611 "Even-5-Z";
1245 1 1 1244,1647 "Even-5-B-4";
1246 1 1 1244,1646 "Even-5-A-4";
1247 1 0 1246,1245 "Even-5-S-4";
1248 1 1 1247,1649 "Even-5-B-3";
1249 1 0 1257,1256 "Even-2-S-0";
1250 1 0 1258,1282 "Even-3-S-0";
1251 1 0 1697,577 "Odd-2-T";
1252 1 0 1590,1649,1647,1645,1643,1641,1639,1637,1635,1633,1631,1629,1627,1625,1623,1621,1619,1617,1615,1613,1611 "Even-2-Z";
1253 1 1 1252,1653 "Even-2-B-1";
1254 1 1 1252,1652 "Even-2-A-1";
1255 1 0 1254,1253 "Even-2-S-1";
1256 1 1 1255,1655 "Even-2-B-0";
1257 1 1 1255,1654 "Even-2-A-0";
1258 1 1 1281,1654 "Even-3-A-0";
1259 1 0 1699,617 "Odd-1-T";
1260 1 0 1588,1651,1649,1647,1645,1643,1641,1639,1637,1635,1633,1631,1629,1627,1625,1623,1621,1619,1617,1615,1613,1611 "Even-1-Z";
1261 1 1 1260,1655 "Even-1-B-0";
1262 1 1 1260,1654 "Even-1-A-0";
1263 1 0 1262,1261 "Even-1-S-0";
1264 1 0 1701,606 "Odd-0-T";
1265 1 0 1594,1653,1651,1649,1647,1645,1643,1641,1639,1637,1635,1633,1631,1629,1627,1625,1623,1621,1619,1617,1615,1613,1611 "Even-0-Z";
1266 1 0 1587,1647,1645,1643,1641,1639,1637,1635,1633,1631,1629,1627,1625,1623,1621,1619,1617,1615,1613,1611 "Even-3-Z";
1267 1 0 1241,1231 "Even-4-S-2";
1268 1 1 1267,1653 "Even-4-B-1";
1269 1 1 1267,1652 "Even-4-A-1";
1270 1 0 1269,1268 "Even-4-S-1";
1271 1 1 1270,1655 "Even-4-B-0";
1272 1 1 1270,1654 "Even-4-A-0";
1273 1 0 1272,1271 "Even-4-S-0";
1274 1 0 1695,614 "Odd-3-T";
1275 1 1 1332,1648 "Even-6-A-3";
1276 1 1 1266,1651 "Even-3-B-2";
1277 1 1 1266,1650 "Even-3-A-2";
1278 1 0 1277,1276 "Even-3-S-2";
1279 1 1 1278,1653 "Even-3-B-1";
1280 1 1 1278,1652 "Even-3-A-1";
1281 1 0 1280,1279 "Even-3-S-1";
1282 1 1 1281,1655 "Even-3-B-0";
1283 1 0 1291,1290 "Even-8-S-3";
1284 1 1 1292,1645 "Even-8-B-5";
1285 1 1 1292,1644 "Even-8-A-5";
1286 1 0 1285,1284 "Even-8-S-5";
1287 1 1 1286,1647 "Even-8-B-4";
1288 1 1 1286,1646 "Even-8-A-4";
1289 1 0 1288,1287 "Even-8-S-4";
1290 1 1 1289,1649 "Even-8-B-3";
1291 1 1 1289,1648 "Even-8-A-3";
1292 1 0 1316,1315 "Even-8-S-6";
1293 1 1 1283,1651 "Even-8-B-2";
1294 1 1 1283,1650 "Even-8-A-2";
1295 1 0 1294,1293 "Even-8-S-2";
1296 1 1 1295,1653 "Even-8-B-1";
1297 1 1 1295,1652 "Even-8-A-1";
1298 1 0 1297,1296 "Even-8-S-1";
1299 1 1 1298,1655 "Even-8-B-0";
1300 1 0 1308,1307 "Even-9-S-0";
1301 1 1 1207,1651 "Even-9-B-2";
1302 1 1 1207,1650 "Even-9-A-2";
1303 1 0 1302,1301 "Even-9-S-2";
1304 1 1 1303,1653 "Even-9-B-1";
1305 1 1 1303,1652 "Even-9-A-1";
1306 1 0 1305,1304 "Even-9-S-1";
1307 1 1 1306,1655 "Even-9-B-0";
1308 1 1 1306,1654 "Even-9-A-0";
1309 1 1 1298,1654 "Even-8-A-0";
1310 1 0 1685,567 "Odd-8-T";
1311 1 0 1598,1637,1635,1633,1631,1629,1627,1625,1623,1621,1619,1617,1615,1613,1611 "Even-8-Z";
1312 1 1 1311,1641 "Even-8-B-7";
1313 1 1 1311,1640 "Even-8-A-7";
1314 1 0 1313,1312 "Even-8-S-7";
1315 1 1 1314,1643 "Even-8-B-6";
1316 1 1 1314,1642 "Even-8-A-6";
1317 1 0 1589,1641,1639,1637,1635,1633,1631,1629,1627,1625,1623,1621,1619,1617,1615,1613,1611 "Even-6-Z";
1318 1 0 1326,1350 "Even-7-S-2";
1319 1 1 1318,1653 "Even-7-B-1";
1320 1 1 1318,1652 "Even-7-A-1";
1321 1 0 1320,1319 "Even-7-S-1";
1322 1 1 1321,1655 "Even-7-B-0";
1323 1 1 1321,1654 "Even-7-A-0";
1324 1 0 1323,1322 "Even-7-S-0";
1325 1 0 1689,492 "Odd-6-T";
1326 1 1 1349,1650 "Even-7-A-2";
1327 1 1 1317,1645 "Even-6-B-5";
1328 1 1 1317,1644 "Even-6-A-5";
1329 1 0 1328,1327 "Even-6-S-5";
1330 1 1 1329,1647 "Even-6-B-4";
1331 1 1 1329,1646 "Even-6-A-4";
1332 1 0 1331,1330 "Even-6-S-4";
1333 1 1 1332,1649 "Even-6-B-3";
1334 1 0 1342,1341 "Even-7-S-5";
1335 1 0 1309,1299 "Even-8-S-0";
1336 1 0 1687,473 "Odd-7-T";
1337 1 0 1608,1639,1637,1635,1633,1631,1629,1627,1625,1623,1621,1619,1617,1615,1613,1611 "Even-7-Z";
1338 1 1 1337,1643 "Even-7-B-6";
1339 1 1 1337,1642 "Even-7-A-6";
1340 1 0 1339,1338 "Even-7-S-6";
1341 1 1 1340,1645 "Even-7-B-5";
1342 1 1 1340,1644 "Even-7-A-5";
1343 1 0 1507,847 "Even-18-S-4";
1344 1 1 1334,1647 "Even-7-B-4";
1345 1 1 1334,1646 "Even-7-A-4";
1346 1 0 1345,1344 "Even-7-S-4";
1347 1 1 1346,1649 "Even-7-B-3";
1348 1 1 1346,1648 "Even-7-A-3";
1349 1 0 1348,1347 "Even-7-S-3";
1350 1 1 1349,1651 "Even-7-B-2";
1351 1 1 1365,1638 "Even-17-A-8";
1352 1 1 1354,1630 "Even-15-A-12";
1353 1 1 1354,1631 "Even-15-B-12";
1354 1 0 1355,1356 "Even-15-S-13";
1355 1 1 1357,1628 "Even-15-A-13";
1356 1 1 1357,1629 "Even-15-B-13";
1357 1 0 1358,1359 "Even-15-S-14";
1358 1 1 1360,1626 "Even-15-A-14";
1359 1 1 1360,1627 "Even-15-B-14";
1360 1 0 1600,1623,1621,1619,1617,1615,1613,1611 "Even-15-Z";
1361 1 0 1405,1403 "Even-17-S-10";
1362 1 0 1671,400 "Odd-15-T";
1363 1 1 1361,1637 "Even-17-B-9";
1364 1 1 1361,1636 "Even-17-A-9";
1365 1 0 1364,1363 "Even-17-S-9";
1366 1 1 1365,1639 "Even-17-B-8";
1367 1 0 1352,1353 "Even-15-S-12";
1368 1 1 1370,1654 "Even-16-A-0";
1369 1 1 1370,1655 "Even-16-B-0";
1370 1 0 1371,1376 "Even-16-S-1";
1371 1 1 1378,1652 "Even-16-A-1";
1372 1 0 1351,1366 "Even-17-S-8";
1373 1 1 1372,1641 "Even-17-B-7";
1374 1 1 1372,1640 "Even-17-A-7";
1375 1 0 1374,1373 "Even-17-S-7";
1376 1 1 1378,1653 "Even-16-B-1";
1377 1 1 1375,1643 "Even-17-B-6";
1378 1 0 1379,1380 "Even-16-S-2";
1379 1 1 1381,1650 "Even-16-A-2";
1380 1 1 1381,1651 "Even-16-B-2";
1381 1 0 1397,1443 "Even-16-S-3";
1382 1 0 1402,1404 "Even-15-S-9";
1383 1 1 1457,1647 "Even-15-B-4";
1384 1 1 1386,1644 "Even-15-A-5";
1385 1 1 1386,1645 "Even-15-B-5";
1386 1 0 1387,1388 "Even-15-S-6";
1387 1 1 1389,1642 "Even-15-A-6";
1388 1 1 1389,1643 "Even-15-B-6";
1389 1 0 1390,1392 "Even-15-S-7";
1390 1 1 1394,1640 "Even-15-A-7";
1391 1 1 1544,1631 "Even-17-B-12";
1392 1 1 1394,1641 "Even-15-B-7";
1393 1 1 1544,1630 "Even-17-A-12";
1394 1 0 1395,1396 "Even-15-S-8";
1395 1 1 1382,1638 "Even-15-A-8";
1396 1 1 1382,1639 "Even-15-B-8";
1397 1 1 1444,1648 "Even-16-A-3";
1398 1 0 1393,1391 "Even-17-S-12";
1399 1 1 1398,1633 "Even-17-B-11";
1400 1 1 1398,1632 "Even-17-A-11";
1401 1 0 1400,1399 "Even-17-S-11";
1402 1 1 1406,1636 "Even-15-A-9";
1403 1 1 1401,1635 "Even-17-B-10";
1404 1 1 1406,1637 "Even-15-B-9";
1405 1 1 1401,1634 "Even-17-A-10";
1406 1 0 1407,1408 "Even-15-S-10";
1407 1 1 1409,1634 "Even-15-A-10";
1408 1 1 1409,1635 "Even-15-B-10";
1409 1 0 1410,1411 "Even-15-S-11";
1410 1 1 1367,1632 "Even-15-A-11";
1411 1 1 1367,1633 "Even-15-B-11";
1412 1 0 1428,1429 "Even-16-S-15";
1413 1 1 1415,1634 "Even-16-A-10";
1414 1 1 1415,1635 "Even-16-B-10";
1415 1 0 1416,1417 "Even-16-S-11";
1416 1 1 1418,1632 "Even-16-A-11";
1417 1 1 1418,1633 "Even-16-B-11";
1418 1 0 1419,1420 "Even-16-S-12";
1419 1 1 1421,1630 "Even-16-A-12";
1420 1 1 1421,1631 "Even-16-B-12";
1421 1 0 1422,1423 "Even-16-S-13";
1422 1 1 1424,1628 "Even-16-A-13";
1423 1 1 1424,1629 "Even-16-B-13";
1424 1 0 1425,1426 "Even-16-S-14";
1425 1 1 1412,1626 "Even-16-A-14";
1426 1 1 1412,1627 "Even-16-B-14";
1427 1 0 1413,1414 "Even-16-S-10";
1428 1 1 1430,1624 "Even-16-A-15";
1429 1 1 1430,1625 "Even-16-B-15";
1430 1 0 1597,1621,1619,1617,1615,1613,1611 "Even-16-Z";
1431 1 0 1471,1470 "Even-17-S-3";
1432 1 0 1669,411 "Odd-16-T";
1433 1 1 1431,1651 "Even-17-B-2";
1434 1 1 1431,1650 "Even-17-A-2";
1435 1 0 1434,1433 "Even-17-S-2";
1436 1 1 1435,1653 "Even-17-B-1";
1437 1 1 1435,1652 "Even-17-A-1";
1438 1 0 1437,1436 "Even-17-S-1";
1439 1 1 1438,1655 "Even-17-B-0";
1440 1 1 1438,1654 "Even-17-A-0";
1441 1 0 1440,1439 "Even-17-S-0";
1442 1 1 1459,1638 "Even-16-A-8";
1443 1 1 1444,1649 "Even-16-B-3";
1444 1 0 1445,1446 "Even-16-S-4";
1445 1 1 1447,1646 "Even-16-A-4";
1446 1 1 1447,1647 "Even-16-B-4";
1447 1 0 1448,1449 "Even-16-S-5";
1448 1 1 1450,1644 "Even-16-A-5";
1449 1 1 1450,1645 "Even-16-B-5";
1450 1 0 1451,1452 "Even-16-S-6";
1451 1 1 1453,1642 "Even-16-A-6";
1452 1 1 1453,1643 "Even-16-B-6";
1453 1 0 1454,1455 "Even-16-S-7";
1454 1 1 1456,1640 "Even-16-A-7";
1455 1 1 1456,1641 "Even-16-B-7";
1456 1 0 1442,1458 "Even-16-S-8";
1457 1 0 1384,1385 "Even-15-S-5";
1458 1 1 1459,1639 "Even-16-B-8";
1459 1 0 1460,1461 "Even-16-S-9";
1460 1 1 1427,1636 "Even-16-A-9";
1461 1 1 1427,1637 "Even-16-B-9";
1462 1 1 1375,1642 "Even-17-A-6";
1463 1 0 1462,1377 "Even-17-S-6";
1464 1 1 1463,1645 "Even-17-B-5";
1465 1 1 1463,1644 "Even-17-A-5";
1466 1 0 1465,1464 "Even-17-S-5";
1467 1 1 1466,1647 "Even-17-B-4";
1468 1 1 1466,1646 "Even-17-A-4";
1469 1 0 1468,1467 "Even-17-S-4";
1470 1 1 1469,1649 "Even-17-B-3";
1471 1 1 1469,1648 "Even-17-A-3";
1472 1 1 1488,1651 "Even-14-B-2";
1473 1 1 1509,1645 "Even-13-B-5";
1474 1 0 1675,30 "Odd-13-T";
1475 1 0 1487,1513 "Even-18-S-2";
1476 1 1 1509,1644 "Even-13-A-5";
1477 1 1 1475,1653 "Even-18-B-1";
1478 1 1 1475,1652 "Even-18-A-1";
1479 1 0 1480,1481 "Even-14-S-0";
1480 1 1 1482,1654 "Even-14-A-0";
1481 1 1 1482,1655 "Even-14-B-0";
1482 1 0 1483,1484 "Even-14-S-1";
1483 1 1 1485,1652 "Even-14-A-1";
1484 1 1 1485,1653 "Even-14-B-1";
1485 1 0 1486,1472 "Even-14-S-2";
1486 1 1 1488,1650 "Even-14-A-2";
1487 1 1 1511,1650 "Even-18-A-2";
1488 1 0 1489,1490 "Even-14-S-3";
1489 1 1 1491,1648 "Even-14-A-3";
1490 1 1 1491,1649 "Even-14-B-3";
1491 1 0 1492,1516 "Even-14-S-4";
1492 1 1 1560,1646 "Even-14-A-4";
1493 1 0 1478,1477 "Even-18-S-1";
1494 1 1 1493,1655 "Even-18-B-0";
1495 1 1 1493,1654 "Even-18-A-0";
1496 1 0 1495,1494 "Even-18-S-0";
1497 1 0 1476,1473 "Even-13-S-5";
1498 1 1 1457,1646 "Even-15-A-4";
1499 1 0 1667,321 "Odd-17-T";
1500 1 0 1595,1619,1617,1615,1613,1611 "Even-17-Z";
1501 1 1 1517,1639 "Even-13-B-8";
1502 1 1 1504,1642 "Even-13-A-6";
1503 1 1 1504,1643 "Even-13-B-6";
1504 1 0 1505,1512 "Even-13-S-7";
1505 1 1 1514,1640 "Even-13-A-7";
1506 1 1 1558,1649 "Even-13-B-3";
1507 1 1 888,1646 "Even-18-A-4";
1508 1 1 1343,1649 "Even-18-B-3";
1509 1 0 1502,1503 "Even-13-S-6";
1510 1 1 1343,1648 "Even-18-A-3";
1511 1 0 1510,1508 "Even-18-S-3";
1512 1 1 1514,1641 "Even-13-B-7";
1513 1 1 1511,1651 "Even-18-B-2";
1514 1 0 1515,1501 "Even-13-S-8";
1515 1 1 1517,1638 "Even-13-A-8";
1516 1 1 1560,1647 "Even-14-B-4";
1517 1 0 1518,1519 "Even-13-S-9";
1518 1 1 1520,1636 "Even-13-A-9";
1519 1 1 1520,1637 "Even-13-B-9";
1520 1 0 1521,1522 "Even-13-S-10";
1521 1 1 1523,1634 "Even-13-A-10";
1522 1 1 1523,1635 "Even-13-B-10";
1523 1 0 1524,1525 "Even-13-S-11";
1524 1 1 1526,1632 "Even-13-A-11";
1525 1 1 1526,1633 "Even-13-B-11";
1526 1 0 1527,1528 "Even-13-S-12";
1527 1 1 1529,1630 "Even-13-A-12";
1528 1 1 1529,1631 "Even-13-B-12";
1529 1 0 1606,1627,1625,1623,1621,1619,1617,1615,1613,1611 "Even-13-Z";
1530 1 0 1546,1547 "Even-15-S-0";
1531 1 1 1532,1629 "Even-14-B-13";
1532 1 0 1609,1625,1623,1621,1619,1617,1615,1613,1611 "Even-14-Z";
1533 1 1 1559,1625 "Even-17-B-15";
1534 1 1 1497,1647 "Even-13-B-4";
1535 1 0 1673,102 "Odd-14-T";
1536 1 1 1559,1624 "Even-17-A-15";
1537 1 0 1536,1533 "Even-17-S-15";
1538 1 1 1497,1646 "Even-13-A-4";
1539 1 1 1537,1627 "Even-17-B-14";
1540 1 1 1537,1626 "Even-17-A-14";
1541 1 0 1540,1539 "Even-17-S-14";
1542 1 1 1541,1629 "Even-17-B-13";
1543 1 1 1541,1628 "Even-17-A-13";
1544 1 0 1543,1542 "Even-17-S-13";
1545 1 1 1532,1628 "Even-14-A-13";
1546 1 1 1548,1654 "Even-15-A-0";
1547 1 1 1548,1655 "Even-15-B-0";
1548 1 0 1549,1550 "Even-15-S-1";
1549 1 1 1551,1652 "Even-15-A-1";
1550 1 1 1551,1653 "Even-15-B-1";
1551 1 0 1552,1553 "Even-15-S-2";
1552 1 1 1554,1650 "Even-15-A-2";
1553 1 1 1554,1651 "Even-15-B-2";
1554 1 0 1555,1556 "Even-15-S-3";
1555 1 1 1557,1648 "Even-15-A-3";
1556 1 1 1557,1649 "Even-15-B-3";
1557 1 0 1498,1383 "Even-15-S-4";
1558 1 0 1538,1534 "Even-13-S-4";
1559 1 0 1573,1572 "Even-17-S-16";
1560 1 0 1561,1562 "Even-14-S-5";
1561 1 1 1563,1644 "Even-14-A-5";
1562 1 1 1563,1645 "Even-14-B-5";
1563 1 0 1564,1565 "Even-14-S-6";
1564 1 1 1566,1642 "Even-14-A-6";
1565 1 1 1566,1643 "Even-14-B-6";
1566 1 0 1567,1568 "Even-14-S-7";
1567 1 1 1569,1640 "Even-14-A-7";
1568 1 1 1569,1641 "Even-14-B-7";
1569 1 0 1570,1571 "Even-14-S-8";
1570 1 1 1574,1638 "Even-14-A-8";
1571 1 1 1574,1639 "Even-14-B-8";
1572 1 1 1500,1623 "Even-17-B-16";
1573 1 1 1500,1622 "Even-17-A-16";
1574 1 0 1575,1576 "Even-14-S-9";
1575 1 1 1577,1636 "Even-14-A-9";
1576 1 1 1577,1637 "Even-14-B-9";
1577 1 0 1578,1579 "Even-14-S-10";
1578 1 1 1580,1634 "Even-14-A-10";
1579 1 1 1580,1635 "Even-14-B-10";
1580 1 0 1581,1582 "Even-14-S-11";
1581 1 1 1583,1632 "Even-14-A-11";
1582 1 1 1583,1633 "Even-14-B-11";
1583 1 0 1584,1585 "Even-14-S-12";
1584 1 1 1586,1630 "Even-14-A-12";
1585 1 1 1586,1631 "Even-14-B-12";
1586 1 0 1545,1531 "Even-14-S-13";
1587 2 1 1694,1250 "Even-3-T";
1588 2 1 1698,1263 "Even-1-T";
1589 2 1 1688,1242 "Even-6-T";
1590 2 1 1696,1249 "Even-2-T";
1591 2 1 1664,1496 "Even-18-T";
1592 2 1 1690,1225 "Even-5-T";
1593 2 1 1692,1273 "Even-4-T";
1594 2 1 1700,1265 "Even-0-T";
1595 2 1 1666,1441 "Even-17-T";
1596 2 1 1682,1300 "Even-9-T";
1597 2 1 1668,846 "Even-16-T";
1598 2 1 1684,1335 "Even-8-T";
1599 2 1 1680,1144 "Even-10-T";
1600 2 1 1670,1530 "Even-15-T";
1601 2 1 1678,1112 "Even-11-T";
1602 2 1 1662,1003 "Even-19-T";
1603 2 1 1658,877 "Even-21-T";
1604 2 1 1660,969 "Even-20-T";
1605 2 1 1656,924 "Even-22-T";
1606 2 1 1674,1175 "Even-13-T";
1607 2 1 1676,1213 "Even-12-T";
1608 2 1 1686,1324 "Even-7-T";
1609 2 1 1672,1479 "Even-14-T";
1610 3 1 1605 "Even-22-L";
1611 4 0 834 "Odd-22-L";
1612 5 1 1603 "Even-21-L";
1613 6 0 952 "Odd-21-L";
1614 7 1 1604 "Even-20-L";
1615 8 0 1069 "Odd-20-L";
1616 9 1 1602 "Even-19-L";
1617 10 0 921 "Odd-19-L";
1618 11 1 1591 "Even-18-L";
1619 12 0 872 "Odd-18-L";
1620 13 1 1595 "Even-17-L";
1621 14 0 1499 "Odd-17-L";
1622 15 1 1597 "Even-16-L";
1623 16 0 1432 "Odd-16-L";
1624 17 1 1600 "Even-15-L";
1625 18 0 1362 "Odd-15-L";
1626 19 1 1609 "Even-14-L";
1627 20 0 1535 "Odd-14-L";
1628 21 1 1606 "Even-13-L";
1629 22 0 1474 "Odd-13-L";
1630 23 1 1607 "Even-12-L";
1631 24 0 1176 "Odd-12-L";
1632 25 1 1601 "Even-11-L";
1633 26 0 1214 "Odd-11-L";
1634 27 1 1599 "Even-10-L";
1635 28 0 1088 "Odd-10-L";
1636 29 1 1596 "Even-9-L";
1637 30 0 1145 "Odd-9-L";
1638 31 1 1598 "Even-8-L";
1639 32 0 1310 "Odd-8-L";
1640 33 1 1608 "Even-7-L";
1641 34 0 1336 "Odd-7-L";
1642 35 1 1589 "Even-6-L";
1643 36 0 1325 "Odd-6-L";
1644 37 1 1592 "Even-5-L";
1645 38 0 1243 "Odd-5-L";
1646 39 1 1593 "Even-4-L";
1647 40 0 1226 "Odd-4-L";
1648 41 1 1587 "Even-3-L";
1649 42 0 1274 "Odd-3-L";
1650 43 1 1590 "Even-2-L";
1651 44 0 1251 "Odd-2-L";
1652 45 1 1588 "Even-1-L";
1653 46 0 1259 "Odd-1-L";
1654 47 1 1594 "Even-0-L";
1655 48 0 1264 "Odd-0-L";
1656 50 0 1612 "Even-22-H";
1657 51 1 1613 "Odd-22-H";
1658 52 0 1614 "Even-21-H";
1659 53 1 1615 "Odd-21-H";
1660 54 0 1616 "Even-20-H";
1661 55 1 1617 "Odd-20-H";
1662 56 0 1618 "Even-19-H";
1663 57 1 1619 "Odd-19-H";
1664 58 0 1620 "Even-18-H";
1665 59 1 1621 "Odd-18-H";
1666 60 0 1622 "Even-17-H";
1667 61 1 1623 "Odd-17-H";
1668 62 0 1624 "Even-16-H";
1669 63 1 1625 "Odd-16-H";
1670 64 0 1626 "Even-15-H";
1671 65 1 1627 "Odd-15-H";
1672 66 0 1628 "Even-14-H";
1673 67 1 1629 "Odd-14-H";
1674 68 0 1630 "Even-13-H";
1675 69 1 1631 "Odd-13-H";
1676 70 0 1632 "Even-12-H";
1677 71 1 1633 "Odd-12-H";
1678 72 0 1634 "Even-11-H";
1679 73 1 1635 "Odd-11-H";
1680 74 0 1636 "Even-10-H";
1681 75 1 1637 "Odd-10-H";
1682 76 0 1638 "Even-9-H";
1683 77 1 1639 "Odd-9-H";
1684 78 0 1640 "Even-8-H";
1685 79 1 1641 "Odd-8-H";
1686 80 0 1642 "Even-7-H";
1687 81 1 1643 "Odd-7-H";
1688 82 0 1644 "Even-6-H";
1689 83 1 1645 "Odd-6-H";
1690 84 0 1646 "Even-5-H";
1691 85 1 1647 "Odd-5-H";
1692 86 0 1648 "Even-4-H";
1693 87 1 1649 "Odd-4-H";
1694 88 0 1650 "Even-3-H";
1695 89 1 1651 "Odd-3-H";
1696 90 0 1652 "Even-2-H";
1697 91 1 1653 "Odd-2-H";
1698 92 0 1654 "Even-1-H";
1699 93 1 1655 "Odd-1-H";
1700 94 0 1610 "Even-0-H";
1701 95 1 1611 "Odd-0-H";
