parity 1562;
0 0 0 14,1510 "Odd-13-B-3";
1 0 1 947,1480,1478,1476,1474 "Odd-18-Z";
2 0 1 3,4 "Odd-13-S-0";
3 0 0 5,1517 "Odd-13-A-0";
4 0 0 5,1516 "Odd-13-B-0";
5 0 1 6,7 "Odd-13-S-1";
6 0 0 8,1515 "Odd-13-A-1";
7 0 0 8,1514 "Odd-13-B-1";
8 0 1 9,10 "Odd-13-S-2";
9 0 0 11,1513 "Odd-13-A-2";
10 0 0 11,1512 "Odd-13-B-2";
11 0 1 12,0 "Odd-13-S-3";
12 0 0 14,1511 "Odd-13-A-3";
13 0 1 1419,1492,1490,1488,1486,1484,1482,1480,1478,1476,1474 "Odd-12-Z";
14 0 1 15,16 "Odd-13-S-4";
15 0 0 17,1509 "Odd-13-A-4";
16 0 0 17,1508 "Odd-13-B-4";
17 0 1 18,19 "Odd-13-S-5";
18 0 0 20,1507 "Odd-13-A-5";
19 0 0 20,1506 "Odd-13-B-5";
20 0 1 21,22 "Odd-13-S-6";
21 0 0 23,1505 "Odd-13-A-6";
22 0 0 23,1504 "Odd-13-B-6";
23 0 1 24,25 "Odd-13-S-7";
24 0 0 39,1503 "Odd-13-A-7";
25 0 0 39,1502 "Odd-13-B-7";
26 0 0 40,1502 "Odd-12-B-7";
27 0 0 28,1510 "Odd-12-B-3";
28 0 1 29,30 "Odd-12-S-4";
29 0 0 31,1509 "Odd-12-A-4";
30 0 0 31,1508 "Odd-12-B-4";
31 0 1 32,33 "Odd-12-S-5";
32 0 0 34,1507 "Odd-12-A-5";
33 0 0 34,1506 "Odd-12-B-5";
34 0 1 35,36 "Odd-12-S-6";
35 0 0 37,1505 "Odd-12-A-6";
36 0 0 37,1504 "Odd-12-B-6";
37 0 1 38,26 "Odd-12-S-7";
38 0 0 40,1503 "Odd-12-A-7";
39 0 1 79,80 "Odd-13-S-8";
40 0 1 41,42 "Odd-12-S-8";
41 0 0 43,1501 "Odd-12-A-8";
42 0 0 43,1500 "Odd-12-B-8";
43 0 1 44,45 "Odd-12-S-9";
44 0 0 46,1499 "Odd-12-A-9";
45 0 0 46,1498 "Odd-12-B-9";
46 0 1 47,48 "Odd-12-S-10";
47 0 0 49,1497 "Odd-12-A-10";
48 0 0 49,1496 "Odd-12-B-10";
49 0 1 50,51 "Odd-12-S-11";
50 0 0 13,1495 "Odd-12-A-11";
51 0 0 13,1494 "Odd-12-B-11";
52 0 1 64,63 "Odd-18-S-10";
53 0 1 65,103 "Odd-18-S-14";
54 0 0 53,1490 "Odd-18-B-13";
55 0 0 53,1491 "Odd-18-A-13";
56 0 1 55,54 "Odd-18-S-13";
57 0 0 56,1492 "Odd-18-B-12";
58 0 0 56,1493 "Odd-18-A-12";
59 0 1 58,57 "Odd-18-S-12";
60 0 0 59,1494 "Odd-18-B-11";
61 0 0 59,1495 "Odd-18-A-11";
62 0 1 61,60 "Odd-18-S-11";
63 0 0 62,1496 "Odd-18-B-10";
64 0 0 62,1497 "Odd-18-A-10";
65 0 0 102,1489 "Odd-18-A-14";
66 0 0 52,1498 "Odd-18-B-9";
67 0 0 52,1499 "Odd-18-A-9";
68 0 1 67,66 "Odd-18-S-9";
69 0 0 68,1500 "Odd-18-B-8";
70 0 0 68,1501 "Odd-18-A-8";
71 0 1 70,69 "Odd-18-S-8";
72 0 0 71,1502 "Odd-18-B-7";
73 0 0 71,1503 "Odd-18-A-7";
74 0 1 73,72 "Odd-18-S-7";
75 0 0 74,1504 "Odd-18-B-6";
76 0 0 74,1505 "Odd-18-A-6";
77 0 1 76,75 "Odd-18-S-6";
78 0 0 93,1493 "Odd-13-A-12";
79 0 0 81,1501 "Odd-13-A-8";
80 0 0 81,1500 "Odd-13-B-8";
81 0 1 82,83 "Odd-13-S-9";
82 0 0 84,1499 "Odd-13-A-9";
83 0 0 84,1498 "Odd-13-B-9";
84 0 1 85,86 "Odd-13-S-10";
85 0 0 87,1497 "Odd-13-A-10";
86 0 0 87,1496 "Odd-13-B-10";
87 0 1 88,89 "Odd-13-S-11";
88 0 0 90,1495 "Odd-13-A-11";
89 0 0 90,1494 "Odd-13-B-11";
90 0 1 78,92 "Odd-13-S-12";
91 0 0 28,1511 "Odd-12-A-3";
92 0 0 93,1492 "Odd-13-B-12";
93 0 1 1387,1490,1488,1486,1484,1482,1480,1478,1476,1474 "Odd-13-Z";
94 0 0 1,1482 "Odd-18-B-17";
95 0 0 1,1483 "Odd-18-A-17";
96 0 1 95,94 "Odd-18-S-17";
97 0 0 96,1484 "Odd-18-B-16";
98 0 0 96,1485 "Odd-18-A-16";
99 0 1 98,97 "Odd-18-S-16";
100 0 0 99,1486 "Odd-18-B-15";
101 0 0 99,1487 "Odd-18-A-15";
102 0 1 101,100 "Odd-18-S-15";
103 0 0 102,1488 "Odd-18-B-14";
104 0 0 118,1512 "Odd-11-B-2";
105 0 0 117,1496 "Odd-19-B-10";
106 0 0 117,1497 "Odd-19-A-10";
107 0 1 106,105 "Odd-19-S-10";
108 0 0 107,1498 "Odd-19-B-9";
109 0 1 110,111 "Odd-11-S-0";
110 0 0 112,1517 "Odd-11-A-0";
111 0 0 112,1516 "Odd-11-B-0";
112 0 1 113,114 "Odd-11-S-1";
113 0 0 115,1515 "Odd-11-A-1";
114 0 0 115,1514 "Odd-11-B-1";
115 0 1 116,104 "Odd-11-S-2";
116 0 0 118,1513 "Odd-11-A-2";
117 0 1 155,154 "Odd-19-S-11";
118 0 1 119,120 "Odd-11-S-3";
119 0 0 121,1511 "Odd-11-A-3";
120 0 0 121,1510 "Odd-11-B-3";
121 0 1 122,123 "Odd-11-S-4";
122 0 0 124,1509 "Odd-11-A-4";
123 0 0 124,1508 "Odd-11-B-4";
124 0 1 125,126 "Odd-11-S-5";
125 0 0 127,1507 "Odd-11-A-5";
126 0 0 127,1506 "Odd-11-B-5";
127 0 1 128,129 "Odd-11-S-6";
128 0 0 143,1505 "Odd-11-A-6";
129 0 0 143,1504 "Odd-11-B-6";
130 0 0 141,1487 "Odd-19-A-15";
131 0 1 1012,1496,1494,1492,1490,1488,1486,1484,1482,1480,1478,1476,1474 "Odd-10-Z";
132 0 1 736,1478,1476,1474 "Odd-19-Z";
133 0 0 132,1480 "Odd-19-B-18";
134 0 0 132,1481 "Odd-19-A-18";
135 0 1 134,133 "Odd-19-S-18";
136 0 0 135,1482 "Odd-19-B-17";
137 0 0 135,1483 "Odd-19-A-17";
138 0 1 137,136 "Odd-19-S-17";
139 0 0 138,1484 "Odd-19-B-16";
140 0 0 138,1485 "Odd-19-A-16";
141 0 1 140,139 "Odd-19-S-16";
142 0 0 141,1486 "Odd-19-B-15";
143 0 1 183,184 "Odd-11-S-7";
144 0 1 130,142 "Odd-19-S-15";
145 0 0 144,1488 "Odd-19-B-14";
146 0 0 144,1489 "Odd-19-A-14";
147 0 1 146,145 "Odd-19-S-14";
148 0 0 147,1490 "Odd-19-B-13";
149 0 0 147,1491 "Odd-19-A-13";
150 0 1 149,148 "Odd-19-S-13";
151 0 0 150,1492 "Odd-19-B-12";
152 0 0 150,1493 "Odd-19-A-12";
153 0 1 152,151 "Odd-19-S-12";
154 0 0 153,1494 "Odd-19-B-11";
155 0 0 153,1495 "Odd-19-A-11";
156 0 0 168,1516 "Odd-19-B-0";
157 0 0 169,1508 "Odd-19-B-4";
158 0 0 169,1509 "Odd-19-A-4";
159 0 1 158,157 "Odd-19-S-4";
160 0 0 159,1510 "Odd-19-B-3";
161 0 0 159,1511 "Odd-19-A-3";
162 0 1 161,160 "Odd-19-S-3";
163 0 0 162,1512 "Odd-19-B-2";
164 0 0 162,1513 "Odd-19-A-2";
165 0 1 164,163 "Odd-19-S-2";
166 0 0 165,1514 "Odd-19-B-1";
167 0 0 165,1515 "Odd-19-A-1";
168 0 1 167,166 "Odd-19-S-1";
169 0 1 207,206 "Odd-19-S-5";
170 0 0 168,1517 "Odd-19-A-0";
171 0 1 170,156 "Odd-19-S-0";
172 0 1 173,174 "Odd-12-S-0";
173 0 0 175,1517 "Odd-12-A-0";
174 0 0 175,1516 "Odd-12-B-0";
175 0 1 176,177 "Odd-12-S-1";
176 0 0 178,1515 "Odd-12-A-1";
177 0 0 178,1514 "Odd-12-B-1";
178 0 1 179,180 "Odd-12-S-2";
179 0 0 181,1513 "Odd-12-A-2";
180 0 0 181,1512 "Odd-12-B-2";
181 0 1 91,27 "Odd-12-S-3";
182 0 0 107,1499 "Odd-19-A-9";
183 0 0 185,1503 "Odd-11-A-7";
184 0 0 185,1502 "Odd-11-B-7";
185 0 1 186,187 "Odd-11-S-8";
186 0 0 188,1501 "Odd-11-A-8";
187 0 0 188,1500 "Odd-11-B-8";
188 0 1 189,190 "Odd-11-S-9";
189 0 0 191,1499 "Odd-11-A-9";
190 0 0 191,1498 "Odd-11-B-9";
191 0 1 192,193 "Odd-11-S-10";
192 0 0 194,1497 "Odd-11-A-10";
193 0 0 194,1496 "Odd-11-B-10";
194 0 1 1048,1494,1492,1490,1488,1486,1484,1482,1480,1478,1476,1474 "Odd-11-Z";
195 0 0 77,1506 "Odd-18-B-5";
196 0 1 182,108 "Odd-19-S-9";
197 0 0 196,1500 "Odd-19-B-8";
198 0 0 196,1501 "Odd-19-A-8";
199 0 1 198,197 "Odd-19-S-8";
200 0 0 199,1502 "Odd-19-B-7";
201 0 0 199,1503 "Odd-19-A-7";
202 0 1 201,200 "Odd-19-S-7";
203 0 0 202,1504 "Odd-19-B-6";
204 0 0 202,1505 "Odd-19-A-6";
205 0 1 204,203 "Odd-19-S-6";
206 0 0 205,1506 "Odd-19-B-5";
207 0 0 205,1507 "Odd-19-A-5";
208 0 1 220,219 "Odd-17-S-5";
209 0 1 221,259 "Odd-17-S-9";
210 0 0 209,1500 "Odd-17-B-8";
211 0 0 209,1501 "Odd-17-A-8";
212 0 1 211,210 "Odd-17-S-8";
213 0 0 212,1502 "Odd-17-B-7";
214 0 0 212,1503 "Odd-17-A-7";
215 0 1 214,213 "Odd-17-S-7";
216 0 0 215,1504 "Odd-17-B-6";
217 0 0 215,1505 "Odd-17-A-6";
218 0 1 217,216 "Odd-17-S-6";
219 0 0 218,1506 "Odd-17-B-5";
220 0 0 218,1507 "Odd-17-A-5";
221 0 0 258,1499 "Odd-17-A-9";
222 0 0 208,1508 "Odd-17-B-4";
223 0 0 208,1509 "Odd-17-A-4";
224 0 1 223,222 "Odd-17-S-4";
225 0 0 224,1510 "Odd-17-B-3";
226 0 0 224,1511 "Odd-17-A-3";
227 0 1 226,225 "Odd-17-S-3";
228 0 0 227,1512 "Odd-17-B-2";
229 0 0 227,1513 "Odd-17-A-2";
230 0 1 229,228 "Odd-17-S-2";
231 0 1 232,233 "Odd-16-S-0";
232 0 0 247,1517 "Odd-16-A-0";
233 0 0 247,1516 "Odd-16-B-0";
234 0 0 246,1490 "Odd-17-B-13";
235 0 0 236,1488 "Odd-15-B-14";
236 0 1 1236,1486,1484,1482,1480,1478,1476,1474 "Odd-15-Z";
237 0 1 779,1482,1480,1478,1476,1474 "Odd-17-Z";
238 0 0 237,1484 "Odd-17-B-16";
239 0 0 237,1485 "Odd-17-A-16";
240 0 1 239,238 "Odd-17-S-16";
241 0 0 240,1486 "Odd-17-B-15";
242 0 0 240,1487 "Odd-17-A-15";
243 0 1 242,241 "Odd-17-S-15";
244 0 0 243,1488 "Odd-17-B-14";
245 0 0 243,1489 "Odd-17-A-14";
246 0 1 245,244 "Odd-17-S-14";
247 0 1 287,288 "Odd-16-S-1";
248 0 0 246,1491 "Odd-17-A-13";
249 0 1 248,234 "Odd-17-S-13";
250 0 0 249,1492 "Odd-17-B-12";
251 0 0 249,1493 "Odd-17-A-12";
252 0 1 251,250 "Odd-17-S-12";
253 0 0 252,1494 "Odd-17-B-11";
254 0 0 252,1495 "Odd-17-A-11";
255 0 1 254,253 "Odd-17-S-11";
256 0 0 255,1496 "Odd-17-B-10";
257 0 0 255,1497 "Odd-17-A-10";
258 0 1 257,256 "Odd-17-S-10";
259 0 0 258,1498 "Odd-17-B-9";
260 0 1 274,275 "Odd-16-S-14";
261 0 1 262,263 "Odd-16-S-10";
262 0 0 264,1497 "Odd-16-A-10";
263 0 0 264,1496 "Odd-16-B-10";
264 0 1 265,266 "Odd-16-S-11";
265 0 0 267,1495 "Odd-16-A-11";
266 0 0 267,1494 "Odd-16-B-11";
267 0 1 268,269 "Odd-16-S-12";
268 0 0 270,1493 "Odd-16-A-12";
269 0 0 270,1492 "Odd-16-B-12";
270 0 1 271,272 "Odd-16-S-13";
271 0 0 260,1491 "Odd-16-A-13";
272 0 0 260,1490 "Odd-16-B-13";
273 0 0 261,1498 "Odd-16-B-9";
274 0 0 276,1489 "Odd-16-A-14";
275 0 0 276,1488 "Odd-16-B-14";
276 0 1 277,278 "Odd-16-S-15";
277 0 0 279,1487 "Odd-16-A-15";
278 0 0 279,1486 "Odd-16-B-15";
279 0 1 1302,1484,1482,1480,1478,1476,1474 "Odd-16-Z";
280 0 0 230,1514 "Odd-17-B-1";
281 0 0 230,1515 "Odd-17-A-1";
282 0 1 281,280 "Odd-17-S-1";
283 0 0 282,1516 "Odd-17-B-0";
284 0 0 282,1517 "Odd-17-A-0";
285 0 1 284,283 "Odd-17-S-0";
286 0 0 301,1507 "Odd-16-A-5";
287 0 0 289,1515 "Odd-16-A-1";
288 0 0 289,1514 "Odd-16-B-1";
289 0 1 290,291 "Odd-16-S-2";
290 0 0 292,1513 "Odd-16-A-2";
291 0 0 292,1512 "Odd-16-B-2";
292 0 1 293,294 "Odd-16-S-3";
293 0 0 295,1511 "Odd-16-A-3";
294 0 0 295,1510 "Odd-16-B-3";
295 0 1 296,297 "Odd-16-S-4";
296 0 0 298,1509 "Odd-16-A-4";
297 0 0 298,1508 "Odd-16-B-4";
298 0 1 286,300 "Odd-16-S-5";
299 0 0 236,1489 "Odd-15-A-14";
300 0 0 301,1506 "Odd-16-B-5";
301 0 1 302,303 "Odd-16-S-6";
302 0 0 304,1505 "Odd-16-A-6";
303 0 0 304,1504 "Odd-16-B-6";
304 0 1 305,306 "Odd-16-S-7";
305 0 0 307,1503 "Odd-16-A-7";
306 0 0 307,1502 "Odd-16-B-7";
307 0 1 308,309 "Odd-16-S-8";
308 0 0 310,1501 "Odd-16-A-8";
309 0 0 310,1500 "Odd-16-B-8";
310 0 1 311,273 "Odd-16-S-9";
311 0 0 261,1499 "Odd-16-A-9";
312 0 0 326,1500 "Odd-14-B-8";
313 0 0 314,1508 "Odd-14-B-4";
314 0 1 315,316 "Odd-14-S-5";
315 0 0 317,1507 "Odd-14-A-5";
316 0 0 317,1506 "Odd-14-B-5";
317 0 1 318,319 "Odd-14-S-6";
318 0 0 320,1505 "Odd-14-A-6";
319 0 0 320,1504 "Odd-14-B-6";
320 0 1 321,322 "Odd-14-S-7";
321 0 0 323,1503 "Odd-14-A-7";
322 0 0 323,1502 "Odd-14-B-7";
323 0 1 324,312 "Odd-14-S-8";
324 0 0 326,1501 "Odd-14-A-8";
325 0 0 314,1509 "Odd-14-A-4";
326 0 1 327,328 "Odd-14-S-9";
327 0 0 329,1499 "Odd-14-A-9";
328 0 0 329,1498 "Odd-14-B-9";
329 0 1 330,331 "Odd-14-S-10";
330 0 0 332,1497 "Odd-14-A-10";
331 0 0 332,1496 "Odd-14-B-10";
332 0 1 333,334 "Odd-14-S-11";
333 0 0 335,1495 "Odd-14-A-11";
334 0 0 335,1494 "Odd-14-B-11";
335 0 1 336,337 "Odd-14-S-12";
336 0 0 351,1493 "Odd-14-A-12";
337 0 0 351,1492 "Odd-14-B-12";
338 0 1 352,353 "Odd-14-S-0";
339 0 0 77,1507 "Odd-18-A-5";
340 0 1 339,195 "Odd-18-S-5";
341 0 0 340,1508 "Odd-18-B-4";
342 0 0 340,1509 "Odd-18-A-4";
343 0 1 342,341 "Odd-18-S-4";
344 0 0 343,1510 "Odd-18-B-3";
345 0 0 343,1511 "Odd-18-A-3";
346 0 1 345,344 "Odd-18-S-3";
347 0 0 346,1512 "Odd-18-B-2";
348 0 0 346,1513 "Odd-18-A-2";
349 0 1 348,347 "Odd-18-S-2";
350 0 0 349,1514 "Odd-18-B-1";
351 0 1 391,392 "Odd-14-S-13";
352 0 0 354,1517 "Odd-14-A-0";
353 0 0 354,1516 "Odd-14-B-0";
354 0 1 355,356 "Odd-14-S-1";
355 0 0 357,1515 "Odd-14-A-1";
356 0 0 357,1514 "Odd-14-B-1";
357 0 1 358,359 "Odd-14-S-2";
358 0 0 360,1513 "Odd-14-A-2";
359 0 0 360,1512 "Odd-14-B-2";
360 0 1 361,362 "Odd-14-S-3";
361 0 0 363,1511 "Odd-14-A-3";
362 0 0 363,1510 "Odd-14-B-3";
363 0 1 325,313 "Odd-14-S-4";
364 0 1 378,379 "Odd-15-S-10";
365 0 1 366,367 "Odd-15-S-6";
366 0 0 368,1505 "Odd-15-A-6";
367 0 0 368,1504 "Odd-15-B-6";
368 0 1 369,370 "Odd-15-S-7";
369 0 0 371,1503 "Odd-15-A-7";
370 0 0 371,1502 "Odd-15-B-7";
371 0 1 372,373 "Odd-15-S-8";
372 0 0 374,1501 "Odd-15-A-8";
373 0 0 374,1500 "Odd-15-B-8";
374 0 1 375,376 "Odd-15-S-9";
375 0 0 364,1499 "Odd-15-A-9";
376 0 0 364,1498 "Odd-15-B-9";
377 0 0 365,1506 "Odd-15-B-5";
378 0 0 380,1497 "Odd-15-A-10";
379 0 0 380,1496 "Odd-15-B-10";
380 0 1 381,382 "Odd-15-S-11";
381 0 0 383,1495 "Odd-15-A-11";
382 0 0 383,1494 "Odd-15-B-11";
383 0 1 384,385 "Odd-15-S-12";
384 0 0 386,1493 "Odd-15-A-12";
385 0 0 386,1492 "Odd-15-B-12";
386 0 1 387,388 "Odd-15-S-13";
387 0 0 389,1491 "Odd-15-A-13";
388 0 0 389,1490 "Odd-15-B-13";
389 0 1 299,235 "Odd-15-S-14";
390 0 0 405,1515 "Odd-15-A-1";
391 0 0 393,1491 "Odd-14-A-13";
392 0 0 393,1490 "Odd-14-B-13";
393 0 1 1269,1488,1486,1484,1482,1480,1478,1476,1474 "Odd-14-Z";
394 0 0 349,1515 "Odd-18-A-1";
395 0 1 394,350 "Odd-18-S-1";
396 0 0 395,1516 "Odd-18-B-0";
397 0 0 395,1517 "Odd-18-A-0";
398 0 1 397,396 "Odd-18-S-0";
399 0 1 400,401 "Odd-15-S-0";
400 0 0 402,1517 "Odd-15-A-0";
401 0 0 402,1516 "Odd-15-B-0";
402 0 1 390,404 "Odd-15-S-1";
403 0 1 718,1474 "Odd-21-Z";
404 0 0 405,1514 "Odd-15-B-1";
405 0 1 406,407 "Odd-15-S-2";
406 0 0 408,1513 "Odd-15-A-2";
407 0 0 408,1512 "Odd-15-B-2";
408 0 1 409,410 "Odd-15-S-3";
409 0 0 411,1511 "Odd-15-A-3";
410 0 0 411,1510 "Odd-15-B-3";
411 0 1 412,413 "Odd-15-S-4";
412 0 0 414,1509 "Odd-15-A-4";
413 0 0 414,1508 "Odd-15-B-4";
414 0 1 415,377 "Odd-15-S-5";
415 0 0 365,1507 "Odd-15-A-5";
416 0 0 432,1517 "Odd-7-A-0";
417 0 0 418,1506 "Odd-6-B-5";
418 0 1 1219,1504,1502,1500,1498,1496,1494,1492,1490,1488,1486,1484,1482,1480,1478,1476,1474 "Odd-6-Z";
419 0 1 859,1476,1474 "Odd-20-Z";
420 0 0 419,1478 "Odd-20-B-19";
421 0 0 419,1479 "Odd-20-A-19";
422 0 1 421,420 "Odd-20-S-19";
423 0 0 422,1480 "Odd-20-B-18";
424 0 0 422,1481 "Odd-20-A-18";
425 0 1 424,423 "Odd-20-S-18";
426 0 0 425,1482 "Odd-20-B-17";
427 0 0 425,1483 "Odd-20-A-17";
428 0 1 427,426 "Odd-20-S-17";
429 0 1 416,431 "Odd-7-S-0";
430 0 0 418,1507 "Odd-6-A-5";
431 0 0 432,1516 "Odd-7-B-0";
432 0 1 433,434 "Odd-7-S-1";
433 0 0 435,1515 "Odd-7-A-1";
434 0 0 435,1514 "Odd-7-B-1";
435 0 1 436,437 "Odd-7-S-2";
436 0 0 438,1513 "Odd-7-A-2";
437 0 0 438,1512 "Odd-7-B-2";
438 0 1 439,440 "Odd-7-S-3";
439 0 0 441,1511 "Odd-7-A-3";
440 0 0 441,1510 "Odd-7-B-3";
441 0 1 442,456 "Odd-7-S-4";
442 0 0 496,1509 "Odd-7-A-4";
443 0 1 457,458 "Odd-6-S-1";
444 0 0 446,1513 "Odd-5-A-2";
445 0 0 446,1512 "Odd-5-B-2";
446 0 1 447,448 "Odd-5-S-3";
447 0 0 449,1511 "Odd-5-A-3";
448 0 0 449,1510 "Odd-5-B-3";
449 0 1 450,451 "Odd-5-S-4";
450 0 0 452,1509 "Odd-5-A-4";
451 0 0 452,1508 "Odd-5-B-4";
452 0 1 1136,1506,1504,1502,1500,1498,1496,1494,1492,1490,1488,1486,1484,1482,1480,1478,1476,1474 "Odd-5-Z";
453 0 1 454,455 "Odd-6-S-0";
454 0 0 443,1517 "Odd-6-A-0";
455 0 0 443,1516 "Odd-6-B-0";
456 0 0 496,1508 "Odd-7-B-4";
457 0 0 459,1515 "Odd-6-A-1";
458 0 0 459,1514 "Odd-6-B-1";
459 0 1 460,461 "Odd-6-S-2";
460 0 0 462,1513 "Odd-6-A-2";
461 0 0 462,1512 "Odd-6-B-2";
462 0 1 463,464 "Odd-6-S-3";
463 0 0 465,1511 "Odd-6-A-3";
464 0 0 465,1510 "Odd-6-B-3";
465 0 1 466,467 "Odd-6-S-4";
466 0 0 468,1509 "Odd-6-A-4";
467 0 0 468,1508 "Odd-6-B-4";
468 0 1 430,417 "Odd-6-S-5";
469 0 1 483,484 "Odd-8-S-0";
470 0 0 520,1497 "Odd-20-A-10";
471 0 1 470,482 "Odd-20-S-10";
472 0 0 471,1498 "Odd-20-B-9";
473 0 0 471,1499 "Odd-20-A-9";
474 0 1 473,472 "Odd-20-S-9";
475 0 0 474,1500 "Odd-20-B-8";
476 0 0 474,1501 "Odd-20-A-8";
477 0 1 476,475 "Odd-20-S-8";
478 0 0 477,1502 "Odd-20-B-7";
479 0 0 477,1503 "Odd-20-A-7";
480 0 1 479,478 "Odd-20-S-7";
481 0 0 480,1504 "Odd-20-B-6";
482 0 0 520,1496 "Odd-20-B-10";
483 0 0 485,1517 "Odd-8-A-0";
484 0 0 485,1516 "Odd-8-B-0";
485 0 1 486,487 "Odd-8-S-1";
486 0 0 488,1515 "Odd-8-A-1";
487 0 0 488,1514 "Odd-8-B-1";
488 0 1 489,490 "Odd-8-S-2";
489 0 0 491,1513 "Odd-8-A-2";
490 0 0 491,1512 "Odd-8-B-2";
491 0 1 492,493 "Odd-8-S-3";
492 0 0 494,1511 "Odd-8-A-3";
493 0 0 494,1510 "Odd-8-B-3";
494 0 1 694,674 "Odd-8-S-4";
495 0 1 507,506 "Odd-20-S-15";
496 0 1 497,498 "Odd-7-S-5";
497 0 0 499,1507 "Odd-7-A-5";
498 0 0 499,1506 "Odd-7-B-5";
499 0 1 500,501 "Odd-7-S-6";
500 0 0 502,1505 "Odd-7-A-6";
501 0 0 502,1504 "Odd-7-B-6";
502 0 1 1179,1502,1500,1498,1496,1494,1492,1490,1488,1486,1484,1482,1480,1478,1476,1474 "Odd-7-Z";
503 0 0 428,1484 "Odd-20-B-16";
504 0 0 428,1485 "Odd-20-A-16";
505 0 1 504,503 "Odd-20-S-16";
506 0 0 505,1486 "Odd-20-B-15";
507 0 0 505,1487 "Odd-20-A-15";
508 0 1 444,445 "Odd-5-S-2";
509 0 0 495,1488 "Odd-20-B-14";
510 0 0 495,1489 "Odd-20-A-14";
511 0 1 510,509 "Odd-20-S-14";
512 0 0 511,1490 "Odd-20-B-13";
513 0 0 511,1491 "Odd-20-A-13";
514 0 1 513,512 "Odd-20-S-13";
515 0 0 514,1492 "Odd-20-B-12";
516 0 0 514,1493 "Odd-20-A-12";
517 0 1 516,515 "Odd-20-S-12";
518 0 0 517,1494 "Odd-20-B-11";
519 0 0 517,1495 "Odd-20-A-11";
520 0 1 519,518 "Odd-20-S-11";
521 0 1 1157,1512,1510,1508,1506,1504,1502,1500,1498,1496,1494,1492,1490,1488,1486,1484,1482,1480,1478,1476,1474 "Odd-2-Z";
522 0 0 535,1490 "Odd-21-B-13";
523 0 0 535,1491 "Odd-21-A-13";
524 0 1 523,522 "Odd-21-S-13";
525 0 0 524,1492 "Odd-21-B-12";
526 0 0 524,1493 "Odd-21-A-12";
527 0 1 526,525 "Odd-21-S-12";
528 0 0 527,1494 "Odd-21-B-11";
529 0 1 530,531 "Odd-2-S-0";
530 0 0 532,1517 "Odd-2-A-0";
531 0 0 532,1516 "Odd-2-B-0";
532 0 1 533,534 "Odd-2-S-1";
533 0 0 521,1515 "Odd-2-A-1";
534 0 0 521,1514 "Odd-2-B-1";
535 0 1 573,572 "Odd-21-S-14";
536 0 0 527,1495 "Odd-21-A-11";
537 0 1 536,528 "Odd-21-S-11";
538 0 0 537,1496 "Odd-21-B-10";
539 0 0 537,1497 "Odd-21-A-10";
540 0 1 539,538 "Odd-21-S-10";
541 0 0 540,1498 "Odd-21-B-9";
542 0 0 540,1499 "Odd-21-A-9";
543 0 1 542,541 "Odd-21-S-9";
544 0 0 543,1500 "Odd-21-B-8";
545 0 0 543,1501 "Odd-21-A-8";
546 0 1 545,544 "Odd-21-S-8";
547 0 0 546,1502 "Odd-21-B-7";
548 0 1 560,559 "Odd-21-S-17";
549 0 0 403,1476 "Odd-21-B-20";
550 0 0 403,1477 "Odd-21-A-20";
551 0 1 550,549 "Odd-21-S-20";
552 0 0 551,1478 "Odd-21-B-19";
553 0 0 551,1479 "Odd-21-A-19";
554 0 1 1144,1516,1514,1512,1510,1508,1506,1504,1502,1500,1498,1496,1494,1492,1490,1488,1486,1484,1482,1480,1478,1476,1474 "Odd-0-Z";
555 0 1 553,552 "Odd-21-S-19";
556 0 0 555,1480 "Odd-21-B-18";
557 0 0 555,1481 "Odd-21-A-18";
558 0 1 557,556 "Odd-21-S-18";
559 0 0 558,1482 "Odd-21-B-17";
560 0 0 558,1483 "Odd-21-A-17";
561 0 0 546,1503 "Odd-21-A-7";
562 0 0 548,1484 "Odd-21-B-16";
563 0 0 548,1485 "Odd-21-A-16";
564 0 1 563,562 "Odd-21-S-16";
565 0 1 566,567 "Odd-1-S-0";
566 0 0 568,1517 "Odd-1-A-0";
567 0 0 568,1516 "Odd-1-B-0";
568 0 1 1149,1514,1512,1510,1508,1506,1504,1502,1500,1498,1496,1494,1492,1490,1488,1486,1484,1482,1480,1478,1476,1474 "Odd-1-Z";
569 0 0 564,1486 "Odd-21-B-15";
570 0 0 564,1487 "Odd-21-A-15";
571 0 1 570,569 "Odd-21-S-15";
572 0 0 571,1488 "Odd-21-B-14";
573 0 0 571,1489 "Odd-21-A-14";
574 0 1 588,589 "Odd-4-S-2";
575 0 0 587,1514 "Odd-21-B-1";
576 0 0 587,1515 "Odd-21-A-1";
577 0 1 576,575 "Odd-21-S-1";
578 0 0 577,1516 "Odd-21-B-0";
579 0 0 577,1517 "Odd-21-A-0";
580 0 1 579,578 "Odd-21-S-0";
581 0 1 582,583 "Odd-4-S-0";
582 0 0 584,1517 "Odd-4-A-0";
583 0 0 584,1516 "Odd-4-B-0";
584 0 1 585,586 "Odd-4-S-1";
585 0 0 574,1515 "Odd-4-A-1";
586 0 0 574,1514 "Odd-4-B-1";
587 0 1 625,624 "Odd-21-S-2";
588 0 0 590,1513 "Odd-4-A-2";
589 0 0 590,1512 "Odd-4-B-2";
590 0 1 591,592 "Odd-4-S-3";
591 0 0 593,1511 "Odd-4-A-3";
592 0 0 593,1510 "Odd-4-B-3";
593 0 1 1119,1508,1506,1504,1502,1500,1498,1496,1494,1492,1490,1488,1486,1484,1482,1480,1478,1476,1474 "Odd-4-Z";
594 0 1 595,596 "Odd-5-S-0";
595 0 0 597,1517 "Odd-5-A-0";
596 0 0 597,1516 "Odd-5-B-0";
597 0 1 598,599 "Odd-5-S-1";
598 0 0 508,1515 "Odd-5-A-1";
599 0 0 508,1514 "Odd-5-B-1";
600 0 1 1168,1510,1508,1506,1504,1502,1500,1498,1496,1494,1492,1490,1488,1486,1484,1482,1480,1478,1476,1474 "Odd-3-Z";
601 0 1 561,547 "Odd-21-S-7";
602 0 0 601,1504 "Odd-21-B-6";
603 0 0 601,1505 "Odd-21-A-6";
604 0 1 605,606 "Odd-3-S-0";
605 0 0 607,1517 "Odd-3-A-0";
606 0 0 607,1516 "Odd-3-B-0";
607 0 1 608,609 "Odd-3-S-1";
608 0 0 610,1515 "Odd-3-A-1";
609 0 0 610,1514 "Odd-3-B-1";
610 0 1 611,612 "Odd-3-S-2";
611 0 0 600,1513 "Odd-3-A-2";
612 0 0 600,1512 "Odd-3-B-2";
613 0 0 131,1499 "Odd-10-A-9";
614 0 1 603,602 "Odd-21-S-6";
615 0 0 614,1506 "Odd-21-B-5";
616 0 0 614,1507 "Odd-21-A-5";
617 0 1 616,615 "Odd-21-S-5";
618 0 0 617,1508 "Odd-21-B-4";
619 0 0 617,1509 "Odd-21-A-4";
620 0 1 619,618 "Odd-21-S-4";
621 0 0 620,1510 "Odd-21-B-3";
622 0 0 620,1511 "Odd-21-A-3";
623 0 1 622,621 "Odd-21-S-3";
624 0 0 623,1512 "Odd-21-B-2";
625 0 0 623,1513 "Odd-21-A-2";
626 0 1 643,644 "Odd-10-S-6";
627 0 1 628,629 "Odd-10-S-1";
628 0 0 630,1515 "Odd-10-A-1";
629 0 0 630,1514 "Odd-10-B-1";
630 0 1 631,632 "Odd-10-S-2";
631 0 0 633,1513 "Odd-10-A-2";
632 0 0 633,1512 "Odd-10-B-2";
633 0 1 634,635 "Odd-10-S-3";
634 0 0 636,1511 "Odd-10-A-3";
635 0 0 636,1510 "Odd-10-B-3";
636 0 1 637,638 "Odd-10-S-4";
637 0 0 639,1509 "Odd-10-A-4";
638 0 0 639,1508 "Odd-10-B-4";
639 0 1 640,641 "Odd-10-S-5";
640 0 0 626,1507 "Odd-10-A-5";
641 0 0 626,1506 "Odd-10-B-5";
642 0 0 627,1516 "Odd-10-B-0";
643 0 0 706,1505 "Odd-10-A-6";
644 0 0 706,1504 "Odd-10-B-6";
645 0 1 646,647 "Odd-20-S-0";
646 0 0 648,1517 "Odd-20-A-0";
647 0 0 648,1516 "Odd-20-B-0";
648 0 1 649,650 "Odd-20-S-1";
649 0 0 651,1515 "Odd-20-A-1";
650 0 0 651,1514 "Odd-20-B-1";
651 0 1 652,653 "Odd-20-S-2";
652 0 0 654,1513 "Odd-20-A-2";
653 0 0 654,1512 "Odd-20-B-2";
654 0 1 655,656 "Odd-20-S-3";
655 0 0 657,1511 "Odd-20-A-3";
656 0 0 657,1510 "Odd-20-B-3";
657 0 1 700,714 "Odd-20-S-4";
658 0 0 676,1507 "Odd-9-A-5";
659 0 0 661,1517 "Odd-9-A-0";
660 0 0 661,1516 "Odd-9-B-0";
661 0 1 662,663 "Odd-9-S-1";
662 0 0 664,1515 "Odd-9-A-1";
663 0 0 664,1514 "Odd-9-B-1";
664 0 1 665,666 "Odd-9-S-2";
665 0 0 667,1513 "Odd-9-A-2";
666 0 0 667,1512 "Odd-9-B-2";
667 0 1 668,669 "Odd-9-S-3";
668 0 0 670,1511 "Odd-9-A-3";
669 0 0 670,1510 "Odd-9-B-3";
670 0 1 671,672 "Odd-9-S-4";
671 0 0 673,1509 "Odd-9-A-4";
672 0 0 673,1508 "Odd-9-B-4";
673 0 1 658,675 "Odd-9-S-5";
674 0 0 699,1508 "Odd-8-B-4";
675 0 0 676,1506 "Odd-9-B-5";
676 0 1 677,678 "Odd-9-S-6";
677 0 0 679,1505 "Odd-9-A-6";
678 0 0 679,1504 "Odd-9-B-6";
679 0 1 680,681 "Odd-9-S-7";
680 0 0 682,1503 "Odd-9-A-7";
681 0 0 682,1502 "Odd-9-B-7";
682 0 1 683,684 "Odd-9-S-8";
683 0 0 685,1501 "Odd-9-A-8";
684 0 0 685,1500 "Odd-9-B-8";
685 0 1 1044,1498,1496,1494,1492,1490,1488,1486,1484,1482,1480,1478,1476,1474 "Odd-9-Z";
686 0 1 659,660 "Odd-9-S-0";
687 0 1 688,642 "Odd-10-S-0";
688 0 0 627,1517 "Odd-10-A-0";
689 0 0 701,1500 "Odd-10-B-8";
690 0 0 692,1504 "Odd-8-B-6";
691 0 0 131,1498 "Odd-10-B-9";
692 0 1 693,707 "Odd-8-S-7";
693 0 0 708,1503 "Odd-8-A-7";
694 0 0 699,1509 "Odd-8-A-4";
695 0 0 692,1505 "Odd-8-A-6";
696 0 1 695,690 "Odd-8-S-6";
697 0 0 696,1506 "Odd-8-B-5";
698 0 0 696,1507 "Odd-8-A-5";
699 0 1 698,697 "Odd-8-S-5";
700 0 0 713,1509 "Odd-20-A-4";
701 0 1 613,691 "Odd-10-S-9";
702 0 0 701,1501 "Odd-10-A-8";
703 0 1 702,689 "Odd-10-S-8";
704 0 0 703,1502 "Odd-10-B-7";
705 0 0 703,1503 "Odd-10-A-7";
706 0 1 705,704 "Odd-10-S-7";
707 0 0 708,1502 "Odd-8-B-7";
708 0 1 1095,1500,1498,1496,1494,1492,1490,1488,1486,1484,1482,1480,1478,1476,1474 "Odd-8-Z";
709 0 0 480,1505 "Odd-20-A-6";
710 0 1 709,481 "Odd-20-S-6";
711 0 0 710,1506 "Odd-20-B-5";
712 0 0 710,1507 "Odd-20-A-5";
713 0 1 712,711 "Odd-20-S-5";
714 0 0 713,1508 "Odd-20-B-4";
715 1 0 724,725 "Even-17-S-10";
716 1 0 750,762 "Even-18-S-1";
717 1 1 715,1499 "Even-17-B-9";
718 1 0 1519,580 "Odd-21-T";
719 1 0 1472 "Even-21-Z";
720 1 0 721,722 "Even-18-S-0";
721 1 1 716,1516 "Even-18-A-0";
722 1 1 716,1517 "Even-18-B-0";
723 1 1 793,1488 "Even-17-A-14";
724 1 1 726,1496 "Even-17-A-10";
725 1 1 726,1497 "Even-17-B-10";
726 1 0 727,728 "Even-17-S-11";
727 1 1 729,1494 "Even-17-A-11";
728 1 1 729,1495 "Even-17-B-11";
729 1 0 730,731 "Even-17-S-12";
730 1 1 732,1492 "Even-17-A-12";
731 1 1 732,1493 "Even-17-B-12";
732 1 0 733,734 "Even-17-S-13";
733 1 1 735,1490 "Even-17-A-13";
734 1 1 735,1491 "Even-17-B-13";
735 1 0 723,807 "Even-17-S-14";
736 1 0 1523,171 "Odd-19-T";
737 1 0 751,752 "Even-21-S-18";
738 1 1 715,1498 "Even-17-A-9";
739 1 1 741,1488 "Even-21-A-14";
740 1 1 741,1489 "Even-21-B-14";
741 1 0 742,743 "Even-21-S-15";
742 1 1 744,1486 "Even-21-A-15";
743 1 1 744,1487 "Even-21-B-15";
744 1 0 745,746 "Even-21-S-16";
745 1 1 747,1484 "Even-21-A-16";
746 1 1 747,1485 "Even-21-B-16";
747 1 0 748,749 "Even-21-S-17";
748 1 1 737,1482 "Even-21-A-17";
749 1 1 737,1483 "Even-21-B-17";
750 1 1 761,1514 "Even-18-A-1";
751 1 1 753,1480 "Even-21-A-18";
752 1 1 753,1481 "Even-21-B-18";
753 1 0 754,755 "Even-21-S-19";
754 1 1 756,1478 "Even-21-A-19";
755 1 1 756,1479 "Even-21-B-19";
756 1 0 757,758 "Even-21-S-20";
757 1 1 719,1476 "Even-21-A-20";
758 1 1 719,1477 "Even-21-B-20";
759 1 1 942,1513 "Even-18-B-2";
760 1 1 942,1512 "Even-18-A-2";
761 1 0 760,759 "Even-18-S-2";
762 1 1 761,1515 "Even-18-B-1";
763 1 0 1456,1481,1479,1477,1475 "Even-17-Z";
764 1 1 778,1505 "Even-20-B-6";
765 1 1 778,1504 "Even-20-A-6";
766 1 0 765,764 "Even-20-S-6";
767 1 1 766,1507 "Even-20-B-5";
768 1 1 766,1506 "Even-20-A-5";
769 1 0 768,767 "Even-20-S-5";
770 1 1 769,1509 "Even-20-B-4";
771 1 1 769,1508 "Even-20-A-4";
772 1 0 771,770 "Even-20-S-4";
773 1 1 772,1511 "Even-20-B-3";
774 1 1 775,1487 "Even-17-B-15";
775 1 0 776,777 "Even-17-S-16";
776 1 1 763,1484 "Even-17-A-16";
777 1 1 763,1485 "Even-17-B-16";
778 1 0 819,818 "Even-20-S-7";
779 1 0 1527,285 "Odd-17-T";
780 1 1 1252,1498 "Even-15-A-9";
781 1 1 772,1510 "Even-20-A-3";
782 1 0 781,773 "Even-20-S-3";
783 1 1 782,1513 "Even-20-B-2";
784 1 1 782,1512 "Even-20-A-2";
785 1 0 784,783 "Even-20-S-2";
786 1 1 785,1515 "Even-20-B-1";
787 1 1 785,1514 "Even-20-A-1";
788 1 0 787,786 "Even-20-S-1";
789 1 1 788,1517 "Even-20-B-0";
790 1 1 788,1516 "Even-20-A-0";
791 1 0 790,789 "Even-20-S-0";
792 1 1 805,1494 "Even-20-A-11";
793 1 0 820,774 "Even-17-S-15";
794 1 1 846,1487 "Even-20-B-15";
795 1 1 846,1486 "Even-20-A-15";
796 1 0 795,794 "Even-20-S-15";
797 1 1 796,1489 "Even-20-B-14";
798 1 1 796,1488 "Even-20-A-14";
799 1 0 798,797 "Even-20-S-14";
800 1 1 799,1491 "Even-20-B-13";
801 1 1 799,1490 "Even-20-A-13";
802 1 0 801,800 "Even-20-S-13";
803 1 1 802,1493 "Even-20-B-12";
804 1 1 802,1492 "Even-20-A-12";
805 1 0 804,803 "Even-20-S-12";
806 1 1 805,1495 "Even-20-B-11";
807 1 1 793,1489 "Even-17-B-14";
808 1 0 792,806 "Even-20-S-11";
809 1 1 808,1497 "Even-20-B-10";
810 1 1 808,1496 "Even-20-A-10";
811 1 0 810,809 "Even-20-S-10";
812 1 1 811,1499 "Even-20-B-9";
813 1 1 811,1498 "Even-20-A-9";
814 1 0 813,812 "Even-20-S-9";
815 1 1 814,1501 "Even-20-B-8";
816 1 1 814,1500 "Even-20-A-8";
817 1 0 816,815 "Even-20-S-8";
818 1 1 817,1503 "Even-20-B-7";
819 1 1 817,1502 "Even-20-A-7";
820 1 1 775,1486 "Even-17-A-15";
821 1 1 830,1514 "Even-21-A-1";
822 1 1 832,1509 "Even-21-B-4";
823 1 1 832,1508 "Even-21-A-4";
824 1 0 823,822 "Even-21-S-4";
825 1 1 824,1511 "Even-21-B-3";
826 1 1 824,1510 "Even-21-A-3";
827 1 0 826,825 "Even-21-S-3";
828 1 1 827,1513 "Even-21-B-2";
829 1 1 827,1512 "Even-21-A-2";
830 1 0 829,828 "Even-21-S-2";
831 1 1 830,1515 "Even-21-B-1";
832 1 0 861,860 "Even-21-S-5";
833 1 0 821,831 "Even-21-S-1";
834 1 1 833,1517 "Even-21-B-0";
835 1 1 833,1516 "Even-21-A-0";
836 1 0 835,834 "Even-21-S-0";
837 1 1 845,1489 "Even-19-B-14";
838 1 1 845,1488 "Even-19-A-14";
839 1 0 838,837 "Even-19-S-14";
840 1 1 839,1491 "Even-19-B-13";
841 1 1 839,1490 "Even-19-A-13";
842 1 0 853,854 "Even-20-S-18";
843 1 1 892,1487 "Even-19-B-15";
844 1 1 892,1486 "Even-19-A-15";
845 1 0 844,843 "Even-19-S-15";
846 1 0 847,848 "Even-20-S-16";
847 1 1 849,1484 "Even-20-A-16";
848 1 1 849,1485 "Even-20-B-16";
849 1 0 850,851 "Even-20-S-17";
850 1 1 842,1482 "Even-20-A-17";
851 1 1 842,1483 "Even-20-B-17";
852 1 0 841,840 "Even-19-S-13";
853 1 1 855,1480 "Even-20-A-18";
854 1 1 855,1481 "Even-20-B-18";
855 1 0 856,857 "Even-20-S-19";
856 1 1 858,1478 "Even-20-A-19";
857 1 1 858,1479 "Even-20-B-19";
858 1 0 1471,1475 "Even-20-Z";
859 1 0 1521,645 "Odd-20-T";
860 1 1 962,1507 "Even-21-B-5";
861 1 1 962,1506 "Even-21-A-5";
862 1 0 871,870 "Even-19-S-3";
863 1 0 872,901 "Even-19-S-6";
864 1 1 863,1507 "Even-19-B-5";
865 1 1 863,1506 "Even-19-A-5";
866 1 0 865,864 "Even-19-S-5";
867 1 1 866,1509 "Even-19-B-4";
868 1 1 866,1508 "Even-19-A-4";
869 1 0 868,867 "Even-19-S-4";
870 1 1 869,1511 "Even-19-B-3";
871 1 1 869,1510 "Even-19-A-3";
872 1 1 900,1504 "Even-19-A-6";
873 1 1 862,1513 "Even-19-B-2";
874 1 1 862,1512 "Even-19-A-2";
875 1 0 874,873 "Even-19-S-2";
876 1 1 875,1515 "Even-19-B-1";
877 1 1 875,1514 "Even-19-A-1";
878 1 0 877,876 "Even-19-S-1";
879 1 1 878,1517 "Even-19-B-0";
880 1 1 878,1516 "Even-19-A-0";
881 1 0 880,879 "Even-19-S-0";
882 1 1 891,1499 "Even-19-B-9";
883 1 1 852,1493 "Even-19-B-12";
884 1 1 852,1492 "Even-19-A-12";
885 1 0 884,883 "Even-19-S-12";
886 1 1 885,1495 "Even-19-B-11";
887 1 1 885,1494 "Even-19-A-11";
888 1 0 887,886 "Even-19-S-11";
889 1 1 888,1497 "Even-19-B-10";
890 1 1 888,1496 "Even-19-A-10";
891 1 0 890,889 "Even-19-S-10";
892 1 0 931,930 "Even-19-S-16";
893 1 1 891,1498 "Even-19-A-9";
894 1 0 893,882 "Even-19-S-9";
895 1 1 894,1501 "Even-19-B-8";
896 1 1 894,1500 "Even-19-A-8";
897 1 0 896,895 "Even-19-S-8";
898 1 1 897,1503 "Even-19-B-7";
899 1 1 897,1502 "Even-19-A-7";
900 1 0 899,898 "Even-19-S-7";
901 1 1 900,1505 "Even-19-B-6";
902 1 0 914,915 "Even-18-S-7";
903 1 1 904,1511 "Even-18-B-3";
904 1 0 905,906 "Even-18-S-4";
905 1 1 907,1508 "Even-18-A-4";
906 1 1 907,1509 "Even-18-B-4";
907 1 0 908,909 "Even-18-S-5";
908 1 1 910,1506 "Even-18-A-5";
909 1 1 910,1507 "Even-18-B-5";
910 1 0 911,912 "Even-18-S-6";
911 1 1 902,1504 "Even-18-A-6";
912 1 1 902,1505 "Even-18-B-6";
913 1 1 904,1510 "Even-18-A-3";
914 1 1 916,1502 "Even-18-A-7";
915 1 1 916,1503 "Even-18-B-7";
916 1 0 917,918 "Even-18-S-8";
917 1 1 919,1500 "Even-18-A-8";
918 1 1 919,1501 "Even-18-B-8";
919 1 0 920,921 "Even-18-S-9";
920 1 1 922,1498 "Even-18-A-9";
921 1 1 922,1499 "Even-18-B-9";
922 1 0 933,964 "Even-18-S-10";
923 1 1 932,1491 "Even-21-B-13";
924 1 1 973,1481 "Even-19-B-18";
925 1 1 973,1480 "Even-19-A-18";
926 1 0 925,924 "Even-19-S-18";
927 1 1 926,1483 "Even-19-B-17";
928 1 1 926,1482 "Even-19-A-17";
929 1 0 928,927 "Even-19-S-17";
930 1 1 929,1485 "Even-19-B-16";
931 1 1 929,1484 "Even-19-A-16";
932 1 0 739,740 "Even-21-S-14";
933 1 1 965,1496 "Even-18-A-10";
934 1 1 932,1490 "Even-21-A-13";
935 1 0 934,923 "Even-21-S-13";
936 1 1 935,1493 "Even-21-B-12";
937 1 1 935,1492 "Even-21-A-12";
938 1 0 937,936 "Even-21-S-12";
939 1 1 938,1495 "Even-21-B-11";
940 1 1 938,1494 "Even-21-A-11";
941 1 0 940,939 "Even-21-S-11";
942 1 0 913,903 "Even-18-S-3";
943 1 0 952,951 "Even-21-S-9";
944 1 1 946,1482 "Even-18-A-17";
945 1 1 946,1483 "Even-18-B-17";
946 1 0 1464,1479,1477,1475 "Even-18-Z";
947 1 0 1525,398 "Odd-18-T";
948 1 1 941,1497 "Even-21-B-10";
949 1 1 941,1496 "Even-21-A-10";
950 1 0 949,948 "Even-21-S-10";
951 1 1 950,1499 "Even-21-B-9";
952 1 1 950,1498 "Even-21-A-9";
953 1 0 944,945 "Even-18-S-17";
954 1 1 943,1501 "Even-21-B-8";
955 1 1 943,1500 "Even-21-A-8";
956 1 0 955,954 "Even-21-S-8";
957 1 1 956,1503 "Even-21-B-7";
958 1 1 956,1502 "Even-21-A-7";
959 1 0 958,957 "Even-21-S-7";
960 1 1 959,1505 "Even-21-B-6";
961 1 1 959,1504 "Even-21-A-6";
962 1 0 961,960 "Even-21-S-6";
963 1 1 974,1491 "Even-18-B-13";
964 1 1 965,1497 "Even-18-B-10";
965 1 0 966,967 "Even-18-S-11";
966 1 1 968,1494 "Even-18-A-11";
967 1 1 968,1495 "Even-18-B-11";
968 1 0 969,970 "Even-18-S-12";
969 1 1 971,1492 "Even-18-A-12";
970 1 1 971,1493 "Even-18-B-12";
971 1 0 972,963 "Even-18-S-13";
972 1 1 974,1490 "Even-18-A-13";
973 1 0 1473,1477,1475 "Even-19-Z";
974 1 0 975,976 "Even-18-S-14";
975 1 1 977,1488 "Even-18-A-14";
976 1 1 977,1489 "Even-18-B-14";
977 1 0 978,979 "Even-18-S-15";
978 1 1 980,1486 "Even-18-A-15";
979 1 1 980,1487 "Even-18-B-15";
980 1 0 981,982 "Even-18-S-16";
981 1 1 953,1484 "Even-18-A-16";
982 1 1 953,1485 "Even-18-B-16";
983 1 0 1000,1001 "Even-10-S-6";
984 1 0 985,986 "Even-10-S-1";
985 1 1 987,1514 "Even-10-A-1";
986 1 1 987,1515 "Even-10-B-1";
987 1 0 988,989 "Even-10-S-2";
988 1 1 990,1512 "Even-10-A-2";
989 1 1 990,1513 "Even-10-B-2";
990 1 0 991,992 "Even-10-S-3";
991 1 1 993,1510 "Even-10-A-3";
992 1 1 993,1511 "Even-10-B-3";
993 1 0 994,995 "Even-10-S-4";
994 1 1 996,1508 "Even-10-A-4";
995 1 1 996,1509 "Even-10-B-4";
996 1 0 997,998 "Even-10-S-5";
997 1 1 983,1506 "Even-10-A-5";
998 1 1 983,1507 "Even-10-B-5";
999 1 1 984,1517 "Even-10-B-0";
1000 1 1 1002,1504 "Even-10-A-6";
1001 1 1 1002,1505 "Even-10-B-6";
1002 1 0 1003,1004 "Even-10-S-7";
1003 1 1 1005,1502 "Even-10-A-7";
1004 1 1 1005,1503 "Even-10-B-7";
1005 1 0 1006,1007 "Even-10-S-8";
1006 1 1 1008,1500 "Even-10-A-8";
1007 1 1 1008,1501 "Even-10-B-8";
1008 1 0 1009,1010 "Even-10-S-9";
1009 1 1 1011,1498 "Even-10-A-9";
1010 1 1 1011,1499 "Even-10-B-9";
1011 1 0 1470,1495,1493,1491,1489,1487,1485,1483,1481,1479,1477,1475 "Even-10-Z";
1012 1 0 1541,687 "Odd-10-T";
1013 1 0 1014,1031 "Even-11-S-0";
1014 1 1 1080,1516 "Even-11-A-0";
1015 1 0 1032,1033 "Even-9-S-5";
1016 1 0 1017,1018 "Even-9-S-0";
1017 1 1 1019,1516 "Even-9-A-0";
1018 1 1 1019,1517 "Even-9-B-0";
1019 1 0 1020,1021 "Even-9-S-1";
1020 1 1 1022,1514 "Even-9-A-1";
1021 1 1 1022,1515 "Even-9-B-1";
1022 1 0 1023,1024 "Even-9-S-2";
1023 1 1 1025,1512 "Even-9-A-2";
1024 1 1 1025,1513 "Even-9-B-2";
1025 1 0 1026,1027 "Even-9-S-3";
1026 1 1 1028,1510 "Even-9-A-3";
1027 1 1 1028,1511 "Even-9-B-3";
1028 1 0 1029,1030 "Even-9-S-4";
1029 1 1 1015,1508 "Even-9-A-4";
1030 1 1 1015,1509 "Even-9-B-4";
1031 1 1 1080,1517 "Even-11-B-0";
1032 1 1 1034,1506 "Even-9-A-5";
1033 1 1 1034,1507 "Even-9-B-5";
1034 1 0 1035,1036 "Even-9-S-6";
1035 1 1 1037,1504 "Even-9-A-6";
1036 1 1 1037,1505 "Even-9-B-6";
1037 1 0 1038,1039 "Even-9-S-7";
1038 1 1 1040,1502 "Even-9-A-7";
1039 1 1 1040,1503 "Even-9-B-7";
1040 1 0 1041,1042 "Even-9-S-8";
1041 1 1 1043,1500 "Even-9-A-8";
1042 1 1 1043,1501 "Even-9-B-8";
1043 1 0 1465,1497,1495,1493,1491,1489,1487,1485,1483,1481,1479,1477,1475 "Even-9-Z";
1044 1 0 1543,686 "Odd-9-T";
1045 1 0 1046,999 "Even-10-S-0";
1046 1 1 984,1516 "Even-10-A-0";
1047 1 1 1064,1509 "Even-12-B-4";
1048 1 0 1539,109 "Odd-11-T";
1049 1 0 1050,1051 "Even-12-S-0";
1050 1 1 1052,1516 "Even-12-A-0";
1051 1 1 1052,1517 "Even-12-B-0";
1052 1 0 1053,1054 "Even-12-S-1";
1053 1 1 1055,1514 "Even-12-A-1";
1054 1 1 1055,1515 "Even-12-B-1";
1055 1 0 1056,1057 "Even-12-S-2";
1056 1 1 1058,1512 "Even-12-A-2";
1057 1 1 1058,1513 "Even-12-B-2";
1058 1 0 1059,1060 "Even-12-S-3";
1059 1 1 1061,1510 "Even-12-A-3";
1060 1 1 1061,1511 "Even-12-B-3";
1061 1 0 1062,1047 "Even-12-S-4";
1062 1 1 1064,1508 "Even-12-A-4";
1063 1 0 1467,1493,1491,1489,1487,1485,1483,1481,1479,1477,1475 "Even-11-Z";
1064 1 0 1065,1066 "Even-12-S-5";
1065 1 1 1067,1506 "Even-12-A-5";
1066 1 1 1067,1507 "Even-12-B-5";
1067 1 0 1068,1069 "Even-12-S-6";
1068 1 1 1070,1504 "Even-12-A-6";
1069 1 1 1070,1505 "Even-12-B-6";
1070 1 0 1071,1072 "Even-12-S-7";
1071 1 1 1073,1502 "Even-12-A-7";
1072 1 1 1073,1503 "Even-12-B-7";
1073 1 0 1074,1075 "Even-12-S-8";
1074 1 1 1076,1500 "Even-12-A-8";
1075 1 1 1076,1501 "Even-12-B-8";
1076 1 0 1077,1078 "Even-12-S-9";
1077 1 1 1431,1498 "Even-12-A-9";
1078 1 1 1431,1499 "Even-12-B-9";
1079 1 0 1096,1097 "Even-11-S-6";
1080 1 0 1081,1082 "Even-11-S-1";
1081 1 1 1083,1514 "Even-11-A-1";
1082 1 1 1083,1515 "Even-11-B-1";
1083 1 0 1084,1085 "Even-11-S-2";
1084 1 1 1086,1512 "Even-11-A-2";
1085 1 1 1086,1513 "Even-11-B-2";
1086 1 0 1087,1088 "Even-11-S-3";
1087 1 1 1089,1510 "Even-11-A-3";
1088 1 1 1089,1511 "Even-11-B-3";
1089 1 0 1090,1091 "Even-11-S-4";
1090 1 1 1092,1508 "Even-11-A-4";
1091 1 1 1092,1509 "Even-11-B-4";
1092 1 0 1093,1094 "Even-11-S-5";
1093 1 1 1079,1506 "Even-11-A-5";
1094 1 1 1079,1507 "Even-11-B-5";
1095 1 0 1545,469 "Odd-8-T";
1096 1 1 1098,1504 "Even-11-A-6";
1097 1 1 1098,1505 "Even-11-B-6";
1098 1 0 1099,1100 "Even-11-S-7";
1099 1 1 1101,1502 "Even-11-A-7";
1100 1 1 1101,1503 "Even-11-B-7";
1101 1 0 1102,1103 "Even-11-S-8";
1102 1 1 1104,1500 "Even-11-A-8";
1103 1 1 1104,1501 "Even-11-B-8";
1104 1 0 1105,1106 "Even-11-S-9";
1105 1 1 1107,1498 "Even-11-A-9";
1106 1 1 1107,1499 "Even-11-B-9";
1107 1 0 1108,1109 "Even-11-S-10";
1108 1 1 1063,1496 "Even-11-A-10";
1109 1 1 1063,1497 "Even-11-B-10";
1110 1 0 1127,1128 "Even-5-S-2";
1111 1 1 1112,1515 "Even-4-B-1";
1112 1 0 1113,1114 "Even-4-S-2";
1113 1 1 1115,1512 "Even-4-A-2";
1114 1 1 1115,1513 "Even-4-B-2";
1115 1 0 1116,1117 "Even-4-S-3";
1116 1 1 1118,1510 "Even-4-A-3";
1117 1 1 1118,1511 "Even-4-B-3";
1118 1 0 1452,1507,1505,1503,1501,1499,1497,1495,1493,1491,1489,1487,1485,1483,1481,1479,1477,1475 "Even-4-Z";
1119 1 0 1553,581 "Odd-4-T";
1120 1 0 1121,1122 "Even-5-S-0";
1121 1 1 1123,1516 "Even-5-A-0";
1122 1 1 1123,1517 "Even-5-B-0";
1123 1 0 1124,1125 "Even-5-S-1";
1124 1 1 1110,1514 "Even-5-A-1";
1125 1 1 1110,1515 "Even-5-B-1";
1126 1 1 1112,1514 "Even-4-A-1";
1127 1 1 1129,1512 "Even-5-A-2";
1128 1 1 1129,1513 "Even-5-B-2";
1129 1 0 1130,1131 "Even-5-S-3";
1130 1 1 1132,1510 "Even-5-A-3";
1131 1 1 1132,1511 "Even-5-B-3";
1132 1 0 1133,1134 "Even-5-S-4";
1133 1 1 1135,1508 "Even-5-A-4";
1134 1 1 1135,1509 "Even-5-B-4";
1135 1 0 1460,1505,1503,1501,1499,1497,1495,1493,1491,1489,1487,1485,1483,1481,1479,1477,1475 "Even-5-Z";
1136 1 0 1551,594 "Odd-5-T";
1137 1 0 1138,1139 "Even-6-S-0";
1138 1 1 1140,1516 "Even-6-A-0";
1139 1 1 1140,1517 "Even-6-B-0";
1140 1 0 1141,1158 "Even-6-S-1";
1141 1 1 1206,1514 "Even-6-A-1";
1142 1 0 1159,1160 "Even-3-S-0";
1143 1 0 1454,1515,1513,1511,1509,1507,1505,1503,1501,1499,1497,1495,1493,1491,1489,1487,1485,1483,1481,1479,1477,1475 "Even-0-Z";
1144 1 0 1561,554 "Odd-0-T";
1145 1 0 1146,1147 "Even-1-S-0";
1146 1 1 1148,1516 "Even-1-A-0";
1147 1 1 1148,1517 "Even-1-B-0";
1148 1 0 1455,1513,1511,1509,1507,1505,1503,1501,1499,1497,1495,1493,1491,1489,1487,1485,1483,1481,1479,1477,1475 "Even-1-Z";
1149 1 0 1559,565 "Odd-1-T";
1150 1 0 1151,1152 "Even-2-S-0";
1151 1 1 1153,1516 "Even-2-A-0";
1152 1 1 1153,1517 "Even-2-B-0";
1153 1 0 1154,1155 "Even-2-S-1";
1154 1 1 1156,1514 "Even-2-A-1";
1155 1 1 1156,1515 "Even-2-B-1";
1156 1 0 1457,1511,1509,1507,1505,1503,1501,1499,1497,1495,1493,1491,1489,1487,1485,1483,1481,1479,1477,1475 "Even-2-Z";
1157 1 0 1557,529 "Odd-2-T";
1158 1 1 1206,1515 "Even-6-B-1";
1159 1 1 1161,1516 "Even-3-A-0";
1160 1 1 1161,1517 "Even-3-B-0";
1161 1 0 1162,1163 "Even-3-S-1";
1162 1 1 1164,1514 "Even-3-A-1";
1163 1 1 1164,1515 "Even-3-B-1";
1164 1 0 1165,1166 "Even-3-S-2";
1165 1 1 1167,1512 "Even-3-A-2";
1166 1 1 1167,1513 "Even-3-B-2";
1167 1 0 1459,1509,1507,1505,1503,1501,1499,1497,1495,1493,1491,1489,1487,1485,1483,1481,1479,1477,1475 "Even-3-Z";
1168 1 0 1555,604 "Odd-3-T";
1169 1 0 1170,1171 "Even-4-S-0";
1170 1 1 1172,1516 "Even-4-A-0";
1171 1 1 1172,1517 "Even-4-B-0";
1172 1 0 1126,1111 "Even-4-S-1";
1173 1 0 1190,1191 "Even-8-S-3";
1174 1 1 1175,1507 "Even-7-B-5";
1175 1 0 1176,1177 "Even-7-S-6";
1176 1 1 1178,1504 "Even-7-A-6";
1177 1 1 1178,1505 "Even-7-B-6";
1178 1 0 1463,1501,1499,1497,1495,1493,1491,1489,1487,1485,1483,1481,1479,1477,1475 "Even-7-Z";
1179 1 0 1547,429 "Odd-7-T";
1180 1 0 1181,1182 "Even-8-S-0";
1181 1 1 1183,1516 "Even-8-A-0";
1182 1 1 1183,1517 "Even-8-B-0";
1183 1 0 1184,1185 "Even-8-S-1";
1184 1 1 1186,1514 "Even-8-A-1";
1185 1 1 1186,1515 "Even-8-B-1";
1186 1 0 1187,1188 "Even-8-S-2";
1187 1 1 1173,1512 "Even-8-A-2";
1188 1 1 1173,1513 "Even-8-B-2";
1189 1 1 1175,1506 "Even-7-A-5";
1190 1 1 1192,1510 "Even-8-A-3";
1191 1 1 1192,1511 "Even-8-B-3";
1192 1 0 1193,1194 "Even-8-S-4";
1193 1 1 1195,1508 "Even-8-A-4";
1194 1 1 1195,1509 "Even-8-B-4";
1195 1 0 1196,1197 "Even-8-S-5";
1196 1 1 1198,1506 "Even-8-A-5";
1197 1 1 1198,1507 "Even-8-B-5";
1198 1 0 1199,1200 "Even-8-S-6";
1199 1 1 1201,1504 "Even-8-A-6";
1200 1 1 1201,1505 "Even-8-B-6";
1201 1 0 1202,1203 "Even-8-S-7";
1202 1 1 1204,1502 "Even-8-A-7";
1203 1 1 1204,1503 "Even-8-B-7";
1204 1 0 1469,1499,1497,1495,1493,1491,1489,1487,1485,1483,1481,1479,1477,1475 "Even-8-Z";
1205 1 1 1223,1516 "Even-7-A-0";
1206 1 0 1207,1208 "Even-6-S-2";
1207 1 1 1209,1512 "Even-6-A-2";
1208 1 1 1209,1513 "Even-6-B-2";
1209 1 0 1210,1211 "Even-6-S-3";
1210 1 1 1212,1510 "Even-6-A-3";
1211 1 1 1212,1511 "Even-6-B-3";
1212 1 0 1213,1214 "Even-6-S-4";
1213 1 1 1215,1508 "Even-6-A-4";
1214 1 1 1215,1509 "Even-6-B-4";
1215 1 0 1216,1217 "Even-6-S-5";
1216 1 1 1218,1506 "Even-6-A-5";
1217 1 1 1218,1507 "Even-6-B-5";
1218 1 0 1458,1503,1501,1499,1497,1495,1493,1491,1489,1487,1485,1483,1481,1479,1477,1475 "Even-6-Z";
1219 1 0 1549,453 "Odd-6-T";
1220 1 0 1205,1222 "Even-7-S-0";
1221 1 1 1329,1501 "Even-17-B-8";
1222 1 1 1223,1517 "Even-7-B-0";
1223 1 0 1224,1225 "Even-7-S-1";
1224 1 1 1226,1514 "Even-7-A-1";
1225 1 1 1226,1515 "Even-7-B-1";
1226 1 0 1227,1228 "Even-7-S-2";
1227 1 1 1229,1512 "Even-7-A-2";
1228 1 1 1229,1513 "Even-7-B-2";
1229 1 0 1230,1231 "Even-7-S-3";
1230 1 1 1232,1510 "Even-7-A-3";
1231 1 1 1232,1511 "Even-7-B-3";
1232 1 0 1233,1234 "Even-7-S-4";
1233 1 1 1235,1508 "Even-7-A-4";
1234 1 1 1235,1509 "Even-7-B-4";
1235 1 0 1189,1174 "Even-7-S-5";
1236 1 0 1531,399 "Odd-15-T";
1237 1 1 1239,1496 "Even-15-A-10";
1238 1 1 1239,1497 "Even-15-B-10";
1239 1 0 1240,1241 "Even-15-S-11";
1240 1 1 1242,1494 "Even-15-A-11";
1241 1 1 1242,1495 "Even-15-B-11";
1242 1 0 1243,1244 "Even-15-S-12";
1243 1 1 1245,1492 "Even-15-A-12";
1244 1 1 1245,1493 "Even-15-B-12";
1245 1 0 1246,1247 "Even-15-S-13";
1246 1 1 1248,1490 "Even-15-A-13";
1247 1 1 1248,1491 "Even-15-B-13";
1248 1 0 1249,1250 "Even-15-S-14";
1249 1 1 1251,1488 "Even-15-A-14";
1250 1 1 1251,1489 "Even-15-B-14";
1251 1 0 1462,1485,1483,1481,1479,1477,1475 "Even-15-Z";
1252 1 0 1237,1238 "Even-15-S-10";
1253 1 0 1254,1255 "Even-16-S-0";
1254 1 1 1256,1516 "Even-16-A-0";
1255 1 1 1256,1517 "Even-16-B-0";
1256 1 0 1257,1258 "Even-16-S-1";
1257 1 1 1259,1514 "Even-16-A-1";
1258 1 1 1259,1515 "Even-16-B-1";
1259 1 0 1260,1261 "Even-16-S-2";
1260 1 1 1262,1512 "Even-16-A-2";
1261 1 1 1262,1513 "Even-16-B-2";
1262 1 0 1263,1264 "Even-16-S-3";
1263 1 1 1265,1510 "Even-16-A-3";
1264 1 1 1265,1511 "Even-16-B-3";
1265 1 0 1266,1267 "Even-16-S-4";
1266 1 1 1284,1508 "Even-16-A-4";
1267 1 1 1284,1509 "Even-16-B-4";
1268 1 1 1285,1509 "Even-15-B-4";
1269 1 0 1533,338 "Odd-14-T";
1270 1 0 1271,1272 "Even-15-S-0";
1271 1 1 1273,1516 "Even-15-A-0";
1272 1 1 1273,1517 "Even-15-B-0";
1273 1 0 1274,1275 "Even-15-S-1";
1274 1 1 1276,1514 "Even-15-A-1";
1275 1 1 1276,1515 "Even-15-B-1";
1276 1 0 1277,1278 "Even-15-S-2";
1277 1 1 1279,1512 "Even-15-A-2";
1278 1 1 1279,1513 "Even-15-B-2";
1279 1 0 1280,1281 "Even-15-S-3";
1280 1 1 1282,1510 "Even-15-A-3";
1281 1 1 1282,1511 "Even-15-B-3";
1282 1 0 1283,1268 "Even-15-S-4";
1283 1 1 1285,1508 "Even-15-A-4";
1284 1 0 1331,1332 "Even-16-S-5";
1285 1 0 1286,1287 "Even-15-S-5";
1286 1 1 1288,1506 "Even-15-A-5";
1287 1 1 1288,1507 "Even-15-B-5";
1288 1 0 1289,1290 "Even-15-S-6";
1289 1 1 1291,1504 "Even-15-A-6";
1290 1 1 1291,1505 "Even-15-B-6";
1291 1 0 1292,1293 "Even-15-S-7";
1292 1 1 1294,1502 "Even-15-A-7";
1293 1 1 1294,1503 "Even-15-B-7";
1294 1 0 1295,1296 "Even-15-S-8";
1295 1 1 1297,1500 "Even-15-A-8";
1296 1 1 1297,1501 "Even-15-B-8";
1297 1 0 780,1298 "Even-15-S-9";
1298 1 1 1252,1499 "Even-15-B-9";
1299 1 0 1316,1317 "Even-17-S-4";
1300 1 1 1301,1487 "Even-16-B-15";
1301 1 0 1468,1483,1481,1479,1477,1475 "Even-16-Z";
1302 1 0 1529,231 "Odd-16-T";
1303 1 0 1304,1305 "Even-17-S-0";
1304 1 1 1306,1516 "Even-17-A-0";
1305 1 1 1306,1517 "Even-17-B-0";
1306 1 0 1307,1308 "Even-17-S-1";
1307 1 1 1309,1514 "Even-17-A-1";
1308 1 1 1309,1515 "Even-17-B-1";
1309 1 0 1310,1311 "Even-17-S-2";
1310 1 1 1312,1512 "Even-17-A-2";
1311 1 1 1312,1513 "Even-17-B-2";
1312 1 0 1313,1314 "Even-17-S-3";
1313 1 1 1299,1510 "Even-17-A-3";
1314 1 1 1299,1511 "Even-17-B-3";
1315 1 1 1301,1486 "Even-16-A-15";
1316 1 1 1318,1508 "Even-17-A-4";
1317 1 1 1318,1509 "Even-17-B-4";
1318 1 0 1319,1320 "Even-17-S-5";
1319 1 1 1321,1506 "Even-17-A-5";
1320 1 1 1321,1507 "Even-17-B-5";
1321 1 0 1322,1323 "Even-17-S-6";
1322 1 1 1324,1504 "Even-17-A-6";
1323 1 1 1324,1505 "Even-17-B-6";
1324 1 0 1325,1326 "Even-17-S-7";
1325 1 1 1327,1502 "Even-17-A-7";
1326 1 1 1327,1503 "Even-17-B-7";
1327 1 0 1328,1221 "Even-17-S-8";
1328 1 1 1329,1500 "Even-17-A-8";
1329 1 0 738,717 "Even-17-S-9";
1330 1 1 1348,1496 "Even-16-A-10";
1331 1 1 1333,1506 "Even-16-A-5";
1332 1 1 1333,1507 "Even-16-B-5";
1333 1 0 1334,1335 "Even-16-S-6";
1334 1 1 1336,1504 "Even-16-A-6";
1335 1 1 1336,1505 "Even-16-B-6";
1336 1 0 1337,1338 "Even-16-S-7";
1337 1 1 1339,1502 "Even-16-A-7";
1338 1 1 1339,1503 "Even-16-B-7";
1339 1 0 1340,1341 "Even-16-S-8";
1340 1 1 1342,1500 "Even-16-A-8";
1341 1 1 1342,1501 "Even-16-B-8";
1342 1 0 1343,1344 "Even-16-S-9";
1343 1 1 1345,1498 "Even-16-A-9";
1344 1 1 1345,1499 "Even-16-B-9";
1345 1 0 1330,1347 "Even-16-S-10";
1346 1 1 1429,1496 "Even-12-A-10";
1347 1 1 1348,1497 "Even-16-B-10";
1348 1 0 1349,1350 "Even-16-S-11";
1349 1 1 1351,1494 "Even-16-A-11";
1350 1 1 1351,1495 "Even-16-B-11";
1351 1 0 1352,1353 "Even-16-S-12";
1352 1 1 1354,1492 "Even-16-A-12";
1353 1 1 1354,1493 "Even-16-B-12";
1354 1 0 1355,1356 "Even-16-S-13";
1355 1 1 1357,1490 "Even-16-A-13";
1356 1 1 1357,1491 "Even-16-B-13";
1357 1 0 1358,1359 "Even-16-S-14";
1358 1 1 1360,1488 "Even-16-A-14";
1359 1 1 1360,1489 "Even-16-B-14";
1360 1 0 1315,1300 "Even-16-S-15";
1361 1 0 1374,1376 "Even-14-S-2";
1362 1 1 1408,1504 "Even-13-A-6";
1363 1 0 1362,1373 "Even-13-S-6";
1364 1 1 1363,1507 "Even-13-B-5";
1365 1 1 1363,1506 "Even-13-A-5";
1366 1 0 1365,1364 "Even-13-S-5";
1367 1 1 1366,1509 "Even-13-B-4";
1368 1 1 1366,1508 "Even-13-A-4";
1369 1 0 1371,1372 "Even-14-S-1";
1370 1 0 1368,1367 "Even-13-S-4";
1371 1 1 1361,1514 "Even-14-A-1";
1372 1 1 1361,1515 "Even-14-B-1";
1373 1 1 1408,1505 "Even-13-B-6";
1374 1 1 1380,1512 "Even-14-A-2";
1375 1 1 1370,1511 "Even-13-B-3";
1376 1 1 1380,1513 "Even-14-B-2";
1377 1 1 1370,1510 "Even-13-A-3";
1378 1 0 1377,1375 "Even-13-S-3";
1379 1 1 1378,1513 "Even-13-B-2";
1380 1 0 1381,1382 "Even-14-S-3";
1381 1 1 1397,1510 "Even-14-A-3";
1382 1 1 1397,1511 "Even-14-B-3";
1383 1 1 1411,1508 "Even-14-A-4";
1384 1 1 1411,1509 "Even-14-B-4";
1385 1 1 1396,1499 "Even-13-B-9";
1386 1 0 1461,1489,1487,1485,1483,1481,1479,1477,1475 "Even-13-Z";
1387 1 0 1535,2 "Odd-13-T";
1388 1 1 1386,1493 "Even-13-B-12";
1389 1 1 1386,1492 "Even-13-A-12";
1390 1 0 1389,1388 "Even-13-S-12";
1391 1 1 1390,1495 "Even-13-B-11";
1392 1 1 1390,1494 "Even-13-A-11";
1393 1 0 1392,1391 "Even-13-S-11";
1394 1 1 1393,1497 "Even-13-B-10";
1395 1 1 1393,1496 "Even-13-A-10";
1396 1 0 1395,1394 "Even-13-S-10";
1397 1 0 1383,1384 "Even-14-S-4";
1398 1 1 1396,1498 "Even-13-A-9";
1399 1 0 1398,1385 "Even-13-S-9";
1400 1 1 1399,1501 "Even-13-B-8";
1401 1 1 1399,1500 "Even-13-A-8";
1402 1 0 1401,1400 "Even-13-S-8";
1403 1 1 1402,1503 "Even-13-B-7";
1404 1 1 1402,1502 "Even-13-A-7";
1405 1 0 1406,1407 "Even-14-S-0";
1406 1 1 1369,1516 "Even-14-A-0";
1407 1 1 1369,1517 "Even-14-B-0";
1408 1 0 1404,1403 "Even-13-S-7";
1409 1 1 1424,1492 "Even-14-A-12";
1410 1 0 1415,1418 "Even-14-S-11";
1411 1 0 1434,1435 "Even-14-S-5";
1412 1 1 1446,1514 "Even-13-A-1";
1413 1 0 1412,1421 "Even-13-S-1";
1414 1 1 1413,1517 "Even-13-B-0";
1415 1 1 1420,1494 "Even-14-A-11";
1416 1 1 1413,1516 "Even-13-A-0";
1417 1 0 1416,1414 "Even-13-S-0";
1418 1 1 1420,1495 "Even-14-B-11";
1419 1 0 1537,172 "Odd-12-T";
1420 1 0 1409,1422 "Even-14-S-12";
1421 1 1 1446,1515 "Even-13-B-1";
1422 1 1 1424,1493 "Even-14-B-12";
1423 1 0 1453,1491,1489,1487,1485,1483,1481,1479,1477,1475 "Even-12-Z";
1424 1 0 1425,1426 "Even-14-S-13";
1425 1 1 1432,1490 "Even-14-A-13";
1426 1 1 1432,1491 "Even-14-B-13";
1427 1 1 1423,1495 "Even-12-B-11";
1428 1 1 1423,1494 "Even-12-A-11";
1429 1 0 1428,1427 "Even-12-S-11";
1430 1 1 1429,1497 "Even-12-B-10";
1431 1 0 1346,1430 "Even-12-S-10";
1432 1 0 1466,1487,1485,1483,1481,1479,1477,1475 "Even-14-Z";
1433 1 0 1443,1444 "Even-14-S-8";
1434 1 1 1436,1506 "Even-14-A-5";
1435 1 1 1436,1507 "Even-14-B-5";
1436 1 0 1438,1439 "Even-14-S-6";
1437 1 1 1378,1512 "Even-13-A-2";
1438 1 1 1440,1504 "Even-14-A-6";
1439 1 1 1440,1505 "Even-14-B-6";
1440 1 0 1441,1442 "Even-14-S-7";
1441 1 1 1433,1502 "Even-14-A-7";
1442 1 1 1433,1503 "Even-14-B-7";
1443 1 1 1449,1500 "Even-14-A-8";
1444 1 1 1449,1501 "Even-14-B-8";
1445 1 1 1451,1498 "Even-14-A-9";
1446 1 0 1437,1379 "Even-13-S-2";
1447 1 1 1451,1499 "Even-14-B-9";
1448 1 1 1410,1497 "Even-14-B-10";
1449 1 0 1445,1447 "Even-14-S-9";
1450 1 1 1410,1496 "Even-14-A-10";
1451 1 0 1450,1448 "Even-14-S-10";
1452 2 1 1552,1169 "Even-4-T";
1453 2 1 1536,1049 "Even-12-T";
1454 2 1 1560,1143 "Even-0-T";
1455 2 1 1558,1145 "Even-1-T";
1456 2 1 1526,1303 "Even-17-T";
1457 2 1 1556,1150 "Even-2-T";
1458 2 1 1548,1137 "Even-6-T";
1459 2 1 1554,1142 "Even-3-T";
1460 2 1 1550,1120 "Even-5-T";
1461 2 1 1534,1417 "Even-13-T";
1462 2 1 1530,1270 "Even-15-T";
1463 2 1 1546,1220 "Even-7-T";
1464 2 1 1524,720 "Even-18-T";
1465 2 1 1542,1016 "Even-9-T";
1466 2 1 1532,1405 "Even-14-T";
1467 2 1 1538,1013 "Even-11-T";
1468 2 1 1528,1253 "Even-16-T";
1469 2 1 1544,1180 "Even-8-T";
1470 2 1 1540,1045 "Even-10-T";
1471 2 1 1520,791 "Even-20-T";
1472 2 1 1518,836 "Even-21-T";
1473 2 1 1522,881 "Even-19-T";
1474 3 1 1472 "Even-21-L";
1475 4 0 718 "Odd-21-L";
1476 5 1 1471 "Even-20-L";
1477 6 0 859 "Odd-20-L";
1478 7 1 1473 "Even-19-L";
1479 8 0 736 "Odd-19-L";
1480 9 1 1464 "Even-18-L";
1481 10 0 947 "Odd-18-L";
1482 11 1 1456 "Even-17-L";
1483 12 0 779 "Odd-17-L";
1484 13 1 1468 "Even-16-L";
1485 14 0 1302 "Odd-16-L";
1486 15 1 1462 "Even-15-L";
1487 16 0 1236 "Odd-15-L";
1488 17 1 1466 "Even-14-L";
1489 18 0 1269 "Odd-14-L";
1490 19 1 1461 "Even-13-L";
1491 20 0 1387 "Odd-13-L";
1492 21 1 1453 "Even-12-L";
1493 22 0 1419 "Odd-12-L";
1494 23 1 1467 "Even-11-L";
1495 24 0 1048 "Odd-11-L";
1496 25 1 1470 "Even-10-L";
1497 26 0 1012 "Odd-10-L";
1498 27 1 1465 "Even-9-L";
1499 28 0 1044 "Odd-9-L";
1500 29 1 1469 "Even-8-L";
1501 30 0 1095 "Odd-8-L";
1502 31 1 1463 "Even-7-L";
1503 32 0 1179 "Odd-7-L";
1504 33 1 1458 "Even-6-L";
1505 34 0 1219 "Odd-6-L";
1506 35 1 1460 "Even-5-L";
1507 36 0 1136 "Odd-5-L";
1508 37 1 1452 "Even-4-L";
1509 38 0 1119 "Odd-4-L";
1510 39 1 1459 "Even-3-L";
1511 40 0 1168 "Odd-3-L";
1512 41 1 1457 "Even-2-L";
1513 42 0 1157 "Odd-2-L";
1514 43 1 1455 "Even-1-L";
1515 44 0 1149 "Odd-1-L";
1516 45 1 1454 "Even-0-L";
1517 46 0 1144 "Odd-0-L";
1518 48 0 1476 "Even-21-H";
1519 49 1 1477 "Odd-21-H";
1520 50 0 1478 "Even-20-H";
1521 51 1 1479 "Odd-20-H";
1522 52 0 1480 "Even-19-H";
1523 53 1 1481 "Odd-19-H";
1524 54 0 1482 "Even-18-H";
1525 55 1 1483 "Odd-18-H";
1526 56 0 1484 "Even-17-H";
1527 57 1 1485 "Odd-17-H";
1528 58 0 1486 "Even-16-H";
1529 59 1 1487 "Odd-16-H";
1530 60 0 1488 "Even-15-H";
1531 61 1 1489 "Odd-15-H";
1532 62 0 1490 "Even-14-H";
1533 63 1 1491 "Odd-14-H";
1534 64 0 1492 "Even-13-H";
1535 65 1 1493 "Odd-13-H";
1536 66 0 1494 "Even-12-H";
1537 67 1 1495 "Odd-12-H";
1538 68 0 1496 "Even-11-H";
1539 69 1 1497 "Odd-11-H";
1540 70 0 1498 "Even-10-H";
1541 71 1 1499 "Odd-10-H";
1542 72 0 1500 "Even-9-H";
1543 73 1 1501 "Odd-9-H";
1544 74 0 1502 "Even-8-H";
1545 75 1 1503 "Odd-8-H";
1546 76 0 1504 "Even-7-H";
1547 77 1 1505 "Odd-7-H";
1548 78 0 1506 "Even-6-H";
1549 79 1 1507 "Odd-6-H";
1550 80 0 1508 "Even-5-H";
1551 81 1 1509 "Odd-5-H";
1552 82 0 1510 "Even-4-H";
1553 83 1 1511 "Odd-4-H";
1554 84 0 1512 "Even-3-H";
1555 85 1 1513 "Odd-3-H";
1556 86 0 1514 "Even-2-H";
1557 87 1 1515 "Odd-2-H";
1558 88 0 1516 "Even-1-H";
1559 89 1 1517 "Odd-1-H";
1560 90 0 1474 "Even-0-H";
1561 91 1 1475 "Odd-0-H";
