parity 2322;
0 0 0 11,2238 "Odd-19-B-14";
1 0 0 46,2231 "Odd-19-A-18";
2 0 1 1,12 "Odd-19-S-18";
3 0 0 2,2232 "Odd-19-B-17";
4 0 0 2,2233 "Odd-19-A-17";
5 0 1 4,3 "Odd-19-S-17";
6 0 0 5,2234 "Odd-19-B-16";
7 0 0 5,2235 "Odd-19-A-16";
8 0 1 7,6 "Odd-19-S-16";
9 0 0 8,2236 "Odd-19-B-15";
10 0 0 8,2237 "Odd-19-A-15";
11 0 1 10,9 "Odd-19-S-15";
12 0 0 46,2230 "Odd-19-B-18";
13 0 0 11,2239 "Odd-19-A-14";
14 0 1 13,0 "Odd-19-S-14";
15 0 0 14,2240 "Odd-19-B-13";
16 0 0 14,2241 "Odd-19-A-13";
17 0 1 16,15 "Odd-19-S-13";
18 0 0 17,2242 "Odd-19-B-12";
19 0 0 17,2243 "Odd-19-A-12";
20 0 1 19,18 "Odd-19-S-12";
21 0 0 20,2244 "Odd-19-B-11";
22 0 0 20,2245 "Odd-19-A-11";
23 0 1 22,21 "Odd-19-S-11";
24 0 1 35,34 "Odd-20-S-3";
25 0 0 83,2254 "Odd-20-B-6";
26 0 0 83,2255 "Odd-20-A-6";
27 0 1 26,25 "Odd-20-S-6";
28 0 0 27,2256 "Odd-20-B-5";
29 0 0 27,2257 "Odd-20-A-5";
30 0 1 29,28 "Odd-20-S-5";
31 0 0 30,2258 "Odd-20-B-4";
32 0 0 30,2259 "Odd-20-A-4";
33 0 1 32,31 "Odd-20-S-4";
34 0 0 33,2260 "Odd-20-B-3";
35 0 0 33,2261 "Odd-20-A-3";
36 0 0 23,2246 "Odd-19-B-10";
37 0 0 24,2262 "Odd-20-B-2";
38 0 0 24,2263 "Odd-20-A-2";
39 0 1 38,37 "Odd-20-S-2";
40 0 0 39,2264 "Odd-20-B-1";
41 0 0 39,2265 "Odd-20-A-1";
42 0 1 41,40 "Odd-20-S-1";
43 0 0 42,2266 "Odd-20-B-0";
44 0 0 42,2267 "Odd-20-A-0";
45 0 1 44,43 "Odd-20-S-0";
46 0 1 2070,2228,2226,2224,2222,2220,2218,2216,2214 "Odd-19-Z";
47 0 0 57,2233 "Odd-18-A-17";
48 0 0 59,2262 "Odd-19-B-2";
49 0 0 59,2263 "Odd-19-A-2";
50 0 1 49,48 "Odd-19-S-2";
51 0 0 50,2264 "Odd-19-B-1";
52 0 0 50,2265 "Odd-19-A-1";
53 0 1 52,51 "Odd-19-S-1";
54 0 0 53,2266 "Odd-19-B-0";
55 0 0 53,2267 "Odd-19-A-0";
56 0 1 55,54 "Odd-19-S-0";
57 0 1 1652,2230,2228,2226,2224,2222,2220,2218,2216,2214 "Odd-18-Z";
58 0 0 57,2232 "Odd-18-B-17";
59 0 1 93,92 "Odd-19-S-3";
60 0 1 47,58 "Odd-18-S-17";
61 0 0 60,2234 "Odd-18-B-16";
62 0 0 60,2235 "Odd-18-A-16";
63 0 1 62,61 "Odd-18-S-16";
64 0 0 63,2236 "Odd-18-B-15";
65 0 0 63,2237 "Odd-18-A-15";
66 0 1 65,64 "Odd-18-S-15";
67 0 0 66,2238 "Odd-18-B-14";
68 0 0 66,2239 "Odd-18-A-14";
69 0 1 68,67 "Odd-18-S-14";
70 0 0 69,2240 "Odd-18-B-13";
71 0 0 82,2254 "Odd-19-B-6";
72 0 0 23,2247 "Odd-19-A-10";
73 0 1 72,36 "Odd-19-S-10";
74 0 0 73,2248 "Odd-19-B-9";
75 0 0 73,2249 "Odd-19-A-9";
76 0 1 75,74 "Odd-19-S-9";
77 0 0 76,2250 "Odd-19-B-8";
78 0 0 76,2251 "Odd-19-A-8";
79 0 1 78,77 "Odd-19-S-8";
80 0 0 79,2252 "Odd-19-B-7";
81 0 0 79,2253 "Odd-19-A-7";
82 0 1 81,80 "Odd-19-S-7";
83 0 1 164,163 "Odd-20-S-7";
84 0 0 82,2255 "Odd-19-A-6";
85 0 1 84,71 "Odd-19-S-6";
86 0 0 85,2256 "Odd-19-B-5";
87 0 0 85,2257 "Odd-19-A-5";
88 0 1 87,86 "Odd-19-S-5";
89 0 0 88,2258 "Odd-19-B-4";
90 0 0 88,2259 "Odd-19-A-4";
91 0 1 90,89 "Odd-19-S-4";
92 0 0 91,2260 "Odd-19-B-3";
93 0 0 91,2261 "Odd-19-A-3";
94 0 0 104,2255 "Odd-21-A-6";
95 0 1 106,140 "Odd-21-S-10";
96 0 0 95,2248 "Odd-21-B-9";
97 0 0 95,2249 "Odd-21-A-9";
98 0 1 97,96 "Odd-21-S-9";
99 0 0 98,2250 "Odd-21-B-8";
100 0 0 98,2251 "Odd-21-A-8";
101 0 1 100,99 "Odd-21-S-8";
102 0 0 101,2252 "Odd-21-B-7";
103 0 0 101,2253 "Odd-21-A-7";
104 0 1 103,102 "Odd-21-S-7";
105 0 0 104,2254 "Odd-21-B-6";
106 0 0 139,2247 "Odd-21-A-10";
107 0 1 94,105 "Odd-21-S-6";
108 0 0 107,2256 "Odd-21-B-5";
109 0 0 107,2257 "Odd-21-A-5";
110 0 1 109,108 "Odd-21-S-5";
111 0 0 110,2258 "Odd-21-B-4";
112 0 0 110,2259 "Odd-21-A-4";
113 0 1 112,111 "Odd-21-S-4";
114 0 0 113,2260 "Odd-21-B-3";
115 0 0 113,2261 "Odd-21-A-3";
116 0 1 115,114 "Odd-21-S-3";
117 0 0 116,2262 "Odd-21-B-2";
118 0 1 129,128 "Odd-21-S-14";
119 0 0 364,2232 "Odd-21-B-17";
120 0 0 364,2233 "Odd-21-A-17";
121 0 1 120,119 "Odd-21-S-17";
122 0 0 121,2234 "Odd-21-B-16";
123 0 0 121,2235 "Odd-21-A-16";
124 0 1 123,122 "Odd-21-S-16";
125 0 0 124,2236 "Odd-21-B-15";
126 0 0 124,2237 "Odd-21-A-15";
127 0 1 126,125 "Odd-21-S-15";
128 0 0 127,2238 "Odd-21-B-14";
129 0 0 127,2239 "Odd-21-A-14";
130 0 0 116,2263 "Odd-21-A-2";
131 0 0 118,2240 "Odd-21-B-13";
132 0 0 118,2241 "Odd-21-A-13";
133 0 1 132,131 "Odd-21-S-13";
134 0 0 133,2242 "Odd-21-B-12";
135 0 0 133,2243 "Odd-21-A-12";
136 0 1 135,134 "Odd-21-S-12";
137 0 0 136,2244 "Odd-21-B-11";
138 0 0 136,2245 "Odd-21-A-11";
139 0 1 138,137 "Odd-21-S-11";
140 0 0 139,2246 "Odd-21-B-10";
141 0 1 152,151 "Odd-20-S-11";
142 0 0 153,2238 "Odd-20-B-14";
143 0 0 153,2239 "Odd-20-A-14";
144 0 1 143,142 "Odd-20-S-14";
145 0 0 144,2240 "Odd-20-B-13";
146 0 0 144,2241 "Odd-20-A-13";
147 0 1 146,145 "Odd-20-S-13";
148 0 0 147,2242 "Odd-20-B-12";
149 0 0 147,2243 "Odd-20-A-12";
150 0 1 149,148 "Odd-20-S-12";
151 0 0 150,2244 "Odd-20-B-11";
152 0 0 150,2245 "Odd-20-A-11";
153 0 1 187,186 "Odd-20-S-15";
154 0 0 141,2246 "Odd-20-B-10";
155 0 0 141,2247 "Odd-20-A-10";
156 0 1 155,154 "Odd-20-S-10";
157 0 0 156,2248 "Odd-20-B-9";
158 0 0 156,2249 "Odd-20-A-9";
159 0 1 158,157 "Odd-20-S-9";
160 0 0 159,2250 "Odd-20-B-8";
161 0 0 159,2251 "Odd-20-A-8";
162 0 1 161,160 "Odd-20-S-8";
163 0 0 162,2252 "Odd-20-B-7";
164 0 0 162,2253 "Odd-20-A-7";
165 0 0 176,2230 "Odd-20-B-18";
166 0 1 130,117 "Odd-21-S-2";
167 0 0 166,2264 "Odd-21-B-1";
168 0 0 166,2265 "Odd-21-A-1";
169 0 1 168,167 "Odd-21-S-1";
170 0 0 169,2266 "Odd-21-B-0";
171 0 0 169,2267 "Odd-21-A-0";
172 0 1 171,170 "Odd-21-S-0";
173 0 1 1923,2226,2224,2222,2220,2218,2216,2214 "Odd-20-Z";
174 0 0 173,2228 "Odd-20-B-19";
175 0 0 173,2229 "Odd-20-A-19";
176 0 1 175,174 "Odd-20-S-19";
177 0 0 69,2241 "Odd-18-A-13";
178 0 0 176,2231 "Odd-20-A-18";
179 0 1 178,165 "Odd-20-S-18";
180 0 0 179,2232 "Odd-20-B-17";
181 0 0 179,2233 "Odd-20-A-17";
182 0 1 181,180 "Odd-20-S-17";
183 0 0 182,2234 "Odd-20-B-16";
184 0 0 182,2235 "Odd-20-A-16";
185 0 1 184,183 "Odd-20-S-16";
186 0 0 185,2236 "Odd-20-B-15";
187 0 0 185,2237 "Odd-20-A-15";
188 0 1 199,198 "Odd-16-S-4";
189 0 0 200,2252 "Odd-16-B-7";
190 0 0 200,2253 "Odd-16-A-7";
191 0 1 190,189 "Odd-16-S-7";
192 0 0 191,2254 "Odd-16-B-6";
193 0 0 191,2255 "Odd-16-A-6";
194 0 1 193,192 "Odd-16-S-6";
195 0 0 194,2256 "Odd-16-B-5";
196 0 0 194,2257 "Odd-16-A-5";
197 0 1 196,195 "Odd-16-S-5";
198 0 0 197,2258 "Odd-16-B-4";
199 0 0 197,2259 "Odd-16-A-4";
200 0 1 234,233 "Odd-16-S-8";
201 0 0 188,2260 "Odd-16-B-3";
202 0 0 188,2261 "Odd-16-A-3";
203 0 1 202,201 "Odd-16-S-3";
204 0 0 203,2262 "Odd-16-B-2";
205 0 0 203,2263 "Odd-16-A-2";
206 0 1 205,204 "Odd-16-S-2";
207 0 0 206,2264 "Odd-16-B-1";
208 0 0 206,2265 "Odd-16-A-1";
209 0 1 208,207 "Odd-16-S-1";
210 0 0 209,2266 "Odd-16-B-0";
211 0 0 209,2267 "Odd-16-A-0";
212 0 0 223,2244 "Odd-16-B-11";
213 0 0 351,2237 "Odd-16-A-15";
214 0 1 213,271 "Odd-16-S-15";
215 0 0 214,2238 "Odd-16-B-14";
216 0 0 214,2239 "Odd-16-A-14";
217 0 1 216,215 "Odd-16-S-14";
218 0 0 217,2240 "Odd-16-B-13";
219 0 0 217,2241 "Odd-16-A-13";
220 0 1 219,218 "Odd-16-S-13";
221 0 0 220,2242 "Odd-16-B-12";
222 0 0 220,2243 "Odd-16-A-12";
223 0 1 222,221 "Odd-16-S-12";
224 0 1 211,210 "Odd-16-S-0";
225 0 0 223,2245 "Odd-16-A-11";
226 0 1 225,212 "Odd-16-S-11";
227 0 0 226,2246 "Odd-16-B-10";
228 0 0 226,2247 "Odd-16-A-10";
229 0 1 228,227 "Odd-16-S-10";
230 0 0 229,2248 "Odd-16-B-9";
231 0 0 229,2249 "Odd-16-A-9";
232 0 1 231,230 "Odd-16-S-9";
233 0 0 232,2250 "Odd-16-B-8";
234 0 0 232,2251 "Odd-16-A-8";
235 0 0 246,2260 "Odd-15-B-3";
236 0 0 281,2253 "Odd-15-A-7";
237 0 1 236,247 "Odd-15-S-7";
238 0 0 237,2254 "Odd-15-B-6";
239 0 0 237,2255 "Odd-15-A-6";
240 0 1 239,238 "Odd-15-S-6";
241 0 0 240,2256 "Odd-15-B-5";
242 0 0 240,2257 "Odd-15-A-5";
243 0 1 242,241 "Odd-15-S-5";
244 0 0 243,2258 "Odd-15-B-4";
245 0 0 243,2259 "Odd-15-A-4";
246 0 1 245,244 "Odd-15-S-4";
247 0 0 281,2252 "Odd-15-B-7";
248 0 0 246,2261 "Odd-15-A-3";
249 0 1 248,235 "Odd-15-S-3";
250 0 0 249,2262 "Odd-15-B-2";
251 0 0 249,2263 "Odd-15-A-2";
252 0 1 251,250 "Odd-15-S-2";
253 0 0 252,2264 "Odd-15-B-1";
254 0 0 252,2265 "Odd-15-A-1";
255 0 1 254,253 "Odd-15-S-1";
256 0 0 255,2266 "Odd-15-B-0";
257 0 0 255,2267 "Odd-15-A-0";
258 0 1 257,256 "Odd-15-S-0";
259 0 0 269,2245 "Odd-15-A-11";
260 0 1 1738,2236,2234,2232,2230,2228,2226,2224,2222,2220,2218,2216,2214 "Odd-15-Z";
261 0 0 260,2238 "Odd-15-B-14";
262 0 0 260,2239 "Odd-15-A-14";
263 0 1 262,261 "Odd-15-S-14";
264 0 0 263,2240 "Odd-15-B-13";
265 0 0 263,2241 "Odd-15-A-13";
266 0 1 265,264 "Odd-15-S-13";
267 0 0 266,2242 "Odd-15-B-12";
268 0 0 266,2243 "Odd-15-A-12";
269 0 1 268,267 "Odd-15-S-12";
270 0 0 269,2244 "Odd-15-B-11";
271 0 0 351,2236 "Odd-16-B-15";
272 0 1 259,270 "Odd-15-S-11";
273 0 0 272,2246 "Odd-15-B-10";
274 0 0 272,2247 "Odd-15-A-10";
275 0 1 274,273 "Odd-15-S-10";
276 0 0 275,2248 "Odd-15-B-9";
277 0 0 275,2249 "Odd-15-A-9";
278 0 1 277,276 "Odd-15-S-9";
279 0 0 278,2250 "Odd-15-B-8";
280 0 0 278,2251 "Odd-15-A-8";
281 0 1 280,279 "Odd-15-S-8";
282 0 0 292,2265 "Odd-18-A-1";
283 0 1 294,328 "Odd-18-S-5";
284 0 0 283,2258 "Odd-18-B-4";
285 0 0 283,2259 "Odd-18-A-4";
286 0 1 285,284 "Odd-18-S-4";
287 0 0 286,2260 "Odd-18-B-3";
288 0 0 286,2261 "Odd-18-A-3";
289 0 1 288,287 "Odd-18-S-3";
290 0 0 289,2262 "Odd-18-B-2";
291 0 0 289,2263 "Odd-18-A-2";
292 0 1 291,290 "Odd-18-S-2";
293 0 0 292,2264 "Odd-18-B-1";
294 0 0 327,2257 "Odd-18-A-5";
295 0 1 282,293 "Odd-18-S-1";
296 0 0 295,2266 "Odd-18-B-0";
297 0 0 295,2267 "Odd-18-A-0";
298 0 1 297,296 "Odd-18-S-0";
299 0 1 1581,2232,2230,2228,2226,2224,2222,2220,2218,2216,2214 "Odd-17-Z";
300 0 0 299,2234 "Odd-17-B-16";
301 0 0 299,2235 "Odd-17-A-16";
302 0 1 301,300 "Odd-17-S-16";
303 0 0 302,2236 "Odd-17-B-15";
304 0 0 302,2237 "Odd-17-A-15";
305 0 1 304,303 "Odd-17-S-15";
306 0 1 317,316 "Odd-18-S-9";
307 0 1 177,70 "Odd-18-S-13";
308 0 0 307,2243 "Odd-18-A-12";
309 0 1 308,739 "Odd-18-S-12";
310 0 0 309,2244 "Odd-18-B-11";
311 0 0 309,2245 "Odd-18-A-11";
312 0 1 311,310 "Odd-18-S-11";
313 0 0 312,2246 "Odd-18-B-10";
314 0 0 312,2247 "Odd-18-A-10";
315 0 1 314,313 "Odd-18-S-10";
316 0 0 315,2248 "Odd-18-B-9";
317 0 0 315,2249 "Odd-18-A-9";
318 0 0 305,2238 "Odd-17-B-14";
319 0 0 306,2250 "Odd-18-B-8";
320 0 0 306,2251 "Odd-18-A-8";
321 0 1 320,319 "Odd-18-S-8";
322 0 0 321,2252 "Odd-18-B-7";
323 0 0 321,2253 "Odd-18-A-7";
324 0 1 323,322 "Odd-18-S-7";
325 0 0 324,2254 "Odd-18-B-6";
326 0 0 324,2255 "Odd-18-A-6";
327 0 1 326,325 "Odd-18-S-6";
328 0 0 327,2256 "Odd-18-B-5";
329 0 1 340,339 "Odd-17-S-3";
330 0 0 341,2254 "Odd-17-B-6";
331 0 0 341,2255 "Odd-17-A-6";
332 0 1 331,330 "Odd-17-S-6";
333 0 0 332,2256 "Odd-17-B-5";
334 0 0 332,2257 "Odd-17-A-5";
335 0 1 334,333 "Odd-17-S-5";
336 0 0 335,2258 "Odd-17-B-4";
337 0 0 335,2259 "Odd-17-A-4";
338 0 1 337,336 "Odd-17-S-4";
339 0 0 338,2260 "Odd-17-B-3";
340 0 0 338,2261 "Odd-17-A-3";
341 0 1 374,373 "Odd-17-S-7";
342 0 0 329,2262 "Odd-17-B-2";
343 0 0 329,2263 "Odd-17-A-2";
344 0 1 343,342 "Odd-17-S-2";
345 0 0 344,2264 "Odd-17-B-1";
346 0 0 344,2265 "Odd-17-A-1";
347 0 1 346,345 "Odd-17-S-1";
348 0 0 347,2266 "Odd-17-B-0";
349 0 0 347,2267 "Odd-17-A-0";
350 0 1 349,348 "Odd-17-S-0";
351 0 1 1863,2234,2232,2230,2228,2226,2224,2222,2220,2218,2216,2214 "Odd-16-Z";
352 0 0 363,2246 "Odd-17-B-10";
353 0 0 305,2239 "Odd-17-A-14";
354 0 1 353,318 "Odd-17-S-14";
355 0 0 354,2240 "Odd-17-B-13";
356 0 0 354,2241 "Odd-17-A-13";
357 0 1 356,355 "Odd-17-S-13";
358 0 0 357,2242 "Odd-17-B-12";
359 0 0 357,2243 "Odd-17-A-12";
360 0 1 359,358 "Odd-17-S-12";
361 0 0 360,2244 "Odd-17-B-11";
362 0 0 360,2245 "Odd-17-A-11";
363 0 1 362,361 "Odd-17-S-11";
364 0 1 633,632 "Odd-21-S-18";
365 0 0 363,2247 "Odd-17-A-10";
366 0 1 365,352 "Odd-17-S-10";
367 0 0 366,2248 "Odd-17-B-9";
368 0 0 366,2249 "Odd-17-A-9";
369 0 1 368,367 "Odd-17-S-9";
370 0 0 369,2250 "Odd-17-B-8";
371 0 0 369,2251 "Odd-17-A-8";
372 0 1 371,370 "Odd-17-S-8";
373 0 0 372,2252 "Odd-17-B-7";
374 0 0 372,2253 "Odd-17-A-7";
375 0 0 386,2250 "Odd-25-B-8";
376 0 0 421,2243 "Odd-25-A-12";
377 0 1 376,387 "Odd-25-S-12";
378 0 0 377,2244 "Odd-25-B-11";
379 0 0 377,2245 "Odd-25-A-11";
380 0 1 379,378 "Odd-25-S-11";
381 0 0 380,2246 "Odd-25-B-10";
382 0 0 380,2247 "Odd-25-A-10";
383 0 1 382,381 "Odd-25-S-10";
384 0 0 383,2248 "Odd-25-B-9";
385 0 0 383,2249 "Odd-25-A-9";
386 0 1 385,384 "Odd-25-S-9";
387 0 0 421,2242 "Odd-25-B-12";
388 0 0 386,2251 "Odd-25-A-8";
389 0 1 388,375 "Odd-25-S-8";
390 0 0 389,2252 "Odd-25-B-7";
391 0 0 389,2253 "Odd-25-A-7";
392 0 1 391,390 "Odd-25-S-7";
393 0 0 392,2254 "Odd-25-B-6";
394 0 0 392,2255 "Odd-25-A-6";
395 0 1 394,393 "Odd-25-S-6";
396 0 0 395,2256 "Odd-25-B-5";
397 0 0 395,2257 "Odd-25-A-5";
398 0 1 397,396 "Odd-25-S-5";
399 0 0 409,2235 "Odd-25-A-16";
400 0 1 458,539 "Odd-25-S-20";
401 0 0 400,2228 "Odd-25-B-19";
402 0 0 400,2229 "Odd-25-A-19";
403 0 1 402,401 "Odd-25-S-19";
404 0 0 403,2230 "Odd-25-B-18";
405 0 0 403,2231 "Odd-25-A-18";
406 0 1 405,404 "Odd-25-S-18";
407 0 0 406,2232 "Odd-25-B-17";
408 0 0 406,2233 "Odd-25-A-17";
409 0 1 408,407 "Odd-25-S-17";
410 0 0 409,2234 "Odd-25-B-16";
411 0 0 398,2258 "Odd-25-B-4";
412 0 1 399,410 "Odd-25-S-16";
413 0 0 412,2236 "Odd-25-B-15";
414 0 0 412,2237 "Odd-25-A-15";
415 0 1 414,413 "Odd-25-S-15";
416 0 0 415,2238 "Odd-25-B-14";
417 0 0 415,2239 "Odd-25-A-14";
418 0 1 417,416 "Odd-25-S-14";
419 0 0 418,2240 "Odd-25-B-13";
420 0 0 418,2241 "Odd-25-A-13";
421 0 1 420,419 "Odd-25-S-13";
422 0 0 432,2233 "Odd-24-A-17";
423 0 1 434,468 "Odd-24-S-21";
424 0 0 423,2226 "Odd-24-B-20";
425 0 0 423,2227 "Odd-24-A-20";
426 0 1 425,424 "Odd-24-S-20";
427 0 0 426,2228 "Odd-24-B-19";
428 0 0 426,2229 "Odd-24-A-19";
429 0 1 428,427 "Odd-24-S-19";
430 0 0 429,2230 "Odd-24-B-18";
431 0 0 429,2231 "Odd-24-A-18";
432 0 1 431,430 "Odd-24-S-18";
433 0 0 432,2232 "Odd-24-B-17";
434 0 0 467,2225 "Odd-24-A-21";
435 0 1 422,433 "Odd-24-S-17";
436 0 0 435,2234 "Odd-24-B-16";
437 0 0 435,2235 "Odd-24-A-16";
438 0 1 437,436 "Odd-24-S-16";
439 0 0 438,2236 "Odd-24-B-15";
440 0 0 438,2237 "Odd-24-A-15";
441 0 1 440,439 "Odd-24-S-15";
442 0 0 441,2238 "Odd-24-B-14";
443 0 0 441,2239 "Odd-24-A-14";
444 0 1 443,442 "Odd-24-S-14";
445 0 0 444,2240 "Odd-24-B-13";
446 0 0 457,2266 "Odd-25-B-0";
447 0 0 398,2259 "Odd-25-A-4";
448 0 1 447,411 "Odd-25-S-4";
449 0 0 448,2260 "Odd-25-B-3";
450 0 0 448,2261 "Odd-25-A-3";
451 0 1 450,449 "Odd-25-S-3";
452 0 0 451,2262 "Odd-25-B-2";
453 0 0 451,2263 "Odd-25-A-2";
454 0 1 453,452 "Odd-25-S-2";
455 0 0 454,2264 "Odd-25-B-1";
456 0 0 454,2265 "Odd-25-A-1";
457 0 1 456,455 "Odd-25-S-1";
458 0 0 538,2227 "Odd-25-A-20";
459 0 0 457,2267 "Odd-25-A-0";
460 0 1 459,446 "Odd-25-S-0";
461 0 1 1563,2218,2216,2214 "Odd-24-Z";
462 0 0 461,2220 "Odd-24-B-23";
463 0 0 461,2221 "Odd-24-A-23";
464 0 1 463,462 "Odd-24-S-23";
465 0 0 464,2222 "Odd-24-B-22";
466 0 0 464,2223 "Odd-24-A-22";
467 0 1 466,465 "Odd-24-S-22";
468 0 0 467,2224 "Odd-24-B-21";
469 0 0 480,2238 "Odd-26-B-14";
470 0 0 515,2231 "Odd-26-A-18";
471 0 1 470,481 "Odd-26-S-18";
472 0 0 471,2232 "Odd-26-B-17";
473 0 0 471,2233 "Odd-26-A-17";
474 0 1 473,472 "Odd-26-S-17";
475 0 0 474,2234 "Odd-26-B-16";
476 0 0 474,2235 "Odd-26-A-16";
477 0 1 476,475 "Odd-26-S-16";
478 0 0 477,2236 "Odd-26-B-15";
479 0 0 477,2237 "Odd-26-A-15";
480 0 1 479,478 "Odd-26-S-15";
481 0 0 515,2230 "Odd-26-B-18";
482 0 0 480,2239 "Odd-26-A-14";
483 0 1 482,469 "Odd-26-S-14";
484 0 0 483,2240 "Odd-26-B-13";
485 0 0 483,2241 "Odd-26-A-13";
486 0 1 485,484 "Odd-26-S-13";
487 0 0 486,2242 "Odd-26-B-12";
488 0 0 486,2243 "Odd-26-A-12";
489 0 1 488,487 "Odd-26-S-12";
490 0 0 489,2244 "Odd-26-B-11";
491 0 0 489,2245 "Odd-26-A-11";
492 0 1 491,490 "Odd-26-S-11";
493 0 0 503,2223 "Odd-26-A-22";
494 0 1 1170,2214 "Odd-26-Z";
495 0 0 494,2216 "Odd-26-B-25";
496 0 0 494,2217 "Odd-26-A-25";
497 0 1 496,495 "Odd-26-S-25";
498 0 0 497,2218 "Odd-26-B-24";
499 0 0 497,2219 "Odd-26-A-24";
500 0 1 499,498 "Odd-26-S-24";
501 0 0 500,2220 "Odd-26-B-23";
502 0 0 500,2221 "Odd-26-A-23";
503 0 1 502,501 "Odd-26-S-23";
504 0 0 503,2222 "Odd-26-B-22";
505 0 0 492,2246 "Odd-26-B-10";
506 0 1 493,504 "Odd-26-S-22";
507 0 0 506,2224 "Odd-26-B-21";
508 0 0 506,2225 "Odd-26-A-21";
509 0 1 508,507 "Odd-26-S-21";
510 0 0 509,2226 "Odd-26-B-20";
511 0 0 509,2227 "Odd-26-A-20";
512 0 1 511,510 "Odd-26-S-20";
513 0 0 512,2228 "Odd-26-B-19";
514 0 0 512,2229 "Odd-26-A-19";
515 0 1 514,513 "Odd-26-S-19";
516 0 0 526,2219 "Odd-25-A-24";
517 0 0 528,2262 "Odd-26-B-2";
518 0 0 528,2263 "Odd-26-A-2";
519 0 1 518,517 "Odd-26-S-2";
520 0 0 519,2264 "Odd-26-B-1";
521 0 0 519,2265 "Odd-26-A-1";
522 0 1 521,520 "Odd-26-S-1";
523 0 0 522,2266 "Odd-26-B-0";
524 0 0 522,2267 "Odd-26-A-0";
525 0 1 524,523 "Odd-26-S-0";
526 0 1 1293,2216,2214 "Odd-25-Z";
527 0 0 526,2218 "Odd-25-B-24";
528 0 1 562,561 "Odd-26-S-3";
529 0 1 516,527 "Odd-25-S-24";
530 0 0 529,2220 "Odd-25-B-23";
531 0 0 529,2221 "Odd-25-A-23";
532 0 1 531,530 "Odd-25-S-23";
533 0 0 532,2222 "Odd-25-B-22";
534 0 0 532,2223 "Odd-25-A-22";
535 0 1 534,533 "Odd-25-S-22";
536 0 0 535,2224 "Odd-25-B-21";
537 0 0 535,2225 "Odd-25-A-21";
538 0 1 537,536 "Odd-25-S-21";
539 0 0 538,2226 "Odd-25-B-20";
540 0 0 551,2254 "Odd-26-B-6";
541 0 0 492,2247 "Odd-26-A-10";
542 0 1 541,505 "Odd-26-S-10";
543 0 0 542,2248 "Odd-26-B-9";
544 0 0 542,2249 "Odd-26-A-9";
545 0 1 544,543 "Odd-26-S-9";
546 0 0 545,2250 "Odd-26-B-8";
547 0 0 545,2251 "Odd-26-A-8";
548 0 1 547,546 "Odd-26-S-8";
549 0 0 548,2252 "Odd-26-B-7";
550 0 0 548,2253 "Odd-26-A-7";
551 0 1 550,549 "Odd-26-S-7";
552 0 0 444,2241 "Odd-24-A-13";
553 0 0 551,2255 "Odd-26-A-6";
554 0 1 553,540 "Odd-26-S-6";
555 0 0 554,2256 "Odd-26-B-5";
556 0 0 554,2257 "Odd-26-A-5";
557 0 1 556,555 "Odd-26-S-5";
558 0 0 557,2258 "Odd-26-B-4";
559 0 0 557,2259 "Odd-26-A-4";
560 0 1 559,558 "Odd-26-S-4";
561 0 0 560,2260 "Odd-26-B-3";
562 0 0 560,2261 "Odd-26-A-3";
563 0 0 573,2235 "Odd-22-A-16";
564 0 1 575,609 "Odd-22-S-20";
565 0 0 564,2228 "Odd-22-B-19";
566 0 0 564,2229 "Odd-22-A-19";
567 0 1 566,565 "Odd-22-S-19";
568 0 0 567,2230 "Odd-22-B-18";
569 0 0 567,2231 "Odd-22-A-18";
570 0 1 569,568 "Odd-22-S-18";
571 0 0 570,2232 "Odd-22-B-17";
572 0 0 570,2233 "Odd-22-A-17";
573 0 1 572,571 "Odd-22-S-17";
574 0 0 573,2234 "Odd-22-B-16";
575 0 0 608,2227 "Odd-22-A-20";
576 0 1 563,574 "Odd-22-S-16";
577 0 0 576,2236 "Odd-22-B-15";
578 0 0 576,2237 "Odd-22-A-15";
579 0 1 578,577 "Odd-22-S-15";
580 0 0 579,2238 "Odd-22-B-14";
581 0 0 579,2239 "Odd-22-A-14";
582 0 1 581,580 "Odd-22-S-14";
583 0 0 582,2240 "Odd-22-B-13";
584 0 0 582,2241 "Odd-22-A-13";
585 0 1 584,583 "Odd-22-S-13";
586 0 0 585,2242 "Odd-22-B-12";
587 0 0 598,2264 "Odd-23-B-1";
588 0 0 726,2257 "Odd-23-A-5";
589 0 1 588,646 "Odd-23-S-5";
590 0 0 589,2258 "Odd-23-B-4";
591 0 0 589,2259 "Odd-23-A-4";
592 0 1 591,590 "Odd-23-S-4";
593 0 0 592,2260 "Odd-23-B-3";
594 0 0 592,2261 "Odd-23-A-3";
595 0 1 594,593 "Odd-23-S-3";
596 0 0 595,2262 "Odd-23-B-2";
597 0 0 595,2263 "Odd-23-A-2";
598 0 1 597,596 "Odd-23-S-2";
599 0 0 585,2243 "Odd-22-A-12";
600 0 0 598,2265 "Odd-23-A-1";
601 0 1 600,587 "Odd-23-S-1";
602 0 0 601,2266 "Odd-23-B-0";
603 0 0 601,2267 "Odd-23-A-0";
604 0 1 603,602 "Odd-23-S-0";
605 0 1 1169,2222,2220,2218,2216,2214 "Odd-22-Z";
606 0 0 605,2224 "Odd-22-B-21";
607 0 0 605,2225 "Odd-22-A-21";
608 0 1 607,606 "Odd-22-S-21";
609 0 0 608,2226 "Odd-22-B-20";
610 0 0 621,2266 "Odd-22-B-0";
611 0 0 656,2259 "Odd-22-A-4";
612 0 1 611,622 "Odd-22-S-4";
613 0 0 612,2260 "Odd-22-B-3";
614 0 0 612,2261 "Odd-22-A-3";
615 0 1 614,613 "Odd-22-S-3";
616 0 0 615,2262 "Odd-22-B-2";
617 0 0 615,2263 "Odd-22-A-2";
618 0 1 617,616 "Odd-22-S-2";
619 0 0 618,2264 "Odd-22-B-1";
620 0 0 618,2265 "Odd-22-A-1";
621 0 1 620,619 "Odd-22-S-1";
622 0 0 656,2258 "Odd-22-B-4";
623 0 0 621,2267 "Odd-22-A-0";
624 0 1 623,610 "Odd-22-S-0";
625 0 1 2024,2224,2222,2220,2218,2216,2214 "Odd-21-Z";
626 0 0 625,2226 "Odd-21-B-20";
627 0 0 625,2227 "Odd-21-A-20";
628 0 1 627,626 "Odd-21-S-20";
629 0 0 628,2228 "Odd-21-B-19";
630 0 0 628,2229 "Odd-21-A-19";
631 0 1 630,629 "Odd-21-S-19";
632 0 0 631,2230 "Odd-21-B-18";
633 0 0 631,2231 "Odd-21-A-18";
634 0 0 644,2251 "Odd-22-A-8";
635 0 1 599,586 "Odd-22-S-12";
636 0 0 635,2244 "Odd-22-B-11";
637 0 0 635,2245 "Odd-22-A-11";
638 0 1 637,636 "Odd-22-S-11";
639 0 0 638,2246 "Odd-22-B-10";
640 0 0 638,2247 "Odd-22-A-10";
641 0 1 640,639 "Odd-22-S-10";
642 0 0 641,2248 "Odd-22-B-9";
643 0 0 641,2249 "Odd-22-A-9";
644 0 1 643,642 "Odd-22-S-9";
645 0 0 644,2250 "Odd-22-B-8";
646 0 0 726,2256 "Odd-23-B-5";
647 0 1 634,645 "Odd-22-S-8";
648 0 0 647,2252 "Odd-22-B-7";
649 0 0 647,2253 "Odd-22-A-7";
650 0 1 649,648 "Odd-22-S-7";
651 0 0 650,2254 "Odd-22-B-6";
652 0 0 650,2255 "Odd-22-A-6";
653 0 1 652,651 "Odd-22-S-6";
654 0 0 653,2256 "Odd-22-B-5";
655 0 0 653,2257 "Odd-22-A-5";
656 0 1 655,654 "Odd-22-S-5";
657 0 0 668,2264 "Odd-24-B-1";
658 0 0 703,2257 "Odd-24-A-5";
659 0 1 658,669 "Odd-24-S-5";
660 0 0 659,2258 "Odd-24-B-4";
661 0 0 659,2259 "Odd-24-A-4";
662 0 1 661,660 "Odd-24-S-4";
663 0 0 662,2260 "Odd-24-B-3";
664 0 0 662,2261 "Odd-24-A-3";
665 0 1 664,663 "Odd-24-S-3";
666 0 0 665,2262 "Odd-24-B-2";
667 0 0 665,2263 "Odd-24-A-2";
668 0 1 667,666 "Odd-24-S-2";
669 0 0 703,2256 "Odd-24-B-5";
670 0 0 668,2265 "Odd-24-A-1";
671 0 1 670,657 "Odd-24-S-1";
672 0 0 671,2266 "Odd-24-B-0";
673 0 0 671,2267 "Odd-24-A-0";
674 0 1 673,672 "Odd-24-S-0";
675 0 1 1147,2220,2218,2216,2214 "Odd-23-Z";
676 0 0 675,2222 "Odd-23-B-22";
677 0 0 675,2223 "Odd-23-A-22";
678 0 1 677,676 "Odd-23-S-22";
679 0 0 678,2224 "Odd-23-B-21";
680 0 0 678,2225 "Odd-23-A-21";
681 0 0 691,2249 "Odd-24-A-9";
682 0 1 552,445 "Odd-24-S-13";
683 0 0 682,2242 "Odd-24-B-12";
684 0 0 682,2243 "Odd-24-A-12";
685 0 1 684,683 "Odd-24-S-12";
686 0 0 685,2244 "Odd-24-B-11";
687 0 0 685,2245 "Odd-24-A-11";
688 0 1 687,686 "Odd-24-S-11";
689 0 0 688,2246 "Odd-24-B-10";
690 0 0 688,2247 "Odd-24-A-10";
691 0 1 690,689 "Odd-24-S-10";
692 0 0 691,2248 "Odd-24-B-9";
693 0 1 680,679 "Odd-23-S-21";
694 0 1 681,692 "Odd-24-S-9";
695 0 0 694,2250 "Odd-24-B-8";
696 0 0 694,2251 "Odd-24-A-8";
697 0 1 696,695 "Odd-24-S-8";
698 0 0 697,2252 "Odd-24-B-7";
699 0 0 697,2253 "Odd-24-A-7";
700 0 1 699,698 "Odd-24-S-7";
701 0 0 700,2254 "Odd-24-B-6";
702 0 0 700,2255 "Odd-24-A-6";
703 0 1 702,701 "Odd-24-S-6";
704 0 0 714,2249 "Odd-23-A-9";
705 0 1 716,749 "Odd-23-S-13";
706 0 0 705,2242 "Odd-23-B-12";
707 0 0 705,2243 "Odd-23-A-12";
708 0 1 707,706 "Odd-23-S-12";
709 0 0 708,2244 "Odd-23-B-11";
710 0 0 708,2245 "Odd-23-A-11";
711 0 1 710,709 "Odd-23-S-11";
712 0 0 711,2246 "Odd-23-B-10";
713 0 0 711,2247 "Odd-23-A-10";
714 0 1 713,712 "Odd-23-S-10";
715 0 0 714,2248 "Odd-23-B-9";
716 0 0 748,2241 "Odd-23-A-13";
717 0 1 704,715 "Odd-23-S-9";
718 0 0 717,2250 "Odd-23-B-8";
719 0 0 717,2251 "Odd-23-A-8";
720 0 1 719,718 "Odd-23-S-8";
721 0 0 720,2252 "Odd-23-B-7";
722 0 0 720,2253 "Odd-23-A-7";
723 0 1 722,721 "Odd-23-S-7";
724 0 0 723,2254 "Odd-23-B-6";
725 0 0 723,2255 "Odd-23-A-6";
726 0 1 725,724 "Odd-23-S-6";
727 0 1 738,737 "Odd-23-S-17";
728 0 0 693,2226 "Odd-23-B-20";
729 0 0 693,2227 "Odd-23-A-20";
730 0 1 729,728 "Odd-23-S-20";
731 0 0 730,2228 "Odd-23-B-19";
732 0 0 730,2229 "Odd-23-A-19";
733 0 1 732,731 "Odd-23-S-19";
734 0 0 733,2230 "Odd-23-B-18";
735 0 0 733,2231 "Odd-23-A-18";
736 0 1 735,734 "Odd-23-S-18";
737 0 0 736,2232 "Odd-23-B-17";
738 0 0 736,2233 "Odd-23-A-17";
739 0 0 307,2242 "Odd-18-B-12";
740 0 0 727,2234 "Odd-23-B-16";
741 0 0 727,2235 "Odd-23-A-16";
742 0 1 741,740 "Odd-23-S-16";
743 0 0 742,2236 "Odd-23-B-15";
744 0 0 742,2237 "Odd-23-A-15";
745 0 1 744,743 "Odd-23-S-15";
746 0 0 745,2238 "Odd-23-B-14";
747 0 0 745,2239 "Odd-23-A-14";
748 0 1 747,746 "Odd-23-S-14";
749 0 0 748,2240 "Odd-23-B-13";
750 0 0 762,2260 "Odd-6-B-3";
751 0 0 949,2267 "Odd-2-A-0";
752 0 1 751,950 "Odd-2-S-0";
753 0 1 763,800 "Odd-11-S-0";
754 0 0 811,2265 "Odd-3-A-1";
755 0 0 811,2264 "Odd-3-B-1";
756 0 1 1533,2254,2252,2250,2248,2246,2244,2242,2240,2238,2236,2234,2232,2230,2228,2226,2224,2222,2220,2218,2216,2214 "Odd-6-Z";
757 0 0 756,2256 "Odd-6-B-5";
758 0 0 756,2257 "Odd-6-A-5";
759 0 1 758,757 "Odd-6-S-5";
760 0 0 759,2258 "Odd-6-B-4";
761 0 0 759,2259 "Odd-6-A-4";
762 0 1 761,760 "Odd-6-S-4";
763 0 0 799,2267 "Odd-11-A-0";
764 0 0 762,2261 "Odd-6-A-3";
765 0 1 764,750 "Odd-6-S-3";
766 0 1 767,768 "Odd-13-S-0";
767 0 0 769,2267 "Odd-13-A-0";
768 0 0 769,2266 "Odd-13-B-0";
769 0 1 770,771 "Odd-13-S-1";
770 0 0 772,2265 "Odd-13-A-1";
771 0 0 772,2264 "Odd-13-B-1";
772 0 1 773,774 "Odd-13-S-2";
773 0 0 775,2263 "Odd-13-A-2";
774 0 0 775,2262 "Odd-13-B-2";
775 0 1 789,828 "Odd-13-S-3";
776 0 0 787,2259 "Odd-11-A-4";
777 0 0 840,2266 "Odd-7-B-0";
778 0 0 840,2267 "Odd-7-A-0";
779 0 1 778,777 "Odd-7-S-0";
780 0 0 911,2253 "Odd-11-A-7";
781 0 1 780,912 "Odd-11-S-7";
782 0 0 781,2254 "Odd-11-B-6";
783 0 0 781,2255 "Odd-11-A-6";
784 0 1 783,782 "Odd-11-S-6";
785 0 0 784,2256 "Odd-11-B-5";
786 0 0 784,2257 "Odd-11-A-5";
787 0 1 786,785 "Odd-11-S-5";
788 0 0 787,2258 "Odd-11-B-4";
789 0 0 829,2261 "Odd-13-A-3";
790 0 1 776,788 "Odd-11-S-4";
791 0 0 790,2260 "Odd-11-B-3";
792 0 0 790,2261 "Odd-11-A-3";
793 0 1 792,791 "Odd-11-S-3";
794 0 0 793,2262 "Odd-11-B-2";
795 0 0 793,2263 "Odd-11-A-2";
796 0 1 795,794 "Odd-11-S-2";
797 0 0 796,2264 "Odd-11-B-1";
798 0 0 796,2265 "Odd-11-A-1";
799 0 1 798,797 "Odd-11-S-1";
800 0 0 799,2266 "Odd-11-B-0";
801 0 1 815,816 "Odd-9-S-0";
802 0 1 1057,1058 "Odd-13-S-12";
803 0 0 765,2262 "Odd-6-B-2";
804 0 1 941,803 "Odd-6-S-2";
805 0 0 804,2264 "Odd-6-B-1";
806 0 0 804,2265 "Odd-6-A-1";
807 0 1 806,805 "Odd-6-S-1";
808 0 0 807,2266 "Odd-6-B-0";
809 0 0 807,2267 "Odd-6-A-0";
810 0 1 809,808 "Odd-6-S-0";
811 0 1 812,813 "Odd-3-S-2";
812 0 0 1055,2263 "Odd-3-A-2";
813 0 0 1055,2262 "Odd-3-B-2";
814 0 0 802,2244 "Odd-13-B-11";
815 0 0 817,2267 "Odd-9-A-0";
816 0 0 817,2266 "Odd-9-B-0";
817 0 1 818,819 "Odd-9-S-1";
818 0 0 820,2265 "Odd-9-A-1";
819 0 0 820,2264 "Odd-9-B-1";
820 0 1 821,822 "Odd-9-S-2";
821 0 0 823,2263 "Odd-9-A-2";
822 0 0 823,2262 "Odd-9-B-2";
823 0 1 824,825 "Odd-9-S-3";
824 0 0 826,2261 "Odd-9-A-3";
825 0 0 826,2260 "Odd-9-B-3";
826 0 1 1056,1042 "Odd-9-S-4";
827 0 0 841,2252 "Odd-13-B-7";
828 0 0 829,2260 "Odd-13-B-3";
829 0 1 830,831 "Odd-13-S-4";
830 0 0 832,2259 "Odd-13-A-4";
831 0 0 832,2258 "Odd-13-B-4";
832 0 1 833,834 "Odd-13-S-5";
833 0 0 835,2257 "Odd-13-A-5";
834 0 0 835,2256 "Odd-13-B-5";
835 0 1 836,837 "Odd-13-S-6";
836 0 0 838,2255 "Odd-13-A-6";
837 0 0 838,2254 "Odd-13-B-6";
838 0 1 839,827 "Odd-13-S-7";
839 0 0 841,2253 "Odd-13-A-7";
840 0 1 927,926 "Odd-7-S-1";
841 0 1 842,843 "Odd-13-S-8";
842 0 0 844,2251 "Odd-13-A-8";
843 0 0 844,2250 "Odd-13-B-8";
844 0 1 845,846 "Odd-13-S-9";
845 0 0 847,2249 "Odd-13-A-9";
846 0 0 847,2248 "Odd-13-B-9";
847 0 1 848,849 "Odd-13-S-10";
848 0 0 850,2247 "Odd-13-A-10";
849 0 0 850,2246 "Odd-13-B-10";
850 0 1 851,814 "Odd-13-S-11";
851 0 0 802,2245 "Odd-13-A-11";
852 0 0 866,2252 "Odd-8-B-7";
853 0 0 854,2260 "Odd-8-B-3";
854 0 1 855,856 "Odd-8-S-4";
855 0 0 857,2259 "Odd-8-A-4";
856 0 0 857,2258 "Odd-8-B-4";
857 0 1 858,859 "Odd-8-S-5";
858 0 0 860,2257 "Odd-8-A-5";
859 0 0 860,2256 "Odd-8-B-5";
860 0 1 861,862 "Odd-8-S-6";
861 0 0 863,2255 "Odd-8-A-6";
862 0 0 863,2254 "Odd-8-B-6";
863 0 1 864,852 "Odd-8-S-7";
864 0 0 866,2253 "Odd-8-A-7";
865 0 0 874,2259 "Odd-12-A-4";
866 0 1 1478,2250,2248,2246,2244,2242,2240,2238,2236,2234,2232,2230,2228,2226,2224,2222,2220,2218,2216,2214 "Odd-8-Z";
867 0 1 1560,2252,2250,2248,2246,2244,2242,2240,2238,2236,2234,2232,2230,2228,2226,2224,2222,2220,2218,2216,2214 "Odd-7-Z";
868 0 0 867,2254 "Odd-7-B-6";
869 0 0 867,2255 "Odd-7-A-6";
870 0 1 1922,2244,2242,2240,2238,2236,2234,2232,2230,2228,2226,2224,2222,2220,2218,2216,2214 "Odd-11-Z";
871 0 1 872,951 "Odd-3-S-0";
872 0 0 952,2267 "Odd-3-A-0";
873 0 0 874,2258 "Odd-12-B-4";
874 0 1 875,876 "Odd-12-S-5";
875 0 0 877,2257 "Odd-12-A-5";
876 0 0 877,2256 "Odd-12-B-5";
877 0 1 891,929 "Odd-12-S-6";
878 0 0 893,2267 "Odd-12-A-0";
879 0 0 885,2264 "Odd-8-B-1";
880 0 0 885,2265 "Odd-8-A-1";
881 0 1 880,879 "Odd-8-S-1";
882 0 0 881,2266 "Odd-8-B-0";
883 0 0 881,2267 "Odd-8-A-0";
884 0 1 883,882 "Odd-8-S-0";
885 0 1 886,887 "Odd-8-S-2";
886 0 0 888,2263 "Odd-8-A-2";
887 0 0 888,2262 "Odd-8-B-2";
888 0 1 889,853 "Odd-8-S-3";
889 0 0 854,2261 "Odd-8-A-3";
890 0 1 878,892 "Odd-12-S-0";
891 0 0 930,2255 "Odd-12-A-6";
892 0 0 893,2266 "Odd-12-B-0";
893 0 1 894,895 "Odd-12-S-1";
894 0 0 896,2265 "Odd-12-A-1";
895 0 0 896,2264 "Odd-12-B-1";
896 0 1 897,898 "Odd-12-S-2";
897 0 0 899,2263 "Odd-12-A-2";
898 0 0 899,2262 "Odd-12-B-2";
899 0 1 900,901 "Odd-12-S-3";
900 0 0 902,2261 "Odd-12-A-3";
901 0 0 902,2260 "Odd-12-B-3";
902 0 1 865,873 "Odd-12-S-4";
903 0 1 915,914 "Odd-7-S-5";
904 0 0 870,2247 "Odd-11-A-10";
905 0 1 904,916 "Odd-11-S-10";
906 0 0 905,2248 "Odd-11-B-9";
907 0 0 905,2249 "Odd-11-A-9";
908 0 1 907,906 "Odd-11-S-9";
909 0 0 908,2250 "Odd-11-B-8";
910 0 0 908,2251 "Odd-11-A-8";
911 0 1 910,909 "Odd-11-S-8";
912 0 0 911,2252 "Odd-11-B-7";
913 0 1 869,868 "Odd-7-S-6";
914 0 0 913,2256 "Odd-7-B-5";
915 0 0 913,2257 "Odd-7-A-5";
916 0 0 870,2246 "Odd-11-B-10";
917 0 0 903,2258 "Odd-7-B-4";
918 0 0 903,2259 "Odd-7-A-4";
919 0 1 918,917 "Odd-7-S-4";
920 0 0 919,2260 "Odd-7-B-3";
921 0 0 919,2261 "Odd-7-A-3";
922 0 1 921,920 "Odd-7-S-3";
923 0 0 922,2262 "Odd-7-B-2";
924 0 0 922,2263 "Odd-7-A-2";
925 0 1 924,923 "Odd-7-S-2";
926 0 0 925,2264 "Odd-7-B-1";
927 0 0 925,2265 "Odd-7-A-1";
928 0 0 942,2246 "Odd-12-B-10";
929 0 0 930,2254 "Odd-12-B-6";
930 0 1 931,932 "Odd-12-S-7";
931 0 0 933,2253 "Odd-12-A-7";
932 0 0 933,2252 "Odd-12-B-7";
933 0 1 934,935 "Odd-12-S-8";
934 0 0 936,2251 "Odd-12-A-8";
935 0 0 936,2250 "Odd-12-B-8";
936 0 1 937,938 "Odd-12-S-9";
937 0 0 939,2249 "Odd-12-A-9";
938 0 0 939,2248 "Odd-12-B-9";
939 0 1 940,928 "Odd-12-S-10";
940 0 0 942,2247 "Odd-12-A-10";
941 0 0 765,2263 "Odd-6-A-2";
942 0 1 943,944 "Odd-12-S-11";
943 0 0 945,2245 "Odd-12-A-11";
944 0 0 945,2244 "Odd-12-B-11";
945 0 1 2067,2242,2240,2238,2236,2234,2232,2230,2228,2226,2224,2222,2220,2218,2216,2214 "Odd-12-Z";
946 0 1 1603,2262,2260,2258,2256,2254,2252,2250,2248,2246,2244,2242,2240,2238,2236,2234,2232,2230,2228,2226,2224,2222,2220,2218,2216,2214 "Odd-2-Z";
947 0 0 946,2264 "Odd-2-B-1";
948 0 0 946,2265 "Odd-2-A-1";
949 0 1 948,947 "Odd-2-S-1";
950 0 0 949,2266 "Odd-2-B-0";
951 0 0 952,2266 "Odd-3-B-0";
952 0 1 754,755 "Odd-3-S-1";
953 0 0 965,2260 "Odd-4-B-3";
954 0 0 966,2256 "Odd-10-B-5";
955 0 0 966,2257 "Odd-10-A-5";
956 0 1 955,954 "Odd-10-S-5";
957 0 0 956,2258 "Odd-10-B-4";
958 0 0 956,2259 "Odd-10-A-4";
959 0 1 958,957 "Odd-10-S-4";
960 0 0 959,2260 "Odd-10-B-3";
961 0 0 959,2261 "Odd-10-A-3";
962 0 1 961,960 "Odd-10-S-3";
963 0 0 962,2262 "Odd-10-B-2";
964 0 0 962,2263 "Odd-10-A-2";
965 0 1 1403,2258,2256,2254,2252,2250,2248,2246,2244,2242,2240,2238,2236,2234,2232,2230,2228,2226,2224,2222,2220,2218,2216,2214 "Odd-4-Z";
966 0 1 1003,1002 "Odd-10-S-6";
967 0 0 965,2261 "Odd-4-A-3";
968 0 1 967,953 "Odd-4-S-3";
969 0 1 970,971 "Odd-14-S-0";
970 0 0 972,2267 "Odd-14-A-0";
971 0 0 972,2266 "Odd-14-B-0";
972 0 1 973,974 "Odd-14-S-1";
973 0 0 975,2265 "Odd-14-A-1";
974 0 0 975,2264 "Odd-14-B-1";
975 0 1 976,977 "Odd-14-S-2";
976 0 0 978,2263 "Odd-14-A-2";
977 0 0 978,2262 "Odd-14-B-2";
978 0 1 992,1030 "Odd-14-S-3";
979 0 0 990,2267 "Odd-5-A-0";
980 0 0 1065,2259 "Odd-5-A-4";
981 0 1 980,1077 "Odd-5-S-4";
982 0 0 981,2260 "Odd-5-B-3";
983 0 0 981,2261 "Odd-5-A-3";
984 0 1 983,982 "Odd-5-S-3";
985 0 0 984,2262 "Odd-5-B-2";
986 0 0 984,2263 "Odd-5-A-2";
987 0 1 986,985 "Odd-5-S-2";
988 0 0 987,2264 "Odd-5-B-1";
989 0 0 987,2265 "Odd-5-A-1";
990 0 1 989,988 "Odd-5-S-1";
991 0 0 990,2266 "Odd-5-B-0";
992 0 0 1031,2261 "Odd-14-A-3";
993 0 1 979,991 "Odd-5-S-0";
994 0 0 1079,2249 "Odd-10-A-9";
995 0 1 994,1076 "Odd-10-S-9";
996 0 0 995,2250 "Odd-10-B-8";
997 0 0 995,2251 "Odd-10-A-8";
998 0 1 997,996 "Odd-10-S-8";
999 0 0 998,2252 "Odd-10-B-7";
1000 0 0 998,2253 "Odd-10-A-7";
1001 0 1 1000,999 "Odd-10-S-7";
1002 0 0 1001,2254 "Odd-10-B-6";
1003 0 0 1001,2255 "Odd-10-A-6";
1004 0 0 1015,2265 "Odd-4-A-1";
1005 0 1 1006,1007 "Odd-14-S-12";
1006 0 0 1008,2243 "Odd-14-A-12";
1007 0 0 1008,2242 "Odd-14-B-12";
1008 0 1 1009,1010 "Odd-14-S-13";
1009 0 0 1011,2241 "Odd-14-A-13";
1010 0 0 1011,2240 "Odd-14-B-13";
1011 0 1 1736,2238,2236,2234,2232,2230,2228,2226,2224,2222,2220,2218,2216,2214 "Odd-14-Z";
1012 0 0 968,2262 "Odd-4-B-2";
1013 0 0 968,2263 "Odd-4-A-2";
1014 0 1 1785,2266,2264,2262,2260,2258,2256,2254,2252,2250,2248,2246,2244,2242,2240,2238,2236,2234,2232,2230,2228,2226,2224,2222,2220,2218,2216,2214 "Odd-0-Z";
1015 0 1 1013,1012 "Odd-4-S-2";
1016 0 0 1015,2264 "Odd-4-B-1";
1017 0 0 1005,2244 "Odd-14-B-11";
1018 0 1 1004,1016 "Odd-4-S-1";
1019 0 0 1018,2266 "Odd-4-B-0";
1020 0 0 1018,2267 "Odd-4-A-0";
1021 0 1 1020,1019 "Odd-4-S-0";
1022 0 1 964,963 "Odd-10-S-2";
1023 0 0 1022,2264 "Odd-10-B-1";
1024 0 0 1022,2265 "Odd-10-A-1";
1025 0 1 1024,1023 "Odd-10-S-1";
1026 0 0 1025,2266 "Odd-10-B-0";
1027 0 0 1025,2267 "Odd-10-A-0";
1028 0 1 1027,1026 "Odd-10-S-0";
1029 0 0 1043,2252 "Odd-14-B-7";
1030 0 0 1031,2260 "Odd-14-B-3";
1031 0 1 1032,1033 "Odd-14-S-4";
1032 0 0 1034,2259 "Odd-14-A-4";
1033 0 0 1034,2258 "Odd-14-B-4";
1034 0 1 1035,1036 "Odd-14-S-5";
1035 0 0 1037,2257 "Odd-14-A-5";
1036 0 0 1037,2256 "Odd-14-B-5";
1037 0 1 1038,1039 "Odd-14-S-6";
1038 0 0 1040,2255 "Odd-14-A-6";
1039 0 0 1040,2254 "Odd-14-B-6";
1040 0 1 1041,1029 "Odd-14-S-7";
1041 0 0 1043,2253 "Odd-14-A-7";
1042 0 0 1060,2258 "Odd-9-B-4";
1043 0 1 1044,1045 "Odd-14-S-8";
1044 0 0 1046,2251 "Odd-14-A-8";
1045 0 0 1046,2250 "Odd-14-B-8";
1046 0 1 1047,1048 "Odd-14-S-9";
1047 0 0 1049,2249 "Odd-14-A-9";
1048 0 0 1049,2248 "Odd-14-B-9";
1049 0 1 1050,1051 "Odd-14-S-10";
1050 0 0 1052,2247 "Odd-14-A-10";
1051 0 0 1052,2246 "Odd-14-B-10";
1052 0 1 1053,1017 "Odd-14-S-11";
1053 0 0 1005,2245 "Odd-14-A-11";
1054 0 0 1064,2266 "Odd-1-B-0";
1055 0 1 2176,2260,2258,2256,2254,2252,2250,2248,2246,2244,2242,2240,2238,2236,2234,2232,2230,2228,2226,2224,2222,2220,2218,2216,2214 "Odd-3-Z";
1056 0 0 1060,2259 "Odd-9-A-4";
1057 0 0 1059,2243 "Odd-13-A-12";
1058 0 0 1059,2242 "Odd-13-B-12";
1059 0 1 1578,2240,2238,2236,2234,2232,2230,2228,2226,2224,2222,2220,2218,2216,2214 "Odd-13-Z";
1060 0 1 1066,1067 "Odd-9-S-5";
1061 0 1 1109,2248,2246,2244,2242,2240,2238,2236,2234,2232,2230,2228,2226,2224,2222,2220,2218,2216,2214 "Odd-9-Z";
1062 0 0 1061,2250 "Odd-9-B-8";
1063 0 0 1061,2251 "Odd-9-A-8";
1064 0 1 1732,2264,2262,2260,2258,2256,2254,2252,2250,2248,2246,2244,2242,2240,2238,2236,2234,2232,2230,2228,2226,2224,2222,2220,2218,2216,2214 "Odd-1-Z";
1065 0 1 1387,2256,2254,2252,2250,2248,2246,2244,2242,2240,2238,2236,2234,2232,2230,2228,2226,2224,2222,2220,2218,2216,2214 "Odd-5-Z";
1066 0 0 1068,2257 "Odd-9-A-5";
1067 0 0 1068,2256 "Odd-9-B-5";
1068 0 1 1069,1070 "Odd-9-S-6";
1069 0 0 1071,2255 "Odd-9-A-6";
1070 0 0 1071,2254 "Odd-9-B-6";
1071 0 1 1072,1073 "Odd-9-S-7";
1072 0 0 1074,2253 "Odd-9-A-7";
1073 0 0 1074,2252 "Odd-9-B-7";
1074 0 1 1063,1062 "Odd-9-S-8";
1075 0 0 1064,2267 "Odd-1-A-0";
1076 0 0 1079,2248 "Odd-10-B-9";
1077 0 0 1065,2258 "Odd-5-B-4";
1078 0 1 1075,1054 "Odd-1-S-0";
1079 0 1 1972,2246,2244,2242,2240,2238,2236,2234,2232,2230,2228,2226,2224,2222,2220,2218,2216,2214 "Odd-10-Z";
1080 1 1 1093,2226 "Even-23-A-20";
1081 1 0 1082,1083 "Even-23-S-17";
1082 1 1 1084,2232 "Even-23-A-17";
1083 1 1 1084,2233 "Even-23-B-17";
1084 1 0 1085,1086 "Even-23-S-18";
1085 1 1 1087,2230 "Even-23-A-18";
1086 1 1 1087,2231 "Even-23-B-18";
1087 1 0 1088,1089 "Even-23-S-19";
1088 1 1 1090,2228 "Even-23-A-19";
1089 1 1 1090,2229 "Even-23-B-19";
1090 1 0 1080,1092 "Even-23-S-20";
1091 1 1 1120,2237 "Even-23-B-15";
1092 1 1 1093,2227 "Even-23-B-20";
1093 1 0 1094,1095 "Even-23-S-21";
1094 1 1 1096,2224 "Even-23-A-21";
1095 1 1 1096,2225 "Even-23-B-21";
1096 1 0 1097,1098 "Even-23-S-22";
1097 1 1 1099,2222 "Even-23-A-22";
1098 1 1 1099,2223 "Even-23-B-22";
1099 1 0 2197,2219,2217,2215 "Even-23-Z";
1100 1 0 1155,1146 "Even-22-S-4";
1101 1 1 1114,2240 "Even-23-A-13";
1102 1 1 2008,2240 "Even-21-A-13";
1103 1 1 1104,2253 "Even-9-B-7";
1104 1 0 1105,1106 "Even-9-S-8";
1105 1 1 1107,2250 "Even-9-A-8";
1106 1 1 1107,2251 "Even-9-B-8";
1107 1 0 2196,2247,2245,2243,2241,2239,2237,2235,2233,2231,2229,2227,2225,2223,2221,2219,2217,2215 "Even-9-Z";
1108 1 1 1110,2219 "Even-26-B-24";
1109 1 0 2303,801 "Odd-9-T";
1110 1 0 1187,1186 "Even-26-S-25";
1111 1 1 1100,2261 "Even-22-B-3";
1112 1 1 1081,2235 "Even-23-B-16";
1113 1 1 1114,2241 "Even-23-B-13";
1114 1 0 1115,1116 "Even-23-S-14";
1115 1 1 1117,2238 "Even-23-A-14";
1116 1 1 1117,2239 "Even-23-B-14";
1117 1 0 1118,1091 "Even-23-S-15";
1118 1 1 1120,2236 "Even-23-A-15";
1119 1 1 1244,2220 "Even-26-A-23";
1120 1 0 1121,1112 "Even-23-S-16";
1121 1 1 1081,2234 "Even-23-A-16";
1122 1 0 1132,1131 "Even-22-S-12";
1123 1 1 1125,2252 "Even-22-A-7";
1124 1 1 1125,2253 "Even-22-B-7";
1125 1 0 1145,1143 "Even-22-S-8";
1126 1 1 1197,2238 "Even-22-A-14";
1127 1 0 1126,1196 "Even-22-S-14";
1128 1 1 1127,2241 "Even-22-B-13";
1129 1 1 1127,2240 "Even-22-A-13";
1130 1 0 1129,1128 "Even-22-S-13";
1131 1 1 1130,2243 "Even-22-B-12";
1132 1 1 1130,2242 "Even-22-A-12";
1133 1 0 1123,1124 "Even-22-S-7";
1134 1 1 1122,2245 "Even-22-B-11";
1135 1 1 1122,2244 "Even-22-A-11";
1136 1 0 1135,1134 "Even-22-S-11";
1137 1 1 1136,2247 "Even-22-B-10";
1138 1 1 1136,2246 "Even-22-A-10";
1139 1 0 1138,1137 "Even-22-S-10";
1140 1 1 1139,2249 "Even-22-B-9";
1141 1 1 1139,2248 "Even-22-A-9";
1142 1 0 1141,1140 "Even-22-S-9";
1143 1 1 1142,2251 "Even-22-B-8";
1144 1 1 1153,2264 "Even-9-A-1";
1145 1 1 1142,2250 "Even-22-A-8";
1146 1 1 1148,2259 "Even-22-B-4";
1147 1 0 2275,604 "Odd-23-T";
1148 1 0 1149,1150 "Even-22-S-5";
1149 1 1 1156,2256 "Even-22-A-5";
1150 1 1 1156,2257 "Even-22-B-5";
1151 1 0 1119,1243 "Even-26-S-23";
1152 1 1 1250,2262 "Even-9-A-2";
1153 1 0 1152,1248 "Even-9-S-2";
1154 1 1 1153,2265 "Even-9-B-1";
1155 1 1 1148,2258 "Even-22-A-4";
1156 1 0 1157,1158 "Even-22-S-6";
1157 1 1 1133,2254 "Even-22-A-6";
1158 1 1 1133,2255 "Even-22-B-6";
1159 1 0 1144,1154 "Even-9-S-1";
1160 1 1 1159,2267 "Even-9-B-0";
1161 1 1 1159,2266 "Even-9-A-0";
1162 1 0 1161,1160 "Even-9-S-0";
1163 1 1 1151,2223 "Even-26-B-22";
1164 1 1 1151,2222 "Even-26-A-22";
1165 1 0 1164,1163 "Even-26-S-22";
1166 1 1 1177,2264 "Even-10-A-1";
1167 1 0 2199,2221,2219,2217,2215 "Even-22-Z";
1168 1 1 1360,2263 "Even-4-B-2";
1169 1 0 2277,624 "Odd-22-T";
1170 1 0 2269,525 "Odd-26-T";
1171 1 0 1991,1992 "Even-10-S-4";
1172 1 1 1171,2261 "Even-10-B-3";
1173 1 1 1171,2260 "Even-10-A-3";
1174 1 0 1173,1172 "Even-10-S-3";
1175 1 1 1174,2263 "Even-10-B-2";
1176 1 1 1174,2262 "Even-10-A-2";
1177 1 0 1176,1175 "Even-10-S-2";
1178 1 1 1177,2265 "Even-10-B-1";
1179 1 1 1167,2225 "Even-22-B-21";
1180 1 0 1166,1178 "Even-10-S-1";
1181 1 1 1180,2267 "Even-10-B-0";
1182 1 1 1180,2266 "Even-10-A-0";
1183 1 1 1100,2260 "Even-22-A-3";
1184 1 0 1182,1181 "Even-10-S-0";
1185 1 0 2202 "Even-26-Z";
1186 1 1 1185,2217 "Even-26-B-25";
1187 1 1 1185,2216 "Even-26-A-25";
1188 1 1 1194,2264 "Even-23-A-1";
1189 1 0 1188,1193 "Even-23-S-1";
1190 1 1 1189,2267 "Even-23-B-0";
1191 1 1 1189,2266 "Even-23-A-0";
1192 1 1 1206,2233 "Even-22-B-17";
1193 1 1 1194,2265 "Even-23-B-1";
1194 1 0 1195,1245 "Even-23-S-2";
1195 1 1 1247,2262 "Even-23-A-2";
1196 1 1 1197,2239 "Even-22-B-14";
1197 1 0 1198,1199 "Even-22-S-15";
1198 1 1 1200,2236 "Even-22-A-15";
1199 1 1 1200,2237 "Even-22-B-15";
1200 1 0 1201,1202 "Even-22-S-16";
1201 1 1 1203,2234 "Even-22-A-16";
1202 1 1 1203,2235 "Even-22-B-16";
1203 1 0 1204,1192 "Even-22-S-17";
1204 1 1 1206,2232 "Even-22-A-17";
1205 1 0 1191,1190 "Even-23-S-0";
1206 1 0 1207,1208 "Even-22-S-18";
1207 1 1 1209,2230 "Even-22-A-18";
1208 1 1 1209,2231 "Even-22-B-18";
1209 1 0 1210,1211 "Even-22-S-19";
1210 1 1 1212,2228 "Even-22-A-19";
1211 1 1 1212,2229 "Even-22-B-19";
1212 1 0 1213,1214 "Even-22-S-20";
1213 1 1 1215,2226 "Even-22-A-20";
1214 1 1 1215,2227 "Even-22-B-20";
1215 1 0 1216,1179 "Even-22-S-21";
1216 1 1 1167,2224 "Even-22-A-21";
1217 1 1 1231,2261 "Even-9-B-3";
1218 1 1 1220,2248 "Even-23-A-9";
1219 1 1 1220,2249 "Even-23-B-9";
1220 1 0 1221,1222 "Even-23-S-10";
1221 1 1 1223,2246 "Even-23-A-10";
1222 1 1 1223,2247 "Even-23-B-10";
1223 1 0 1224,1225 "Even-23-S-11";
1224 1 1 1226,2244 "Even-23-A-11";
1225 1 1 1226,2245 "Even-23-B-11";
1226 1 0 1227,1228 "Even-23-S-12";
1227 1 1 1239,2242 "Even-23-A-12";
1228 1 1 1239,2243 "Even-23-B-12";
1229 1 1 1231,2260 "Even-9-A-3";
1230 1 0 1218,1219 "Even-23-S-9";
1231 1 0 1232,1233 "Even-9-S-4";
1232 1 1 1234,2258 "Even-9-A-4";
1233 1 1 1234,2259 "Even-9-B-4";
1234 1 0 1235,1236 "Even-9-S-5";
1235 1 1 1237,2256 "Even-9-A-5";
1236 1 1 1237,2257 "Even-9-B-5";
1237 1 0 1238,1240 "Even-9-S-6";
1238 1 1 1241,2254 "Even-9-A-6";
1239 1 0 1101,1113 "Even-23-S-13";
1240 1 1 1241,2255 "Even-9-B-6";
1241 1 0 1255,1103 "Even-9-S-7";
1242 1 0 1256,1257 "Even-23-S-5";
1243 1 1 1244,2221 "Even-26-B-23";
1244 1 0 1246,1108 "Even-26-S-24";
1245 1 1 1247,2263 "Even-23-B-2";
1246 1 1 1110,2218 "Even-26-A-24";
1247 1 0 1249,1251 "Even-23-S-3";
1248 1 1 1250,2263 "Even-9-B-2";
1249 1 1 1252,2260 "Even-23-A-3";
1250 1 0 1229,1217 "Even-9-S-3";
1251 1 1 1252,2261 "Even-23-B-3";
1252 1 0 1253,1254 "Even-23-S-4";
1253 1 1 1242,2258 "Even-23-A-4";
1254 1 1 1242,2259 "Even-23-B-4";
1255 1 1 1104,2252 "Even-9-A-7";
1256 1 1 1258,2256 "Even-23-A-5";
1257 1 1 1258,2257 "Even-23-B-5";
1258 1 0 1259,1260 "Even-23-S-6";
1259 1 1 1261,2254 "Even-23-A-6";
1260 1 1 1261,2255 "Even-23-B-6";
1261 1 0 1262,1263 "Even-23-S-7";
1262 1 1 1264,2252 "Even-23-A-7";
1263 1 1 1264,2253 "Even-23-B-7";
1264 1 0 1265,1266 "Even-23-S-8";
1265 1 1 1230,2250 "Even-23-A-8";
1266 1 1 1230,2251 "Even-23-B-8";
1267 1 0 1276,1275 "Even-25-S-18";
1268 1 0 1277,1305 "Even-25-S-21";
1269 1 1 1268,2227 "Even-25-B-20";
1270 1 1 1268,2226 "Even-25-A-20";
1271 1 0 1270,1269 "Even-25-S-20";
1272 1 1 1271,2229 "Even-25-B-19";
1273 1 1 1271,2228 "Even-25-A-19";
1274 1 0 1273,1272 "Even-25-S-19";
1275 1 1 1274,2231 "Even-25-B-18";
1276 1 1 1274,2230 "Even-25-A-18";
1277 1 1 1304,2224 "Even-25-A-21";
1278 1 1 1267,2233 "Even-25-B-17";
1279 1 1 1267,2232 "Even-25-A-17";
1280 1 0 1279,1278 "Even-25-S-17";
1281 1 1 1280,2235 "Even-25-B-16";
1282 1 1 1280,2234 "Even-25-A-16";
1283 1 0 1282,1281 "Even-25-S-16";
1284 1 1 1283,2237 "Even-25-B-15";
1285 1 1 1283,2236 "Even-25-A-15";
1286 1 0 1285,1284 "Even-25-S-15";
1287 1 1 1295,2218 "Even-25-A-24";
1288 1 1 1289,2261 "Even-6-B-3";
1289 1 0 1290,1291 "Even-6-S-4";
1290 1 1 1518,2258 "Even-6-A-4";
1291 1 1 1518,2259 "Even-6-B-4";
1292 1 1 1294,2239 "Even-26-B-14";
1293 1 0 2271,460 "Odd-25-T";
1294 1 0 1525,1526 "Even-26-S-15";
1295 1 0 2213,2215 "Even-25-Z";
1296 1 1 1295,2219 "Even-25-B-24";
1297 1 1 1286,2239 "Even-25-B-14";
1298 1 0 1287,1296 "Even-25-S-24";
1299 1 1 1298,2221 "Even-25-B-23";
1300 1 1 1298,2220 "Even-25-A-23";
1301 1 0 1300,1299 "Even-25-S-23";
1302 1 1 1301,2223 "Even-25-B-22";
1303 1 1 1301,2222 "Even-25-A-22";
1304 1 0 1303,1302 "Even-25-S-22";
1305 1 1 1304,2225 "Even-25-B-21";
1306 1 0 1315,1314 "Even-25-S-5";
1307 1 0 1316,1343 "Even-25-S-8";
1308 1 1 1307,2253 "Even-25-B-7";
1309 1 1 1307,2252 "Even-25-A-7";
1310 1 0 1309,1308 "Even-25-S-7";
1311 1 1 1310,2255 "Even-25-B-6";
1312 1 1 1310,2254 "Even-25-A-6";
1313 1 0 1312,1311 "Even-25-S-6";
1314 1 1 1313,2257 "Even-25-B-5";
1315 1 1 1313,2256 "Even-25-A-5";
1316 1 1 1342,2250 "Even-25-A-8";
1317 1 1 1306,2259 "Even-25-B-4";
1318 1 1 1306,2258 "Even-25-A-4";
1319 1 0 1318,1317 "Even-25-S-4";
1320 1 1 1319,2261 "Even-25-B-3";
1321 1 1 1319,2260 "Even-25-A-3";
1322 1 0 1321,1320 "Even-25-S-3";
1323 1 1 1322,2263 "Even-25-B-2";
1324 1 1 1322,2262 "Even-25-A-2";
1325 1 1 1333,2244 "Even-25-A-11";
1326 1 1 1286,2238 "Even-25-A-14";
1327 1 0 1326,1297 "Even-25-S-14";
1328 1 1 1327,2241 "Even-25-B-13";
1329 1 1 1327,2240 "Even-25-A-13";
1330 1 0 1329,1328 "Even-25-S-13";
1331 1 1 1330,2243 "Even-25-B-12";
1332 1 1 1330,2242 "Even-25-A-12";
1333 1 0 1332,1331 "Even-25-S-12";
1334 1 1 1333,2245 "Even-25-B-11";
1335 1 1 1289,2260 "Even-6-A-3";
1336 1 0 1325,1334 "Even-25-S-11";
1337 1 1 1336,2247 "Even-25-B-10";
1338 1 1 1336,2246 "Even-25-A-10";
1339 1 0 1338,1337 "Even-25-S-10";
1340 1 1 1339,2249 "Even-25-B-9";
1341 1 1 1339,2248 "Even-25-A-9";
1342 1 0 1341,1340 "Even-25-S-9";
1343 1 1 1342,2251 "Even-25-B-8";
1344 1 1 1353,2267 "Even-26-B-0";
1345 1 1 1354,2261 "Even-26-B-3";
1346 1 1 1354,2260 "Even-26-A-3";
1347 1 0 1346,1345 "Even-26-S-3";
1348 1 1 1347,2263 "Even-26-B-2";
1349 1 1 1347,2262 "Even-26-A-2";
1350 1 0 1349,1348 "Even-26-S-2";
1351 1 1 1350,2265 "Even-26-B-1";
1352 1 1 1350,2264 "Even-26-A-1";
1353 1 0 1352,1351 "Even-26-S-1";
1354 1 0 1382,1381 "Even-26-S-4";
1355 1 1 1353,2266 "Even-26-A-0";
1356 1 0 1355,1344 "Even-26-S-0";
1357 1 1 1359,2246 "Even-26-A-10";
1358 1 1 1359,2247 "Even-26-B-10";
1359 1 0 1374,1404 "Even-26-S-11";
1360 1 0 1361,1362 "Even-4-S-3";
1361 1 1 1363,2260 "Even-4-A-3";
1362 1 1 1363,2261 "Even-4-B-3";
1363 1 0 2190,2257,2255,2253,2251,2249,2247,2245,2243,2241,2239,2237,2235,2233,2231,2229,2227,2225,2223,2221,2219,2217,2215 "Even-4-Z";
1364 1 0 1373,1372 "Even-26-S-7";
1365 1 0 1357,1358 "Even-26-S-10";
1366 1 1 1365,2249 "Even-26-B-9";
1367 1 1 1365,2248 "Even-26-A-9";
1368 1 0 1367,1366 "Even-26-S-9";
1369 1 1 1368,2251 "Even-26-B-8";
1370 1 1 1368,2250 "Even-26-A-8";
1371 1 0 1370,1369 "Even-26-S-8";
1372 1 1 1371,2253 "Even-26-B-7";
1373 1 1 1371,2252 "Even-26-A-7";
1374 1 1 1405,2244 "Even-26-A-11";
1375 1 1 1364,2255 "Even-26-B-6";
1376 1 1 1364,2254 "Even-26-A-6";
1377 1 0 1376,1375 "Even-26-S-6";
1378 1 1 1377,2257 "Even-26-B-5";
1379 1 1 1377,2256 "Even-26-A-5";
1380 1 0 1379,1378 "Even-26-S-5";
1381 1 1 1380,2259 "Even-26-B-4";
1382 1 1 1380,2258 "Even-26-A-4";
1383 1 1 1395,2266 "Even-6-A-0";
1384 1 1 1385,2259 "Even-5-B-4";
1385 1 0 2212,2255,2253,2251,2249,2247,2245,2243,2241,2239,2237,2235,2233,2231,2229,2227,2225,2223,2221,2219,2217,2215 "Even-5-Z";
1386 1 0 1388,1389 "Even-26-S-13";
1387 1 0 2311,993 "Odd-5-T";
1388 1 1 1390,2240 "Even-26-A-13";
1389 1 1 1390,2241 "Even-26-B-13";
1390 1 0 1391,1292 "Even-26-S-14";
1391 1 1 1294,2238 "Even-26-A-14";
1392 1 0 1383,1394 "Even-6-S-0";
1393 1 1 1385,2258 "Even-5-A-4";
1394 1 1 1395,2267 "Even-6-B-0";
1395 1 0 1396,1397 "Even-6-S-1";
1396 1 1 1398,2264 "Even-6-A-1";
1397 1 1 1398,2265 "Even-6-B-1";
1398 1 0 1399,1400 "Even-6-S-2";
1399 1 1 1401,2262 "Even-6-A-2";
1400 1 1 1401,2263 "Even-6-B-2";
1401 1 0 1335,1288 "Even-6-S-3";
1402 1 1 1414,2264 "Even-5-A-1";
1403 1 0 2313,1021 "Odd-4-T";
1404 1 1 1405,2245 "Even-26-B-11";
1405 1 0 1406,1407 "Even-26-S-12";
1406 1 1 1386,2242 "Even-26-A-12";
1407 1 1 1386,2243 "Even-26-B-12";
1408 1 0 1409,1410 "Even-5-S-0";
1409 1 1 1411,2266 "Even-5-A-0";
1410 1 1 1411,2267 "Even-5-B-0";
1411 1 0 1402,1413 "Even-5-S-1";
1412 1 0 1324,1323 "Even-25-S-2";
1413 1 1 1414,2265 "Even-5-B-1";
1414 1 0 1415,1416 "Even-5-S-2";
1415 1 1 1417,2262 "Even-5-A-2";
1416 1 1 1417,2263 "Even-5-B-2";
1417 1 0 1418,1419 "Even-5-S-3";
1418 1 1 1420,2260 "Even-5-A-3";
1419 1 1 1420,2261 "Even-5-B-3";
1420 1 0 1393,1384 "Even-5-S-4";
1421 1 1 1430,2259 "Even-24-B-4";
1422 1 1 1431,2253 "Even-24-B-7";
1423 1 1 1431,2252 "Even-24-A-7";
1424 1 0 1423,1422 "Even-24-S-7";
1425 1 1 1424,2255 "Even-24-B-6";
1426 1 1 1424,2254 "Even-24-A-6";
1427 1 0 1426,1425 "Even-24-S-6";
1428 1 1 1427,2257 "Even-24-B-5";
1429 1 1 1427,2256 "Even-24-A-5";
1430 1 0 1429,1428 "Even-24-S-5";
1431 1 0 1459,1458 "Even-24-S-8";
1432 1 1 1430,2258 "Even-24-A-4";
1433 1 0 1432,1421 "Even-24-S-4";
1434 1 1 1433,2261 "Even-24-B-3";
1435 1 1 1433,2260 "Even-24-A-3";
1436 1 0 1435,1434 "Even-24-S-3";
1437 1 1 1436,2263 "Even-24-B-2";
1438 1 1 1436,2262 "Even-24-A-2";
1439 1 0 1438,1437 "Even-24-S-2";
1440 1 1 1439,2265 "Even-24-B-1";
1441 1 0 1450,1449 "Even-24-S-11";
1442 1 0 1489,1555 "Even-24-S-14";
1443 1 1 1442,2241 "Even-24-B-13";
1444 1 1 1442,2240 "Even-24-A-13";
1445 1 0 1444,1443 "Even-24-S-13";
1446 1 1 1445,2243 "Even-24-B-12";
1447 1 1 1445,2242 "Even-24-A-12";
1448 1 0 1447,1446 "Even-24-S-12";
1449 1 1 1448,2245 "Even-24-B-11";
1450 1 1 1448,2244 "Even-24-A-11";
1451 1 1 1439,2264 "Even-24-A-1";
1452 1 1 1441,2247 "Even-24-B-10";
1453 1 1 1441,2246 "Even-24-A-10";
1454 1 0 1453,1452 "Even-24-S-10";
1455 1 1 1454,2249 "Even-24-B-9";
1456 1 1 1454,2248 "Even-24-A-9";
1457 1 0 1456,1455 "Even-24-S-9";
1458 1 1 1457,2251 "Even-24-B-8";
1459 1 1 1457,2250 "Even-24-A-8";
1460 1 0 1471,1472 "Even-8-S-6";
1461 1 0 1462,1463 "Even-8-S-3";
1462 1 1 1464,2260 "Even-8-A-3";
1463 1 1 1464,2261 "Even-8-B-3";
1464 1 0 1465,1466 "Even-8-S-4";
1465 1 1 1467,2258 "Even-8-A-4";
1466 1 1 1467,2259 "Even-8-B-4";
1467 1 0 1468,1469 "Even-8-S-5";
1468 1 1 1460,2256 "Even-8-A-5";
1469 1 1 1460,2257 "Even-8-B-5";
1470 1 1 1461,2263 "Even-8-B-2";
1471 1 1 1473,2254 "Even-8-A-6";
1472 1 1 1473,2255 "Even-8-B-6";
1473 1 0 1474,1475 "Even-8-S-7";
1474 1 1 1476,2252 "Even-8-A-7";
1475 1 1 1476,2253 "Even-8-B-7";
1476 1 0 2195,2249,2247,2245,2243,2241,2239,2237,2235,2233,2231,2229,2227,2225,2223,2221,2219,2217,2215 "Even-8-Z";
1477 1 1 1165,2224 "Even-26-A-21";
1478 1 0 2305,884 "Odd-8-T";
1479 1 0 1477,1566 "Even-26-S-21";
1480 1 0 1451,1440 "Even-24-S-1";
1481 1 1 1480,2267 "Even-24-B-0";
1482 1 1 1480,2266 "Even-24-A-0";
1483 1 0 1482,1481 "Even-24-S-0";
1484 1 1 1486,2228 "Even-26-A-19";
1485 1 1 1486,2229 "Even-26-B-19";
1486 1 0 1487,1488 "Even-26-S-20";
1487 1 1 1479,2226 "Even-26-A-20";
1488 1 1 1479,2227 "Even-26-B-20";
1489 1 1 1554,2238 "Even-24-A-14";
1490 1 0 1491,1492 "Even-8-S-0";
1491 1 1 1493,2266 "Even-8-A-0";
1492 1 1 1493,2267 "Even-8-B-0";
1493 1 0 1494,1495 "Even-8-S-1";
1494 1 1 1496,2264 "Even-8-A-1";
1495 1 1 1496,2265 "Even-8-B-1";
1496 1 0 1497,1470 "Even-8-S-2";
1497 1 1 1461,2262 "Even-8-A-2";
1498 1 0 1509,1510 "Even-7-S-3";
1499 1 0 1500,1501 "Even-7-S-0";
1500 1 1 1502,2266 "Even-7-A-0";
1501 1 1 1502,2267 "Even-7-B-0";
1502 1 0 1503,1504 "Even-7-S-1";
1503 1 1 1505,2264 "Even-7-A-1";
1504 1 1 1505,2265 "Even-7-B-1";
1505 1 0 1506,1507 "Even-7-S-2";
1506 1 1 1498,2262 "Even-7-A-2";
1507 1 1 1498,2263 "Even-7-B-2";
1508 1 1 1559,2233 "Even-26-B-17";
1509 1 1 1511,2260 "Even-7-A-3";
1510 1 1 1511,2261 "Even-7-B-3";
1511 1 0 1512,1513 "Even-7-S-4";
1512 1 1 1514,2258 "Even-7-A-4";
1513 1 1 1514,2259 "Even-7-B-4";
1514 1 0 1515,1516 "Even-7-S-5";
1515 1 1 1517,2256 "Even-7-A-5";
1516 1 1 1517,2257 "Even-7-B-5";
1517 1 0 1528,1557 "Even-7-S-6";
1518 1 0 1529,1530 "Even-6-S-5";
1519 1 1 1412,2265 "Even-25-B-1";
1520 1 1 1412,2264 "Even-25-A-1";
1521 1 0 1520,1519 "Even-25-S-1";
1522 1 1 1521,2267 "Even-25-B-0";
1523 1 1 1521,2266 "Even-25-A-0";
1524 1 0 1523,1522 "Even-25-S-0";
1525 1 1 1527,2236 "Even-26-A-15";
1526 1 1 1527,2237 "Even-26-B-15";
1527 1 0 1532,1534 "Even-26-S-16";
1528 1 1 1558,2254 "Even-7-A-6";
1529 1 1 1531,2256 "Even-6-A-5";
1530 1 1 1531,2257 "Even-6-B-5";
1531 1 0 2211,2253,2251,2249,2247,2245,2243,2241,2239,2237,2235,2233,2231,2229,2227,2225,2223,2221,2219,2217,2215 "Even-6-Z";
1532 1 1 1535,2234 "Even-26-A-16";
1533 1 0 2309,810 "Odd-6-T";
1534 1 1 1535,2235 "Even-26-B-16";
1535 1 0 1536,1508 "Even-26-S-17";
1536 1 1 1559,2232 "Even-26-A-17";
1537 1 1 1545,2232 "Even-24-A-17";
1538 1 1 1574,2226 "Even-24-A-20";
1539 1 0 1538,1547 "Even-24-S-20";
1540 1 1 1539,2229 "Even-24-B-19";
1541 1 1 1539,2228 "Even-24-A-19";
1542 1 0 1541,1540 "Even-24-S-19";
1543 1 1 1542,2231 "Even-24-B-18";
1544 1 1 1542,2230 "Even-24-A-18";
1545 1 0 1544,1543 "Even-24-S-18";
1546 1 1 1545,2233 "Even-24-B-17";
1547 1 1 1574,2227 "Even-24-B-20";
1548 1 0 1537,1546 "Even-24-S-17";
1549 1 1 1548,2235 "Even-24-B-16";
1550 1 1 1548,2234 "Even-24-A-16";
1551 1 0 1550,1549 "Even-24-S-16";
1552 1 1 1551,2237 "Even-24-B-15";
1553 1 1 1551,2236 "Even-24-A-15";
1554 1 0 1553,1552 "Even-24-S-15";
1555 1 1 1554,2239 "Even-24-B-14";
1556 1 1 1565,2221 "Even-24-B-23";
1557 1 1 1558,2255 "Even-7-B-6";
1558 1 0 2193,2251,2249,2247,2245,2243,2241,2239,2237,2235,2233,2231,2229,2227,2225,2223,2221,2219,2217,2215 "Even-7-Z";
1559 1 0 1561,1562 "Even-26-S-18";
1560 1 0 2307,779 "Odd-7-T";
1561 1 1 1564,2230 "Even-26-A-18";
1562 1 1 1564,2231 "Even-26-B-18";
1563 1 0 2273,674 "Odd-24-T";
1564 1 0 1484,1485 "Even-26-S-19";
1565 1 0 2194,2217,2215 "Even-24-Z";
1566 1 1 1165,2225 "Even-26-B-21";
1567 1 1 1565,2220 "Even-24-A-23";
1568 1 0 1567,1556 "Even-24-S-23";
1569 1 1 1568,2223 "Even-24-B-22";
1570 1 1 1568,2222 "Even-24-A-22";
1571 1 0 1570,1569 "Even-24-S-22";
1572 1 1 1571,2225 "Even-24-B-21";
1573 1 1 1571,2224 "Even-24-A-21";
1574 1 0 1573,1572 "Even-24-S-21";
1575 1 1 1583,2234 "Even-17-A-16";
1576 1 0 2205,2239,2237,2235,2233,2231,2229,2227,2225,2223,2221,2219,2217,2215 "Even-13-Z";
1577 1 0 2189,2261,2259,2257,2255,2253,2251,2249,2247,2245,2243,2241,2239,2237,2235,2233,2231,2229,2227,2225,2223,2221,2219,2217,2215 "Even-2-Z";
1578 1 0 2295,766 "Odd-13-T";
1579 1 1 1577,2265 "Even-2-B-1";
1580 1 1 1577,2264 "Even-2-A-1";
1581 1 0 2287,350 "Odd-17-T";
1582 1 0 1580,1579 "Even-2-S-1";
1583 1 0 2207,2231,2229,2227,2225,2223,2221,2219,2217,2215 "Even-17-Z";
1584 1 1 1583,2235 "Even-17-B-16";
1585 1 1 1576,2243 "Even-13-B-12";
1586 1 0 1575,1584 "Even-17-S-16";
1587 1 1 1586,2237 "Even-17-B-15";
1588 1 1 1586,2236 "Even-17-A-15";
1589 1 0 1588,1587 "Even-17-S-15";
1590 1 1 1589,2239 "Even-17-B-14";
1591 1 1 1589,2238 "Even-17-A-14";
1592 1 0 1591,1590 "Even-17-S-14";
1593 1 1 1592,2241 "Even-17-B-13";
1594 1 1 1592,2240 "Even-17-A-13";
1595 1 1 1606,2249 "Even-13-B-9";
1596 1 0 1643,1709 "Even-18-S-2";
1597 1 1 1596,2265 "Even-18-B-1";
1598 1 1 1596,2264 "Even-18-A-1";
1599 1 0 1598,1597 "Even-18-S-1";
1600 1 1 1599,2267 "Even-18-B-0";
1601 1 1 1599,2266 "Even-18-A-0";
1602 1 0 1601,1600 "Even-18-S-0";
1603 1 0 2317,752 "Odd-2-T";
1604 1 1 1606,2248 "Even-13-A-9";
1605 1 0 1594,1593 "Even-17-S-13";
1606 1 0 1607,1608 "Even-13-S-10";
1607 1 1 1609,2246 "Even-13-A-10";
1608 1 1 1609,2247 "Even-13-B-10";
1609 1 0 1610,1611 "Even-13-S-11";
1610 1 1 1612,2244 "Even-13-A-11";
1611 1 1 1612,2245 "Even-13-B-11";
1612 1 0 1613,1585 "Even-13-S-12";
1613 1 1 1576,2242 "Even-13-A-12";
1614 1 1 1622,2260 "Even-17-A-3";
1615 1 1 1651,2254 "Even-17-A-6";
1616 1 0 1615,1624 "Even-17-S-6";
1617 1 1 1616,2257 "Even-17-B-5";
1618 1 1 1616,2256 "Even-17-A-5";
1619 1 0 1618,1617 "Even-17-S-5";
1620 1 1 1619,2259 "Even-17-B-4";
1621 1 1 1619,2258 "Even-17-A-4";
1622 1 0 1621,1620 "Even-17-S-4";
1623 1 1 1622,2261 "Even-17-B-3";
1624 1 1 1651,2255 "Even-17-B-6";
1625 1 0 1614,1623 "Even-17-S-3";
1626 1 1 1625,2263 "Even-17-B-2";
1627 1 1 1625,2262 "Even-17-A-2";
1628 1 0 1627,1626 "Even-17-S-2";
1629 1 1 1628,2265 "Even-17-B-1";
1630 1 1 1628,2264 "Even-17-A-1";
1631 1 0 1630,1629 "Even-17-S-1";
1632 1 1 1631,2267 "Even-17-B-0";
1633 1 1 1642,2249 "Even-17-B-9";
1634 1 1 1605,2243 "Even-17-B-12";
1635 1 1 1605,2242 "Even-17-A-12";
1636 1 0 1635,1634 "Even-17-S-12";
1637 1 1 1636,2245 "Even-17-B-11";
1638 1 1 1636,2244 "Even-17-A-11";
1639 1 0 1638,1637 "Even-17-S-11";
1640 1 1 1639,2247 "Even-17-B-10";
1641 1 1 1639,2246 "Even-17-A-10";
1642 1 0 1641,1640 "Even-17-S-10";
1643 1 1 1708,2262 "Even-18-A-2";
1644 1 1 1642,2248 "Even-17-A-9";
1645 1 0 1644,1633 "Even-17-S-9";
1646 1 1 1645,2251 "Even-17-B-8";
1647 1 1 1645,2250 "Even-17-A-8";
1648 1 0 1647,1646 "Even-17-S-8";
1649 1 1 1648,2253 "Even-17-B-7";
1650 1 1 1648,2252 "Even-17-A-7";
1651 1 0 1650,1649 "Even-17-S-7";
1652 1 0 2285,298 "Odd-18-T";
1653 1 1 1655,2254 "Even-13-A-6";
1654 1 1 1655,2255 "Even-13-B-6";
1655 1 0 1656,1657 "Even-13-S-7";
1656 1 1 1658,2252 "Even-13-A-7";
1657 1 1 1658,2253 "Even-13-B-7";
1658 1 0 1659,1660 "Even-13-S-8";
1659 1 1 1661,2250 "Even-13-A-8";
1660 1 1 1661,2251 "Even-13-B-8";
1661 1 0 1604,1595 "Even-13-S-9";
1662 1 0 1653,1654 "Even-13-S-6";
1663 1 0 2206,2229,2227,2225,2223,2221,2219,2217,2215 "Even-18-Z";
1664 1 1 1663,2233 "Even-18-B-17";
1665 1 1 1663,2232 "Even-18-A-17";
1666 1 0 1665,1664 "Even-18-S-17";
1667 1 1 1666,2235 "Even-18-B-16";
1668 1 1 1666,2234 "Even-18-A-16";
1669 1 0 1668,1667 "Even-18-S-16";
1670 1 1 1669,2237 "Even-18-B-15";
1671 1 1 1669,2236 "Even-18-A-15";
1672 1 0 1683,1684 "Even-13-S-3";
1673 1 0 1674,1675 "Even-13-S-0";
1674 1 1 1676,2266 "Even-13-A-0";
1675 1 1 1676,2267 "Even-13-B-0";
1676 1 0 1677,1678 "Even-13-S-1";
1677 1 1 1679,2264 "Even-13-A-1";
1678 1 1 1679,2265 "Even-13-B-1";
1679 1 0 1680,1681 "Even-13-S-2";
1680 1 1 1672,2262 "Even-13-A-2";
1681 1 1 1672,2263 "Even-13-B-2";
1682 1 0 1671,1670 "Even-18-S-15";
1683 1 1 1685,2260 "Even-13-A-3";
1684 1 1 1685,2261 "Even-13-B-3";
1685 1 0 1686,1687 "Even-13-S-4";
1686 1 1 1688,2258 "Even-13-A-4";
1687 1 1 1688,2259 "Even-13-B-4";
1688 1 0 1689,1690 "Even-13-S-5";
1689 1 1 1662,2256 "Even-13-A-5";
1690 1 1 1662,2257 "Even-13-B-5";
1691 1 1 1699,2256 "Even-18-A-5";
1692 1 1 1728,2250 "Even-18-A-8";
1693 1 0 1692,1701 "Even-18-S-8";
1694 1 1 1693,2253 "Even-18-B-7";
1695 1 1 1693,2252 "Even-18-A-7";
1696 1 0 1695,1694 "Even-18-S-7";
1697 1 1 1696,2255 "Even-18-B-6";
1698 1 1 1696,2254 "Even-18-A-6";
1699 1 0 1698,1697 "Even-18-S-6";
1700 1 1 1699,2257 "Even-18-B-5";
1701 1 1 1728,2251 "Even-18-B-8";
1702 1 0 1691,1700 "Even-18-S-5";
1703 1 1 1702,2259 "Even-18-B-4";
1704 1 1 1702,2258 "Even-18-A-4";
1705 1 0 1704,1703 "Even-18-S-4";
1706 1 1 1705,2261 "Even-18-B-3";
1707 1 1 1705,2260 "Even-18-A-3";
1708 1 0 1707,1706 "Even-18-S-3";
1709 1 1 1708,2263 "Even-18-B-2";
1710 1 1 1719,2245 "Even-18-B-11";
1711 1 1 1682,2239 "Even-18-B-14";
1712 1 1 1682,2238 "Even-18-A-14";
1713 1 0 1712,1711 "Even-18-S-14";
1714 1 1 1713,2241 "Even-18-B-13";
1715 1 1 1713,2240 "Even-18-A-13";
1716 1 0 1715,1714 "Even-18-S-13";
1717 1 1 1716,2243 "Even-18-B-12";
1718 1 1 1716,2242 "Even-18-A-12";
1719 1 0 1718,1717 "Even-18-S-12";
1720 1 1 1631,2266 "Even-17-A-0";
1721 1 1 1719,2244 "Even-18-A-11";
1722 1 0 1721,1710 "Even-18-S-11";
1723 1 1 1722,2247 "Even-18-B-10";
1724 1 1 1722,2246 "Even-18-A-10";
1725 1 0 1724,1723 "Even-18-S-10";
1726 1 1 1725,2249 "Even-18-B-9";
1727 1 1 1725,2248 "Even-18-A-9";
1728 1 0 1727,1726 "Even-18-S-9";
1729 1 0 2210,2235,2233,2231,2229,2227,2225,2223,2221,2219,2217,2215 "Even-15-Z";
1730 1 1 1767,2266 "Even-16-A-0";
1731 1 0 1730,1739 "Even-16-S-0";
1732 1 0 2319,1078 "Odd-1-T";
1733 1 0 2187,2263,2261,2259,2257,2255,2253,2251,2249,2247,2245,2243,2241,2239,2237,2235,2233,2231,2229,2227,2225,2223,2221,2219,2217,2215 "Even-1-Z";
1734 1 1 1733,2267 "Even-1-B-0";
1735 1 1 1733,2266 "Even-1-A-0";
1736 1 0 2293,969 "Odd-14-T";
1737 1 0 1735,1734 "Even-1-S-0";
1738 1 0 2291,258 "Odd-15-T";
1739 1 1 1767,2267 "Even-16-B-0";
1740 1 1 1729,2239 "Even-15-B-14";
1741 1 1 1729,2238 "Even-15-A-14";
1742 1 0 1741,1740 "Even-15-S-14";
1743 1 1 1742,2241 "Even-15-B-13";
1744 1 1 1742,2240 "Even-15-A-13";
1745 1 0 1744,1743 "Even-15-S-13";
1746 1 1 1745,2243 "Even-15-B-12";
1747 1 1 1745,2242 "Even-15-A-12";
1748 1 0 1747,1746 "Even-15-S-12";
1749 1 1 1758,2261 "Even-16-B-3";
1750 1 1 1797,2255 "Even-16-B-6";
1751 1 1 1797,2254 "Even-16-A-6";
1752 1 0 1751,1750 "Even-16-S-6";
1753 1 1 1752,2257 "Even-16-B-5";
1754 1 1 1752,2256 "Even-16-A-5";
1755 1 0 1754,1753 "Even-16-S-5";
1756 1 1 1755,2259 "Even-16-B-4";
1757 1 1 1755,2258 "Even-16-A-4";
1758 1 0 1757,1756 "Even-16-S-4";
1759 1 1 1748,2245 "Even-15-B-11";
1760 1 1 1758,2260 "Even-16-A-3";
1761 1 0 1760,1749 "Even-16-S-3";
1762 1 1 1761,2263 "Even-16-B-2";
1763 1 1 1761,2262 "Even-16-A-2";
1764 1 0 1763,1762 "Even-16-S-2";
1765 1 1 1764,2265 "Even-16-B-1";
1766 1 1 1764,2264 "Even-16-A-1";
1767 1 0 1766,1765 "Even-16-S-1";
1768 1 0 1777,1776 "Even-15-S-2";
1769 1 0 1778,1805 "Even-15-S-5";
1770 1 1 1769,2259 "Even-15-B-4";
1771 1 1 1769,2258 "Even-15-A-4";
1772 1 0 1771,1770 "Even-15-S-4";
1773 1 1 1772,2261 "Even-15-B-3";
1774 1 1 1772,2260 "Even-15-A-3";
1775 1 0 1774,1773 "Even-15-S-3";
1776 1 1 1775,2263 "Even-15-B-2";
1777 1 1 1775,2262 "Even-15-A-2";
1778 1 1 1804,2256 "Even-15-A-5";
1779 1 1 1768,2265 "Even-15-B-1";
1780 1 1 1768,2264 "Even-15-A-1";
1781 1 0 1780,1779 "Even-15-S-1";
1782 1 1 1781,2267 "Even-15-B-0";
1783 1 1 1781,2266 "Even-15-A-0";
1784 1 0 1783,1782 "Even-15-S-0";
1785 1 0 2321,1014 "Odd-0-T";
1786 1 0 2188,2265,2263,2261,2259,2257,2255,2253,2251,2249,2247,2245,2243,2241,2239,2237,2235,2233,2231,2229,2227,2225,2223,2221,2219,2217,2215 "Even-0-Z";
1787 1 1 1795,2250 "Even-15-A-8";
1788 1 1 1748,2244 "Even-15-A-11";
1789 1 0 1788,1759 "Even-15-S-11";
1790 1 1 1789,2247 "Even-15-B-10";
1791 1 1 1789,2246 "Even-15-A-10";
1792 1 0 1791,1790 "Even-15-S-10";
1793 1 1 1792,2249 "Even-15-B-9";
1794 1 1 1792,2248 "Even-15-A-9";
1795 1 0 1794,1793 "Even-15-S-9";
1796 1 1 1795,2251 "Even-15-B-8";
1797 1 0 1862,1861 "Even-16-S-7";
1798 1 0 1787,1796 "Even-15-S-8";
1799 1 1 1798,2253 "Even-15-B-7";
1800 1 1 1798,2252 "Even-15-A-7";
1801 1 0 1800,1799 "Even-15-S-7";
1802 1 1 1801,2255 "Even-15-B-6";
1803 1 1 1801,2254 "Even-15-A-6";
1804 1 0 1803,1802 "Even-15-S-6";
1805 1 1 1804,2257 "Even-15-B-5";
1806 1 0 1817,1818 "Even-14-S-8";
1807 1 0 1808,1809 "Even-14-S-5";
1808 1 1 1810,2256 "Even-14-A-5";
1809 1 1 1810,2257 "Even-14-B-5";
1810 1 0 1811,1812 "Even-14-S-6";
1811 1 1 1813,2254 "Even-14-A-6";
1812 1 1 1813,2255 "Even-14-B-6";
1813 1 0 1814,1815 "Even-14-S-7";
1814 1 1 1806,2252 "Even-14-A-7";
1815 1 1 1806,2253 "Even-14-B-7";
1816 1 1 1807,2259 "Even-14-B-4";
1817 1 1 1819,2250 "Even-14-A-8";
1818 1 1 1819,2251 "Even-14-B-8";
1819 1 0 1820,1821 "Even-14-S-9";
1820 1 1 1822,2248 "Even-14-A-9";
1821 1 1 1822,2249 "Even-14-B-9";
1822 1 0 1823,1824 "Even-14-S-10";
1823 1 1 1835,2246 "Even-14-A-10";
1824 1 1 1835,2247 "Even-14-B-10";
1825 1 1 1836,2265 "Even-14-B-1";
1826 1 0 1720,1632 "Even-17-S-0";
1827 1 1 1582,2267 "Even-2-B-0";
1828 1 1 1582,2266 "Even-2-A-0";
1829 1 0 1828,1827 "Even-2-S-0";
1830 1 0 1831,1832 "Even-14-S-0";
1831 1 1 1833,2266 "Even-14-A-0";
1832 1 1 1833,2267 "Even-14-B-0";
1833 1 0 1834,1825 "Even-14-S-1";
1834 1 1 1836,2264 "Even-14-A-1";
1835 1 0 1864,1865 "Even-14-S-11";
1836 1 0 1837,1838 "Even-14-S-2";
1837 1 1 1839,2262 "Even-14-A-2";
1838 1 1 1839,2263 "Even-14-B-2";
1839 1 0 1840,1841 "Even-14-S-3";
1840 1 1 1842,2260 "Even-14-A-3";
1841 1 1 1842,2261 "Even-14-B-3";
1842 1 0 1843,1816 "Even-14-S-4";
1843 1 1 1807,2258 "Even-14-A-4";
1844 1 0 1853,1852 "Even-16-S-10";
1845 1 0 1854,1881 "Even-16-S-13";
1846 1 1 1845,2243 "Even-16-B-12";
1847 1 1 1845,2242 "Even-16-A-12";
1848 1 0 1847,1846 "Even-16-S-12";
1849 1 1 1848,2245 "Even-16-B-11";
1850 1 1 1848,2244 "Even-16-A-11";
1851 1 0 1850,1849 "Even-16-S-11";
1852 1 1 1851,2247 "Even-16-B-10";
1853 1 1 1851,2246 "Even-16-A-10";
1854 1 1 1880,2240 "Even-16-A-13";
1855 1 1 1844,2249 "Even-16-B-9";
1856 1 1 1844,2248 "Even-16-A-9";
1857 1 0 1856,1855 "Even-16-S-9";
1858 1 1 1857,2251 "Even-16-B-8";
1859 1 1 1857,2250 "Even-16-A-8";
1860 1 0 1859,1858 "Even-16-S-8";
1861 1 1 1860,2253 "Even-16-B-7";
1862 1 1 1860,2252 "Even-16-A-7";
1863 1 0 2289,224 "Odd-16-T";
1864 1 1 1866,2244 "Even-14-A-11";
1865 1 1 1866,2245 "Even-14-B-11";
1866 1 0 1867,1868 "Even-14-S-12";
1867 1 1 1869,2242 "Even-14-A-12";
1868 1 1 1869,2243 "Even-14-B-12";
1869 1 0 1870,1871 "Even-14-S-13";
1870 1 1 1872,2240 "Even-14-A-13";
1871 1 1 1872,2241 "Even-14-B-13";
1872 1 0 2208,2237,2235,2233,2231,2229,2227,2225,2223,2221,2219,2217,2215 "Even-14-Z";
1873 1 1 1979,2263 "Even-22-B-2";
1874 1 0 2209,2233,2231,2229,2227,2225,2223,2221,2219,2217,2215 "Even-16-Z";
1875 1 1 1874,2237 "Even-16-B-15";
1876 1 1 1874,2236 "Even-16-A-15";
1877 1 0 1876,1875 "Even-16-S-15";
1878 1 1 1877,2239 "Even-16-B-14";
1879 1 1 1877,2238 "Even-16-A-14";
1880 1 0 1879,1878 "Even-16-S-14";
1881 1 1 1880,2241 "Even-16-B-13";
1882 1 1 1890,2264 "Even-21-A-1";
1883 1 1 1920,2258 "Even-21-A-4";
1884 1 0 1883,1892 "Even-21-S-4";
1885 1 1 1884,2261 "Even-21-B-3";
1886 1 1 1884,2260 "Even-21-A-3";
1887 1 0 1886,1885 "Even-21-S-3";
1888 1 1 1887,2263 "Even-21-B-2";
1889 1 1 1887,2262 "Even-21-A-2";
1890 1 0 1889,1888 "Even-21-S-2";
1891 1 1 1890,2265 "Even-21-B-1";
1892 1 1 1920,2259 "Even-21-B-4";
1893 1 0 1882,1891 "Even-21-S-1";
1894 1 1 1893,2267 "Even-21-B-0";
1895 1 1 1893,2266 "Even-21-A-0";
1896 1 0 1895,1894 "Even-21-S-0";
1897 1 0 1898,1899 "Even-11-S-3";
1898 1 1 1900,2260 "Even-11-A-3";
1899 1 1 1900,2261 "Even-11-B-3";
1900 1 0 1901,1912 "Even-11-S-4";
1901 1 1 1941,2258 "Even-11-A-4";
1902 1 1 1911,2253 "Even-21-B-7";
1903 1 1 1950,2247 "Even-21-B-10";
1904 1 1 1950,2246 "Even-21-A-10";
1905 1 0 1904,1903 "Even-21-S-10";
1906 1 1 1905,2249 "Even-21-B-9";
1907 1 1 1905,2248 "Even-21-A-9";
1908 1 0 1907,1906 "Even-21-S-9";
1909 1 1 1908,2251 "Even-21-B-8";
1910 1 1 1908,2250 "Even-21-A-8";
1911 1 0 1910,1909 "Even-21-S-8";
1912 1 1 1941,2259 "Even-11-B-4";
1913 1 1 1911,2252 "Even-21-A-7";
1914 1 0 1913,1902 "Even-21-S-7";
1915 1 1 1914,2255 "Even-21-B-6";
1916 1 1 1914,2254 "Even-21-A-6";
1917 1 0 1916,1915 "Even-21-S-6";
1918 1 1 1917,2257 "Even-21-B-5";
1919 1 1 1917,2256 "Even-21-A-5";
1920 1 0 1919,1918 "Even-21-S-5";
1921 1 1 1930,2233 "Even-20-B-17";
1922 1 0 2299,753 "Odd-11-T";
1923 1 0 2281,45 "Odd-20-T";
1924 1 0 2192,2225,2223,2221,2219,2217,2215 "Even-20-Z";
1925 1 1 1924,2229 "Even-20-B-19";
1926 1 1 1924,2228 "Even-20-A-19";
1927 1 0 1926,1925 "Even-20-S-19";
1928 1 1 1927,2231 "Even-20-B-18";
1929 1 1 1927,2230 "Even-20-A-18";
1930 1 0 1929,1928 "Even-20-S-18";
1931 1 0 2200,2243,2241,2239,2237,2235,2233,2231,2229,2227,2225,2223,2221,2219,2217,2215 "Even-11-Z";
1932 1 1 1930,2232 "Even-20-A-17";
1933 1 0 1932,1921 "Even-20-S-17";
1934 1 1 1933,2235 "Even-20-B-16";
1935 1 1 1933,2234 "Even-20-A-16";
1936 1 0 1935,1934 "Even-20-S-16";
1937 1 1 1936,2237 "Even-20-B-15";
1938 1 0 2092,2091 "Even-3-S-0";
1939 1 0 2026,1937 "Even-20-S-15";
1940 1 0 1951,1952 "Even-11-S-8";
1941 1 0 1942,1943 "Even-11-S-5";
1942 1 1 1944,2256 "Even-11-A-5";
1943 1 1 1944,2257 "Even-11-B-5";
1944 1 0 1945,1946 "Even-11-S-6";
1945 1 1 1947,2254 "Even-11-A-6";
1946 1 1 1947,2255 "Even-11-B-6";
1947 1 0 1948,1949 "Even-11-S-7";
1948 1 1 1940,2252 "Even-11-A-7";
1949 1 1 1940,2253 "Even-11-B-7";
1950 1 0 2015,2014 "Even-21-S-11";
1951 1 1 1953,2250 "Even-11-A-8";
1952 1 1 1953,2251 "Even-11-B-8";
1953 1 0 1954,1955 "Even-11-S-9";
1954 1 1 1956,2248 "Even-11-A-9";
1955 1 1 1956,2249 "Even-11-B-9";
1956 1 0 1957,1958 "Even-11-S-10";
1957 1 1 1931,2246 "Even-11-A-10";
1958 1 1 1931,2247 "Even-11-B-10";
1959 1 1 1970,2249 "Even-10-B-9";
1960 1 1 1961,2255 "Even-10-B-6";
1961 1 0 1962,1963 "Even-10-S-7";
1962 1 1 1964,2252 "Even-10-A-7";
1963 1 1 1964,2253 "Even-10-B-7";
1964 1 0 1965,1966 "Even-10-S-8";
1965 1 1 1967,2250 "Even-10-A-8";
1966 1 1 1967,2251 "Even-10-B-8";
1967 1 0 1968,1959 "Even-10-S-9";
1968 1 1 1970,2248 "Even-10-A-9";
1969 1 1 1961,2254 "Even-10-A-6";
1970 1 0 2198,2245,2243,2241,2239,2237,2235,2233,2231,2229,2227,2225,2223,2221,2219,2217,2215 "Even-10-Z";
1971 1 1 1989,2264 "Even-4-A-1";
1972 1 0 2301,1028 "Odd-10-T";
1973 1 0 1971,1990 "Even-4-S-1";
1974 1 1 1973,2267 "Even-4-B-0";
1975 1 1 1973,2266 "Even-4-A-0";
1976 1 0 1975,1974 "Even-4-S-0";
1977 1 0 1988,2017 "Even-11-S-0";
1978 1 1 1360,2262 "Even-4-A-2";
1979 1 0 1183,1111 "Even-22-S-3";
1980 1 1 1979,2262 "Even-22-A-2";
1981 1 0 1980,1873 "Even-22-S-2";
1982 1 1 1981,2265 "Even-22-B-1";
1983 1 1 1981,2264 "Even-22-A-1";
1984 1 0 1983,1982 "Even-22-S-1";
1985 1 1 1984,2267 "Even-22-B-0";
1986 1 1 1984,2266 "Even-22-A-0";
1987 1 0 1986,1985 "Even-22-S-0";
1988 1 1 2018,2266 "Even-11-A-0";
1989 1 0 1978,1168 "Even-4-S-2";
1990 1 1 1989,2265 "Even-4-B-1";
1991 1 1 1993,2258 "Even-10-A-4";
1992 1 1 1993,2259 "Even-10-B-4";
1993 1 0 1994,1995 "Even-10-S-5";
1994 1 1 1996,2256 "Even-10-A-5";
1995 1 1 1996,2257 "Even-10-B-5";
1996 1 0 1969,1960 "Even-10-S-6";
1997 1 1 2005,2238 "Even-21-A-14";
1998 1 1 2034,2232 "Even-21-A-17";
1999 1 0 1998,2007 "Even-21-S-17";
2000 1 1 1999,2235 "Even-21-B-16";
2001 1 1 1999,2234 "Even-21-A-16";
2002 1 0 2001,2000 "Even-21-S-16";
2003 1 1 2002,2237 "Even-21-B-15";
2004 1 1 2002,2236 "Even-21-A-15";
2005 1 0 2004,2003 "Even-21-S-15";
2006 1 1 2005,2239 "Even-21-B-14";
2007 1 1 2034,2233 "Even-21-B-17";
2008 1 0 1997,2006 "Even-21-S-14";
2009 1 1 2008,2241 "Even-21-B-13";
2010 1 0 1102,2009 "Even-21-S-13";
2011 1 1 2010,2243 "Even-21-B-12";
2012 1 1 2010,2242 "Even-21-A-12";
2013 1 0 2012,2011 "Even-21-S-12";
2014 1 1 2013,2245 "Even-21-B-11";
2015 1 1 2013,2244 "Even-21-A-11";
2016 1 1 2025,2227 "Even-21-B-20";
2017 1 1 2018,2267 "Even-11-B-0";
2018 1 0 2019,2020 "Even-11-S-1";
2019 1 1 2021,2264 "Even-11-A-1";
2020 1 1 2021,2265 "Even-11-B-1";
2021 1 0 2022,2023 "Even-11-S-2";
2022 1 1 1897,2262 "Even-11-A-2";
2023 1 1 1897,2263 "Even-11-B-2";
2024 1 0 2279,172 "Odd-21-T";
2025 1 0 2201,2223,2221,2219,2217,2215 "Even-21-Z";
2026 1 1 1936,2236 "Even-20-A-15";
2027 1 1 2025,2226 "Even-21-A-20";
2028 1 0 2027,2016 "Even-21-S-20";
2029 1 1 2028,2229 "Even-21-B-19";
2030 1 1 2028,2228 "Even-21-A-19";
2031 1 0 2030,2029 "Even-21-S-19";
2032 1 1 2031,2231 "Even-21-B-18";
2033 1 1 2031,2230 "Even-21-A-18";
2034 1 0 2033,2032 "Even-21-S-18";
2035 1 0 2044,2043 "Even-19-S-15";
2036 1 0 2045,2073 "Even-19-S-18";
2037 1 1 2036,2233 "Even-19-B-17";
2038 1 1 2036,2232 "Even-19-A-17";
2039 1 0 2038,2037 "Even-19-S-17";
2040 1 1 2039,2235 "Even-19-B-16";
2041 1 1 2039,2234 "Even-19-A-16";
2042 1 0 2041,2040 "Even-19-S-16";
2043 1 1 2042,2237 "Even-19-B-15";
2044 1 1 2042,2236 "Even-19-A-15";
2045 1 1 2072,2230 "Even-19-A-18";
2046 1 1 2035,2239 "Even-19-B-14";
2047 1 1 2035,2238 "Even-19-A-14";
2048 1 0 2047,2046 "Even-19-S-14";
2049 1 1 2048,2241 "Even-19-B-13";
2050 1 1 2048,2240 "Even-19-A-13";
2051 1 0 2050,2049 "Even-19-S-13";
2052 1 1 2051,2243 "Even-19-B-12";
2053 1 1 2051,2242 "Even-19-A-12";
2054 1 0 2053,2052 "Even-19-S-12";
2055 1 0 2203,2241,2239,2237,2235,2233,2231,2229,2227,2225,2223,2221,2219,2217,2215 "Even-12-Z";
2056 1 0 2057,2058 "Even-12-S-9";
2057 1 1 2059,2248 "Even-12-A-9";
2058 1 1 2059,2249 "Even-12-B-9";
2059 1 0 2060,2061 "Even-12-S-10";
2060 1 1 2062,2246 "Even-12-A-10";
2061 1 1 2062,2247 "Even-12-B-10";
2062 1 0 2063,2064 "Even-12-S-11";
2063 1 1 2055,2244 "Even-12-A-11";
2064 1 1 2055,2245 "Even-12-B-11";
2065 1 1 2054,2245 "Even-19-B-11";
2066 1 0 2179,2178 "Even-3-S-2";
2067 1 0 2297,890 "Odd-12-T";
2068 1 1 2066,2265 "Even-3-B-1";
2069 1 1 2066,2264 "Even-3-A-1";
2070 1 0 2283,56 "Odd-19-T";
2071 1 0 2069,2068 "Even-3-S-1";
2072 1 0 2204,2227,2225,2223,2221,2219,2217,2215 "Even-19-Z";
2073 1 1 2072,2231 "Even-19-B-18";
2074 1 0 2083,2082 "Even-19-S-2";
2075 1 0 2084,2111 "Even-19-S-5";
2076 1 1 2075,2259 "Even-19-B-4";
2077 1 1 2075,2258 "Even-19-A-4";
2078 1 0 2077,2076 "Even-19-S-4";
2079 1 1 2078,2261 "Even-19-B-3";
2080 1 1 2078,2260 "Even-19-A-3";
2081 1 0 2080,2079 "Even-19-S-3";
2082 1 1 2081,2263 "Even-19-B-2";
2083 1 1 2081,2262 "Even-19-A-2";
2084 1 1 2110,2256 "Even-19-A-5";
2085 1 1 2074,2265 "Even-19-B-1";
2086 1 1 2074,2264 "Even-19-A-1";
2087 1 0 2086,2085 "Even-19-S-1";
2088 1 1 2087,2267 "Even-19-B-0";
2089 1 1 2087,2266 "Even-19-A-0";
2090 1 0 2089,2088 "Even-19-S-0";
2091 1 1 2071,2267 "Even-3-B-0";
2092 1 1 2071,2266 "Even-3-A-0";
2093 1 1 2101,2250 "Even-19-A-8";
2094 1 1 2054,2244 "Even-19-A-11";
2095 1 0 2094,2065 "Even-19-S-11";
2096 1 1 2095,2247 "Even-19-B-10";
2097 1 1 2095,2246 "Even-19-A-10";
2098 1 0 2097,2096 "Even-19-S-10";
2099 1 1 2098,2249 "Even-19-B-9";
2100 1 1 2098,2248 "Even-19-A-9";
2101 1 0 2100,2099 "Even-19-S-9";
2102 1 1 2101,2251 "Even-19-B-8";
2103 1 1 1939,2238 "Even-20-A-14";
2104 1 0 2093,2102 "Even-19-S-8";
2105 1 1 2104,2253 "Even-19-B-7";
2106 1 1 2104,2252 "Even-19-A-7";
2107 1 0 2106,2105 "Even-19-S-7";
2108 1 1 2107,2255 "Even-19-B-6";
2109 1 1 2107,2254 "Even-19-A-6";
2110 1 0 2109,2108 "Even-19-S-6";
2111 1 1 2110,2257 "Even-19-B-5";
2112 1 0 2121,2120 "Even-20-S-5";
2113 1 0 2122,2150 "Even-20-S-8";
2114 1 1 2113,2253 "Even-20-B-7";
2115 1 1 2113,2252 "Even-20-A-7";
2116 1 0 2115,2114 "Even-20-S-7";
2117 1 1 2116,2255 "Even-20-B-6";
2118 1 1 2116,2254 "Even-20-A-6";
2119 1 0 2118,2117 "Even-20-S-6";
2120 1 1 2119,2257 "Even-20-B-5";
2121 1 1 2119,2256 "Even-20-A-5";
2122 1 1 2149,2250 "Even-20-A-8";
2123 1 1 2112,2259 "Even-20-B-4";
2124 1 1 2112,2258 "Even-20-A-4";
2125 1 0 2124,2123 "Even-20-S-4";
2126 1 1 2125,2261 "Even-20-B-3";
2127 1 1 2125,2260 "Even-20-A-3";
2128 1 0 2127,2126 "Even-20-S-3";
2129 1 1 2128,2263 "Even-20-B-2";
2130 1 1 2128,2262 "Even-20-A-2";
2131 1 0 2130,2129 "Even-20-S-2";
2132 1 1 2140,2244 "Even-20-A-11";
2133 1 1 1939,2239 "Even-20-B-14";
2134 1 0 2103,2133 "Even-20-S-14";
2135 1 1 2134,2241 "Even-20-B-13";
2136 1 1 2134,2240 "Even-20-A-13";
2137 1 0 2136,2135 "Even-20-S-13";
2138 1 1 2137,2243 "Even-20-B-12";
2139 1 1 2137,2242 "Even-20-A-12";
2140 1 0 2139,2138 "Even-20-S-12";
2141 1 1 2140,2245 "Even-20-B-11";
2142 1 1 2056,2250 "Even-12-A-8";
2143 1 0 2132,2141 "Even-20-S-11";
2144 1 1 2143,2247 "Even-20-B-10";
2145 1 1 2143,2246 "Even-20-A-10";
2146 1 0 2145,2144 "Even-20-S-10";
2147 1 1 2146,2249 "Even-20-B-9";
2148 1 1 2146,2248 "Even-20-A-9";
2149 1 0 2148,2147 "Even-20-S-9";
2150 1 1 2149,2251 "Even-20-B-8";
2151 1 1 2162,2257 "Even-12-B-5";
2152 1 1 2153,2263 "Even-12-B-2";
2153 1 0 2154,2155 "Even-12-S-3";
2154 1 1 2156,2260 "Even-12-A-3";
2155 1 1 2156,2261 "Even-12-B-3";
2156 1 0 2157,2158 "Even-12-S-4";
2157 1 1 2159,2258 "Even-12-A-4";
2158 1 1 2159,2259 "Even-12-B-4";
2159 1 0 2160,2151 "Even-12-S-5";
2160 1 1 2162,2256 "Even-12-A-5";
2161 1 1 2131,2264 "Even-20-A-1";
2162 1 0 2163,2164 "Even-12-S-6";
2163 1 1 2165,2254 "Even-12-A-6";
2164 1 1 2165,2255 "Even-12-B-6";
2165 1 0 2166,2167 "Even-12-S-7";
2166 1 1 2168,2252 "Even-12-A-7";
2167 1 1 2168,2253 "Even-12-B-7";
2168 1 0 2142,2169 "Even-12-S-8";
2169 1 1 2056,2251 "Even-12-B-8";
2170 1 0 2186,2152 "Even-12-S-2";
2171 1 1 2131,2265 "Even-20-B-1";
2172 1 0 2161,2171 "Even-20-S-1";
2173 1 1 2172,2267 "Even-20-B-0";
2174 1 1 2172,2266 "Even-20-A-0";
2175 1 0 2174,2173 "Even-20-S-0";
2176 1 0 2315,871 "Odd-3-T";
2177 1 0 2191,2259,2257,2255,2253,2251,2249,2247,2245,2243,2241,2239,2237,2235,2233,2231,2229,2227,2225,2223,2221,2219,2217,2215 "Even-3-Z";
2178 1 1 2177,2263 "Even-3-B-2";
2179 1 1 2177,2262 "Even-3-A-2";
2180 1 0 2181,2182 "Even-12-S-0";
2181 1 1 2183,2266 "Even-12-A-0";
2182 1 1 2183,2267 "Even-12-B-0";
2183 1 0 2184,2185 "Even-12-S-1";
2184 1 1 2170,2264 "Even-12-A-1";
2185 1 1 2170,2265 "Even-12-B-1";
2186 1 1 2153,2262 "Even-12-A-2";
2187 2 1 2318,1737 "Even-1-T";
2188 2 1 2320,1786 "Even-0-T";
2189 2 1 2316,1829 "Even-2-T";
2190 2 1 2312,1976 "Even-4-T";
2191 2 1 2314,1938 "Even-3-T";
2192 2 1 2280,2175 "Even-20-T";
2193 2 1 2306,1499 "Even-7-T";
2194 2 1 2272,1483 "Even-24-T";
2195 2 1 2304,1490 "Even-8-T";
2196 2 1 2302,1162 "Even-9-T";
2197 2 1 2274,1205 "Even-23-T";
2198 2 1 2300,1184 "Even-10-T";
2199 2 1 2276,1987 "Even-22-T";
2200 2 1 2298,1977 "Even-11-T";
2201 2 1 2278,1896 "Even-21-T";
2202 2 1 2268,1356 "Even-26-T";
2203 2 1 2296,2180 "Even-12-T";
2204 2 1 2282,2090 "Even-19-T";
2205 2 1 2294,1673 "Even-13-T";
2206 2 1 2284,1602 "Even-18-T";
2207 2 1 2286,1826 "Even-17-T";
2208 2 1 2292,1830 "Even-14-T";
2209 2 1 2288,1731 "Even-16-T";
2210 2 1 2290,1784 "Even-15-T";
2211 2 1 2308,1392 "Even-6-T";
2212 2 1 2310,1408 "Even-5-T";
2213 2 1 2270,1524 "Even-25-T";
2214 3 1 2202 "Even-26-L";
2215 4 0 1170 "Odd-26-L";
2216 5 1 2213 "Even-25-L";
2217 6 0 1293 "Odd-25-L";
2218 7 1 2194 "Even-24-L";
2219 8 0 1563 "Odd-24-L";
2220 9 1 2197 "Even-23-L";
2221 10 0 1147 "Odd-23-L";
2222 11 1 2199 "Even-22-L";
2223 12 0 1169 "Odd-22-L";
2224 13 1 2201 "Even-21-L";
2225 14 0 2024 "Odd-21-L";
2226 15 1 2192 "Even-20-L";
2227 16 0 1923 "Odd-20-L";
2228 17 1 2204 "Even-19-L";
2229 18 0 2070 "Odd-19-L";
2230 19 1 2206 "Even-18-L";
2231 20 0 1652 "Odd-18-L";
2232 21 1 2207 "Even-17-L";
2233 22 0 1581 "Odd-17-L";
2234 23 1 2209 "Even-16-L";
2235 24 0 1863 "Odd-16-L";
2236 25 1 2210 "Even-15-L";
2237 26 0 1738 "Odd-15-L";
2238 27 1 2208 "Even-14-L";
2239 28 0 1736 "Odd-14-L";
2240 29 1 2205 "Even-13-L";
2241 30 0 1578 "Odd-13-L";
2242 31 1 2203 "Even-12-L";
2243 32 0 2067 "Odd-12-L";
2244 33 1 2200 "Even-11-L";
2245 34 0 1922 "Odd-11-L";
2246 35 1 2198 "Even-10-L";
2247 36 0 1972 "Odd-10-L";
2248 37 1 2196 "Even-9-L";
2249 38 0 1109 "Odd-9-L";
2250 39 1 2195 "Even-8-L";
2251 40 0 1478 "Odd-8-L";
2252 41 1 2193 "Even-7-L";
2253 42 0 1560 "Odd-7-L";
2254 43 1 2211 "Even-6-L";
2255 44 0 1533 "Odd-6-L";
2256 45 1 2212 "Even-5-L";
2257 46 0 1387 "Odd-5-L";
2258 47 1 2190 "Even-4-L";
2259 48 0 1403 "Odd-4-L";
2260 49 1 2191 "Even-3-L";
2261 50 0 2176 "Odd-3-L";
2262 51 1 2189 "Even-2-L";
2263 52 0 1603 "Odd-2-L";
2264 53 1 2187 "Even-1-L";
2265 54 0 1732 "Odd-1-L";
2266 55 1 2188 "Even-0-L";
2267 56 0 1785 "Odd-0-L";
2268 58 0 2216 "Even-26-H";
2269 59 1 2217 "Odd-26-H";
2270 60 0 2218 "Even-25-H";
2271 61 1 2219 "Odd-25-H";
2272 62 0 2220 "Even-24-H";
2273 63 1 2221 "Odd-24-H";
2274 64 0 2222 "Even-23-H";
2275 65 1 2223 "Odd-23-H";
2276 66 0 2224 "Even-22-H";
2277 67 1 2225 "Odd-22-H";
2278 68 0 2226 "Even-21-H";
2279 69 1 2227 "Odd-21-H";
2280 70 0 2228 "Even-20-H";
2281 71 1 2229 "Odd-20-H";
2282 72 0 2230 "Even-19-H";
2283 73 1 2231 "Odd-19-H";
2284 74 0 2232 "Even-18-H";
2285 75 1 2233 "Odd-18-H";
2286 76 0 2234 "Even-17-H";
2287 77 1 2235 "Odd-17-H";
2288 78 0 2236 "Even-16-H";
2289 79 1 2237 "Odd-16-H";
2290 80 0 2238 "Even-15-H";
2291 81 1 2239 "Odd-15-H";
2292 82 0 2240 "Even-14-H";
2293 83 1 2241 "Odd-14-H";
2294 84 0 2242 "Even-13-H";
2295 85 1 2243 "Odd-13-H";
2296 86 0 2244 "Even-12-H";
2297 87 1 2245 "Odd-12-H";
2298 88 0 2246 "Even-11-H";
2299 89 1 2247 "Odd-11-H";
2300 90 0 2248 "Even-10-H";
2301 91 1 2249 "Odd-10-H";
2302 92 0 2250 "Even-9-H";
2303 93 1 2251 "Odd-9-H";
2304 94 0 2252 "Even-8-H";
2305 95 1 2253 "Odd-8-H";
2306 96 0 2254 "Even-7-H";
2307 97 1 2255 "Odd-7-H";
2308 98 0 2256 "Even-6-H";
2309 99 1 2257 "Odd-6-H";
2310 100 0 2258 "Even-5-H";
2311 101 1 2259 "Odd-5-H";
2312 102 0 2260 "Even-4-H";
2313 103 1 2261 "Odd-4-H";
2314 104 0 2262 "Even-3-H";
2315 105 1 2263 "Odd-3-H";
2316 106 0 2264 "Even-2-H";
2317 107 1 2265 "Odd-2-H";
2318 108 0 2266 "Even-1-H";
2319 109 1 2267 "Odd-1-H";
2320 110 0 2214 "Even-0-H";
2321 111 1 2215 "Odd-0-H";
