parity 1300;
0 0 1 14,15 "Odd-14-S-10";
1 0 1 2,3 "Odd-14-S-6";
2 0 0 4,1247 "Odd-14-A-6";
3 0 0 4,1246 "Odd-14-B-6";
4 0 1 5,6 "Odd-14-S-7";
5 0 0 7,1245 "Odd-14-A-7";
6 0 0 7,1244 "Odd-14-B-7";
7 0 1 8,9 "Odd-14-S-8";
8 0 0 10,1243 "Odd-14-A-8";
9 0 0 10,1242 "Odd-14-B-8";
10 0 1 11,12 "Odd-14-S-9";
11 0 0 0,1241 "Odd-14-A-9";
12 0 0 0,1240 "Odd-14-B-9";
13 0 0 1,1248 "Odd-14-B-5";
14 0 0 16,1239 "Odd-14-A-10";
15 0 0 16,1238 "Odd-14-B-10";
16 0 1 17,18 "Odd-14-S-11";
17 0 0 19,1237 "Odd-14-A-11";
18 0 0 19,1236 "Odd-14-B-11";
19 0 1 20,21 "Odd-14-S-12";
20 0 0 22,1235 "Odd-14-A-12";
21 0 0 22,1234 "Odd-14-B-12";
22 0 1 23,24 "Odd-14-S-13";
23 0 0 25,1233 "Odd-14-A-13";
24 0 0 25,1232 "Odd-14-B-13";
25 0 1 1189,1230,1228,1226,1224,1222,1220 "Odd-14-Z";
26 0 0 41,1257 "Odd-14-A-1";
27 0 0 28,1239 "Odd-13-A-10";
28 0 1 29,30 "Odd-13-S-11";
29 0 0 31,1237 "Odd-13-A-11";
30 0 0 31,1236 "Odd-13-B-11";
31 0 1 32,33 "Odd-13-S-12";
32 0 0 34,1235 "Odd-13-A-12";
33 0 0 34,1234 "Odd-13-B-12";
34 0 1 960,1232,1230,1228,1226,1224,1222,1220 "Odd-13-Z";
35 0 1 36,37 "Odd-14-S-0";
36 0 0 38,1259 "Odd-14-A-0";
37 0 0 38,1258 "Odd-14-B-0";
38 0 1 26,40 "Odd-14-S-1";
39 0 1 79,80 "Odd-15-S-0";
40 0 0 41,1256 "Odd-14-B-1";
41 0 1 42,43 "Odd-14-S-2";
42 0 0 44,1255 "Odd-14-A-2";
43 0 0 44,1254 "Odd-14-B-2";
44 0 1 45,46 "Odd-14-S-3";
45 0 0 47,1253 "Odd-14-A-3";
46 0 0 47,1252 "Odd-14-B-3";
47 0 1 48,49 "Odd-14-S-4";
48 0 0 50,1251 "Odd-14-A-4";
49 0 0 50,1250 "Odd-14-B-4";
50 0 1 51,13 "Odd-14-S-5";
51 0 0 1,1249 "Odd-14-A-5";
52 0 1 66,67 "Odd-15-S-13";
53 0 1 54,55 "Odd-15-S-9";
54 0 0 56,1241 "Odd-15-A-9";
55 0 0 56,1240 "Odd-15-B-9";
56 0 1 57,58 "Odd-15-S-10";
57 0 0 59,1239 "Odd-15-A-10";
58 0 0 59,1238 "Odd-15-B-10";
59 0 1 60,61 "Odd-15-S-11";
60 0 0 62,1237 "Odd-15-A-11";
61 0 0 62,1236 "Odd-15-B-11";
62 0 1 63,64 "Odd-15-S-12";
63 0 0 52,1235 "Odd-15-A-12";
64 0 0 52,1234 "Odd-15-B-12";
65 0 0 53,1242 "Odd-15-B-8";
66 0 0 68,1233 "Odd-15-A-13";
67 0 0 68,1232 "Odd-15-B-13";
68 0 1 69,70 "Odd-15-S-14";
69 0 0 71,1231 "Odd-15-A-14";
70 0 0 71,1230 "Odd-15-B-14";
71 0 1 1106,1228,1226,1224,1222,1220 "Odd-15-Z";
72 0 1 73,74 "Odd-16-S-0";
73 0 0 75,1259 "Odd-16-A-0";
74 0 0 75,1258 "Odd-16-B-0";
75 0 1 76,77 "Odd-16-S-1";
76 0 0 195,1257 "Odd-16-A-1";
77 0 0 195,1256 "Odd-16-B-1";
78 0 0 93,1251 "Odd-15-A-4";
79 0 0 81,1259 "Odd-15-A-0";
80 0 0 81,1258 "Odd-15-B-0";
81 0 1 82,83 "Odd-15-S-1";
82 0 0 84,1257 "Odd-15-A-1";
83 0 0 84,1256 "Odd-15-B-1";
84 0 1 85,86 "Odd-15-S-2";
85 0 0 87,1255 "Odd-15-A-2";
86 0 0 87,1254 "Odd-15-B-2";
87 0 1 88,89 "Odd-15-S-3";
88 0 0 90,1253 "Odd-15-A-3";
89 0 0 90,1252 "Odd-15-B-3";
90 0 1 78,92 "Odd-15-S-4";
91 0 1 27,403 "Odd-13-S-10";
92 0 0 93,1250 "Odd-15-B-4";
93 0 1 94,95 "Odd-15-S-5";
94 0 0 96,1249 "Odd-15-A-5";
95 0 0 96,1248 "Odd-15-B-5";
96 0 1 97,98 "Odd-15-S-6";
97 0 0 99,1247 "Odd-15-A-6";
98 0 0 99,1246 "Odd-15-B-6";
99 0 1 100,101 "Odd-15-S-7";
100 0 0 102,1245 "Odd-15-A-7";
101 0 0 102,1244 "Odd-15-B-7";
102 0 1 103,65 "Odd-15-S-8";
103 0 0 53,1243 "Odd-15-A-8";
104 0 0 118,1258 "Odd-12-B-0";
105 0 1 106,107 "Odd-11-S-8";
106 0 0 108,1243 "Odd-11-A-8";
107 0 0 108,1242 "Odd-11-B-8";
108 0 1 109,110 "Odd-11-S-9";
109 0 0 111,1241 "Odd-11-A-9";
110 0 0 111,1240 "Odd-11-B-9";
111 0 1 112,113 "Odd-11-S-10";
112 0 0 114,1239 "Odd-11-A-10";
113 0 0 114,1238 "Odd-11-B-10";
114 0 1 983,1236,1234,1232,1230,1228,1226,1224,1222,1220 "Odd-11-Z";
115 0 1 116,104 "Odd-12-S-0";
116 0 0 118,1259 "Odd-12-A-0";
117 0 0 105,1244 "Odd-11-B-7";
118 0 1 119,120 "Odd-12-S-1";
119 0 0 121,1257 "Odd-12-A-1";
120 0 0 121,1256 "Odd-12-B-1";
121 0 1 122,123 "Odd-12-S-2";
122 0 0 124,1255 "Odd-12-A-2";
123 0 0 124,1254 "Odd-12-B-2";
124 0 1 125,126 "Odd-12-S-3";
125 0 0 127,1253 "Odd-12-A-3";
126 0 0 127,1252 "Odd-12-B-3";
127 0 1 128,129 "Odd-12-S-4";
128 0 0 143,1251 "Odd-12-A-4";
129 0 0 143,1250 "Odd-12-B-4";
130 0 0 145,1253 "Odd-11-A-3";
131 0 0 132,1240 "Odd-10-B-9";
132 0 1 984,1238,1236,1234,1232,1230,1228,1226,1224,1222,1220 "Odd-10-Z";
133 0 1 134,135 "Odd-11-S-0";
134 0 0 136,1259 "Odd-11-A-0";
135 0 0 136,1258 "Odd-11-B-0";
136 0 1 137,138 "Odd-11-S-1";
137 0 0 139,1257 "Odd-11-A-1";
138 0 0 139,1256 "Odd-11-B-1";
139 0 1 140,141 "Odd-11-S-2";
140 0 0 142,1255 "Odd-11-A-2";
141 0 0 142,1254 "Odd-11-B-2";
142 0 1 130,144 "Odd-11-S-3";
143 0 1 183,184 "Odd-12-S-5";
144 0 0 145,1252 "Odd-11-B-3";
145 0 1 146,147 "Odd-11-S-4";
146 0 0 148,1251 "Odd-11-A-4";
147 0 0 148,1250 "Odd-11-B-4";
148 0 1 149,150 "Odd-11-S-5";
149 0 0 151,1249 "Odd-11-A-5";
150 0 0 151,1248 "Odd-11-B-5";
151 0 1 152,153 "Odd-11-S-6";
152 0 0 154,1247 "Odd-11-A-6";
153 0 0 154,1246 "Odd-11-B-6";
154 0 1 155,117 "Odd-11-S-7";
155 0 0 105,1245 "Odd-11-A-7";
156 0 0 170,1248 "Odd-13-B-5";
157 0 0 158,1256 "Odd-13-B-1";
158 0 1 159,160 "Odd-13-S-2";
159 0 0 161,1255 "Odd-13-A-2";
160 0 0 161,1254 "Odd-13-B-2";
161 0 1 162,163 "Odd-13-S-3";
162 0 0 164,1253 "Odd-13-A-3";
163 0 0 164,1252 "Odd-13-B-3";
164 0 1 165,166 "Odd-13-S-4";
165 0 0 167,1251 "Odd-13-A-4";
166 0 0 167,1250 "Odd-13-B-4";
167 0 1 168,156 "Odd-13-S-5";
168 0 0 170,1249 "Odd-13-A-5";
169 0 0 158,1257 "Odd-13-A-1";
170 0 1 171,172 "Odd-13-S-6";
171 0 0 173,1247 "Odd-13-A-6";
172 0 0 173,1246 "Odd-13-B-6";
173 0 1 174,175 "Odd-13-S-7";
174 0 0 176,1245 "Odd-13-A-7";
175 0 0 176,1244 "Odd-13-B-7";
176 0 1 177,178 "Odd-13-S-8";
177 0 0 179,1243 "Odd-13-A-8";
178 0 0 179,1242 "Odd-13-B-8";
179 0 1 180,181 "Odd-13-S-9";
180 0 0 91,1241 "Odd-13-A-9";
181 0 0 91,1240 "Odd-13-B-9";
182 0 0 197,1241 "Odd-12-A-9";
183 0 0 185,1249 "Odd-12-A-5";
184 0 0 185,1248 "Odd-12-B-5";
185 0 1 186,187 "Odd-12-S-6";
186 0 0 188,1247 "Odd-12-A-6";
187 0 0 188,1246 "Odd-12-B-6";
188 0 1 189,190 "Odd-12-S-7";
189 0 0 191,1245 "Odd-12-A-7";
190 0 0 191,1244 "Odd-12-B-7";
191 0 1 192,193 "Odd-12-S-8";
192 0 0 194,1243 "Odd-12-A-8";
193 0 0 194,1242 "Odd-12-B-8";
194 0 1 182,196 "Odd-12-S-9";
195 0 1 339,340 "Odd-16-S-2";
196 0 0 197,1240 "Odd-12-B-9";
197 0 1 198,199 "Odd-12-S-10";
198 0 0 200,1239 "Odd-12-A-10";
199 0 0 200,1238 "Odd-12-B-10";
200 0 1 201,202 "Odd-12-S-11";
201 0 0 203,1237 "Odd-12-A-11";
202 0 0 203,1236 "Odd-12-B-11";
203 0 1 1015,1234,1232,1230,1228,1226,1224,1222,1220 "Odd-12-Z";
204 0 1 205,206 "Odd-13-S-0";
205 0 0 207,1259 "Odd-13-A-0";
206 0 0 207,1258 "Odd-13-B-0";
207 0 1 169,157 "Odd-13-S-1";
208 0 1 222,223 "Odd-18-S-16";
209 0 1 210,211 "Odd-18-S-12";
210 0 0 212,1235 "Odd-18-A-12";
211 0 0 212,1234 "Odd-18-B-12";
212 0 1 213,214 "Odd-18-S-13";
213 0 0 215,1233 "Odd-18-A-13";
214 0 0 215,1232 "Odd-18-B-13";
215 0 1 216,217 "Odd-18-S-14";
216 0 0 218,1231 "Odd-18-A-14";
217 0 0 218,1230 "Odd-18-B-14";
218 0 1 219,220 "Odd-18-S-15";
219 0 0 208,1229 "Odd-18-A-15";
220 0 0 208,1228 "Odd-18-B-15";
221 0 0 209,1236 "Odd-18-B-11";
222 0 0 224,1227 "Odd-18-A-16";
223 0 0 224,1226 "Odd-18-B-16";
224 0 1 225,226 "Odd-18-S-17";
225 0 0 227,1225 "Odd-18-A-17";
226 0 0 227,1224 "Odd-18-B-17";
227 0 1 847,1222,1220 "Odd-18-Z";
228 0 1 229,230 "Odd-19-S-0";
229 0 0 231,1259 "Odd-19-A-0";
230 0 0 231,1258 "Odd-19-B-0";
231 0 1 232,233 "Odd-19-S-1";
232 0 0 247,1257 "Odd-19-A-1";
233 0 0 247,1256 "Odd-19-B-1";
234 0 0 249,1245 "Odd-18-A-7";
235 0 0 237,1253 "Odd-18-A-3";
236 0 0 237,1252 "Odd-18-B-3";
237 0 1 238,239 "Odd-18-S-4";
238 0 0 240,1251 "Odd-18-A-4";
239 0 0 240,1250 "Odd-18-B-4";
240 0 1 241,242 "Odd-18-S-5";
241 0 0 243,1249 "Odd-18-A-5";
242 0 0 243,1248 "Odd-18-B-5";
243 0 1 244,245 "Odd-18-S-6";
244 0 0 246,1247 "Odd-18-A-6";
245 0 0 246,1246 "Odd-18-B-6";
246 0 1 234,248 "Odd-18-S-7";
247 0 1 287,288 "Odd-19-S-2";
248 0 0 249,1244 "Odd-18-B-7";
249 0 1 250,251 "Odd-18-S-8";
250 0 0 252,1243 "Odd-18-A-8";
251 0 0 252,1242 "Odd-18-B-8";
252 0 1 253,254 "Odd-18-S-9";
253 0 0 255,1241 "Odd-18-A-9";
254 0 0 255,1240 "Odd-18-B-9";
255 0 1 256,257 "Odd-18-S-10";
256 0 0 258,1239 "Odd-18-A-10";
257 0 0 258,1238 "Odd-18-B-10";
258 0 1 259,221 "Odd-18-S-11";
259 0 0 209,1237 "Odd-18-A-11";
260 0 1 274,275 "Odd-19-S-15";
261 0 1 262,263 "Odd-19-S-11";
262 0 0 264,1237 "Odd-19-A-11";
263 0 0 264,1236 "Odd-19-B-11";
264 0 1 265,266 "Odd-19-S-12";
265 0 0 267,1235 "Odd-19-A-12";
266 0 0 267,1234 "Odd-19-B-12";
267 0 1 268,269 "Odd-19-S-13";
268 0 0 270,1233 "Odd-19-A-13";
269 0 0 270,1232 "Odd-19-B-13";
270 0 1 271,272 "Odd-19-S-14";
271 0 0 260,1231 "Odd-19-A-14";
272 0 0 260,1230 "Odd-19-B-14";
273 0 0 261,1238 "Odd-19-B-10";
274 0 0 276,1229 "Odd-19-A-15";
275 0 0 276,1228 "Odd-19-B-15";
276 0 1 277,278 "Odd-19-S-16";
277 0 0 279,1227 "Odd-19-A-16";
278 0 0 279,1226 "Odd-19-B-16";
279 0 1 280,281 "Odd-19-S-17";
280 0 0 282,1225 "Odd-19-A-17";
281 0 0 282,1224 "Odd-19-B-17";
282 0 1 283,284 "Odd-19-S-18";
283 0 0 285,1223 "Odd-19-A-18";
284 0 0 285,1222 "Odd-19-B-18";
285 0 1 786,1220 "Odd-19-Z";
286 0 0 301,1247 "Odd-19-A-6";
287 0 0 289,1255 "Odd-19-A-2";
288 0 0 289,1254 "Odd-19-B-2";
289 0 1 290,291 "Odd-19-S-3";
290 0 0 292,1253 "Odd-19-A-3";
291 0 0 292,1252 "Odd-19-B-3";
292 0 1 293,294 "Odd-19-S-4";
293 0 0 295,1251 "Odd-19-A-4";
294 0 0 295,1250 "Odd-19-B-4";
295 0 1 296,297 "Odd-19-S-5";
296 0 0 298,1249 "Odd-19-A-5";
297 0 0 298,1248 "Odd-19-B-5";
298 0 1 286,300 "Odd-19-S-6";
299 0 1 235,236 "Odd-18-S-3";
300 0 0 301,1246 "Odd-19-B-6";
301 0 1 302,303 "Odd-19-S-7";
302 0 0 304,1245 "Odd-19-A-7";
303 0 0 304,1244 "Odd-19-B-7";
304 0 1 305,306 "Odd-19-S-8";
305 0 0 307,1243 "Odd-19-A-8";
306 0 0 307,1242 "Odd-19-B-8";
307 0 1 308,309 "Odd-19-S-9";
308 0 0 310,1241 "Odd-19-A-9";
309 0 0 310,1240 "Odd-19-B-9";
310 0 1 311,273 "Odd-19-S-10";
311 0 0 261,1239 "Odd-19-A-10";
312 0 1 326,327 "Odd-16-S-15";
313 0 1 314,315 "Odd-16-S-11";
314 0 0 316,1237 "Odd-16-A-11";
315 0 0 316,1236 "Odd-16-B-11";
316 0 1 317,318 "Odd-16-S-12";
317 0 0 319,1235 "Odd-16-A-12";
318 0 0 319,1234 "Odd-16-B-12";
319 0 1 320,321 "Odd-16-S-13";
320 0 0 322,1233 "Odd-16-A-13";
321 0 0 322,1232 "Odd-16-B-13";
322 0 1 323,324 "Odd-16-S-14";
323 0 0 312,1231 "Odd-16-A-14";
324 0 0 312,1230 "Odd-16-B-14";
325 0 0 313,1238 "Odd-16-B-10";
326 0 0 328,1229 "Odd-16-A-15";
327 0 0 328,1228 "Odd-16-B-15";
328 0 1 657,1226,1224,1222,1220 "Odd-16-Z";
329 0 1 330,331 "Odd-17-S-0";
330 0 0 332,1259 "Odd-17-A-0";
331 0 0 332,1258 "Odd-17-B-0";
332 0 1 333,334 "Odd-17-S-1";
333 0 0 335,1257 "Odd-17-A-1";
334 0 0 335,1256 "Odd-17-B-1";
335 0 1 336,337 "Odd-17-S-2";
336 0 0 351,1255 "Odd-17-A-2";
337 0 0 351,1254 "Odd-17-B-2";
338 0 0 353,1247 "Odd-16-A-6";
339 0 0 341,1255 "Odd-16-A-2";
340 0 0 341,1254 "Odd-16-B-2";
341 0 1 342,343 "Odd-16-S-3";
342 0 0 344,1253 "Odd-16-A-3";
343 0 0 344,1252 "Odd-16-B-3";
344 0 1 345,346 "Odd-16-S-4";
345 0 0 347,1251 "Odd-16-A-4";
346 0 0 347,1250 "Odd-16-B-4";
347 0 1 348,349 "Odd-16-S-5";
348 0 0 350,1249 "Odd-16-A-5";
349 0 0 350,1248 "Odd-16-B-5";
350 0 1 338,352 "Odd-16-S-6";
351 0 1 391,392 "Odd-17-S-3";
352 0 0 353,1246 "Odd-16-B-6";
353 0 1 354,355 "Odd-16-S-7";
354 0 0 356,1245 "Odd-16-A-7";
355 0 0 356,1244 "Odd-16-B-7";
356 0 1 357,358 "Odd-16-S-8";
357 0 0 359,1243 "Odd-16-A-8";
358 0 0 359,1242 "Odd-16-B-8";
359 0 1 360,361 "Odd-16-S-9";
360 0 0 362,1241 "Odd-16-A-9";
361 0 0 362,1240 "Odd-16-B-9";
362 0 1 363,325 "Odd-16-S-10";
363 0 0 313,1239 "Odd-16-A-10";
364 0 1 378,379 "Odd-17-S-16";
365 0 1 366,367 "Odd-17-S-12";
366 0 0 368,1235 "Odd-17-A-12";
367 0 0 368,1234 "Odd-17-B-12";
368 0 1 369,370 "Odd-17-S-13";
369 0 0 371,1233 "Odd-17-A-13";
370 0 0 371,1232 "Odd-17-B-13";
371 0 1 372,373 "Odd-17-S-14";
372 0 0 374,1231 "Odd-17-A-14";
373 0 0 374,1230 "Odd-17-B-14";
374 0 1 375,376 "Odd-17-S-15";
375 0 0 364,1229 "Odd-17-A-15";
376 0 0 364,1228 "Odd-17-B-15";
377 0 0 365,1236 "Odd-17-B-11";
378 0 0 380,1227 "Odd-17-A-16";
379 0 0 380,1226 "Odd-17-B-16";
380 0 1 610,1224,1222,1220 "Odd-17-Z";
381 0 1 382,383 "Odd-18-S-0";
382 0 0 384,1259 "Odd-18-A-0";
383 0 0 384,1258 "Odd-18-B-0";
384 0 1 385,386 "Odd-18-S-1";
385 0 0 387,1257 "Odd-18-A-1";
386 0 0 387,1256 "Odd-18-B-1";
387 0 1 388,389 "Odd-18-S-2";
388 0 0 299,1255 "Odd-18-A-2";
389 0 0 299,1254 "Odd-18-B-2";
390 0 0 405,1245 "Odd-17-A-7";
391 0 0 393,1253 "Odd-17-A-3";
392 0 0 393,1252 "Odd-17-B-3";
393 0 1 394,395 "Odd-17-S-4";
394 0 0 396,1251 "Odd-17-A-4";
395 0 0 396,1250 "Odd-17-B-4";
396 0 1 397,398 "Odd-17-S-5";
397 0 0 399,1249 "Odd-17-A-5";
398 0 0 399,1248 "Odd-17-B-5";
399 0 1 400,401 "Odd-17-S-6";
400 0 0 402,1247 "Odd-17-A-6";
401 0 0 402,1246 "Odd-17-B-6";
402 0 1 390,404 "Odd-17-S-7";
403 0 0 28,1238 "Odd-13-B-10";
404 0 0 405,1244 "Odd-17-B-7";
405 0 1 406,407 "Odd-17-S-8";
406 0 0 408,1243 "Odd-17-A-8";
407 0 0 408,1242 "Odd-17-B-8";
408 0 1 409,410 "Odd-17-S-9";
409 0 0 411,1241 "Odd-17-A-9";
410 0 0 411,1240 "Odd-17-B-9";
411 0 1 412,413 "Odd-17-S-10";
412 0 0 414,1239 "Odd-17-A-10";
413 0 0 414,1238 "Odd-17-B-10";
414 0 1 415,377 "Odd-17-S-11";
415 0 0 365,1237 "Odd-17-A-11";
416 0 0 426,1257 "Odd-6-A-1";
417 0 1 428,460 "Odd-6-S-5";
418 0 0 417,1250 "Odd-6-B-4";
419 0 0 417,1251 "Odd-6-A-4";
420 0 1 419,418 "Odd-6-S-4";
421 0 0 420,1252 "Odd-6-B-3";
422 0 0 420,1253 "Odd-6-A-3";
423 0 1 422,421 "Odd-6-S-3";
424 0 0 423,1254 "Odd-6-B-2";
425 0 0 423,1255 "Odd-6-A-2";
426 0 1 425,424 "Odd-6-S-2";
427 0 0 426,1256 "Odd-6-B-1";
428 0 0 459,1249 "Odd-6-A-5";
429 0 1 416,427 "Odd-6-S-1";
430 0 0 458,1248 "Odd-8-B-5";
431 0 0 458,1249 "Odd-8-A-5";
432 0 0 434,1259 "Odd-3-A-0";
433 0 0 434,1258 "Odd-3-B-0";
434 0 1 435,436 "Odd-3-S-1";
435 0 0 437,1257 "Odd-3-A-1";
436 0 0 437,1256 "Odd-3-B-1";
437 0 1 438,450 "Odd-3-S-2";
438 0 0 485,1255 "Odd-3-A-2";
439 0 0 449,1254 "Odd-9-B-2";
440 0 1 625,1244,1242,1240,1238,1236,1234,1232,1230,1228,1226,1224,1222,1220 "Odd-7-Z";
441 0 0 554,1250 "Odd-9-B-4";
442 0 0 554,1251 "Odd-9-A-4";
443 0 1 442,441 "Odd-9-S-4";
444 0 0 443,1252 "Odd-9-B-3";
445 0 1 446,447 "Odd-6-S-0";
446 0 0 429,1259 "Odd-6-A-0";
447 0 0 429,1258 "Odd-6-B-0";
448 0 0 443,1253 "Odd-9-A-3";
449 0 1 448,444 "Odd-9-S-3";
450 0 0 485,1254 "Odd-3-B-2";
451 0 0 449,1255 "Odd-9-A-2";
452 0 1 1172,1242,1240,1238,1236,1234,1232,1230,1228,1226,1224,1222,1220 "Odd-8-Z";
453 0 0 452,1244 "Odd-8-B-7";
454 0 0 452,1245 "Odd-8-A-7";
455 0 1 454,453 "Odd-8-S-7";
456 0 0 455,1246 "Odd-8-B-6";
457 0 0 455,1247 "Odd-8-A-6";
458 0 1 457,456 "Odd-8-S-6";
459 0 1 609,1246,1244,1242,1240,1238,1236,1234,1232,1230,1228,1226,1224,1222,1220 "Odd-6-Z";
460 0 0 459,1248 "Odd-6-B-5";
461 0 0 474,1252 "Odd-4-B-3";
462 0 1 463,464 "Odd-4-S-0";
463 0 0 465,1259 "Odd-4-A-0";
464 0 0 465,1258 "Odd-4-B-0";
465 0 1 466,467 "Odd-4-S-1";
466 0 0 468,1257 "Odd-4-A-1";
467 0 0 468,1256 "Odd-4-B-1";
468 0 1 469,470 "Odd-4-S-2";
469 0 0 471,1255 "Odd-4-A-2";
470 0 0 471,1254 "Odd-4-B-2";
471 0 1 472,461 "Odd-4-S-3";
472 0 0 474,1253 "Odd-4-A-3";
473 0 0 498,1258 "Odd-8-B-0";
474 0 1 848,1250,1248,1246,1244,1242,1240,1238,1236,1234,1232,1230,1228,1226,1224,1222,1220 "Odd-4-Z";
475 0 0 498,1259 "Odd-8-A-0";
476 0 1 475,473 "Odd-8-S-0";
477 0 1 451,439 "Odd-9-S-2";
478 0 1 479,480 "Odd-9-S-0";
479 0 0 481,1259 "Odd-9-A-0";
480 0 0 481,1258 "Odd-9-B-0";
481 0 1 482,483 "Odd-9-S-1";
482 0 0 477,1257 "Odd-9-A-1";
483 0 0 477,1256 "Odd-9-B-1";
484 0 1 494,493 "Odd-8-S-2";
485 0 1 787,1252,1250,1248,1246,1244,1242,1240,1238,1236,1234,1232,1230,1228,1226,1224,1222,1220 "Odd-3-Z";
486 0 1 431,430 "Odd-8-S-5";
487 0 0 486,1250 "Odd-8-B-4";
488 0 0 486,1251 "Odd-8-A-4";
489 0 1 488,487 "Odd-8-S-4";
490 0 0 489,1252 "Odd-8-B-3";
491 0 0 489,1253 "Odd-8-A-3";
492 0 1 491,490 "Odd-8-S-3";
493 0 0 492,1254 "Odd-8-B-2";
494 0 0 492,1255 "Odd-8-A-2";
495 0 0 440,1246 "Odd-7-B-6";
496 0 0 484,1256 "Odd-8-B-1";
497 0 0 484,1257 "Odd-8-A-1";
498 0 1 497,496 "Odd-8-S-1";
499 0 1 961,1240,1238,1236,1234,1232,1230,1228,1226,1224,1222,1220 "Odd-9-Z";
500 0 0 499,1242 "Odd-9-B-8";
501 0 0 499,1243 "Odd-9-A-8";
502 0 1 501,500 "Odd-9-S-8";
503 0 0 502,1244 "Odd-9-B-7";
504 0 0 502,1245 "Odd-9-A-7";
505 0 1 504,503 "Odd-9-S-7";
506 0 0 556,1257 "Odd-7-A-1";
507 0 0 509,1257 "Odd-2-A-1";
508 0 0 509,1256 "Odd-2-B-1";
509 0 1 754,1254,1252,1250,1248,1246,1244,1242,1240,1238,1236,1234,1232,1230,1228,1226,1224,1222,1220 "Odd-2-Z";
510 0 1 544,543 "Odd-5-S-2";
511 0 0 510,1256 "Odd-5-B-1";
512 0 0 510,1257 "Odd-5-A-1";
513 0 1 512,511 "Odd-5-S-1";
514 0 0 513,1258 "Odd-5-B-0";
515 0 0 513,1259 "Odd-5-A-0";
516 0 0 132,1241 "Odd-10-A-9";
517 0 1 507,508 "Odd-2-S-1";
518 0 1 506,555 "Odd-7-S-1";
519 0 0 518,1258 "Odd-7-B-0";
520 0 0 518,1259 "Odd-7-A-0";
521 0 1 432,433 "Odd-3-S-0";
522 0 1 520,519 "Odd-7-S-0";
523 0 0 528,1242 "Odd-10-B-8";
524 0 0 528,1243 "Odd-10-A-8";
525 0 1 524,523 "Odd-10-S-8";
526 0 0 525,1245 "Odd-10-A-7";
527 0 0 532,1251 "Odd-5-A-4";
528 0 1 516,131 "Odd-10-S-9";
529 0 1 767,1258,1256,1254,1252,1250,1248,1246,1244,1242,1240,1238,1236,1234,1232,1230,1228,1226,1224,1222,1220 "Odd-0-Z";
530 0 0 505,1246 "Odd-9-B-6";
531 0 0 505,1247 "Odd-9-A-6";
532 0 1 820,1248,1246,1244,1242,1240,1238,1236,1234,1232,1230,1228,1226,1224,1222,1220 "Odd-5-Z";
533 0 1 534,535 "Odd-1-S-0";
534 0 0 536,1259 "Odd-1-A-0";
535 0 0 536,1258 "Odd-1-B-0";
536 0 1 762,1256,1254,1252,1250,1248,1246,1244,1242,1240,1238,1236,1234,1232,1230,1228,1226,1224,1222,1220 "Odd-1-Z";
537 0 0 532,1250 "Odd-5-B-4";
538 0 0 525,1244 "Odd-10-B-7";
539 0 1 527,537 "Odd-5-S-4";
540 0 0 539,1252 "Odd-5-B-3";
541 0 0 539,1253 "Odd-5-A-3";
542 0 1 541,540 "Odd-5-S-3";
543 0 0 542,1254 "Odd-5-B-2";
544 0 0 542,1255 "Odd-5-A-2";
545 0 1 546,547 "Odd-2-S-0";
546 0 0 517,1259 "Odd-2-A-0";
547 0 0 517,1258 "Odd-2-B-0";
548 0 1 560,561 "Odd-7-S-3";
549 0 1 578,589 "Odd-10-S-0";
550 0 1 526,538 "Odd-10-S-7";
551 0 1 531,530 "Odd-9-S-6";
552 0 0 551,1248 "Odd-9-B-5";
553 0 0 551,1249 "Odd-9-A-5";
554 0 1 553,552 "Odd-9-S-5";
555 0 0 556,1256 "Odd-7-B-1";
556 0 1 557,558 "Odd-7-S-2";
557 0 0 548,1255 "Odd-7-A-2";
558 0 0 548,1254 "Odd-7-B-2";
559 0 1 515,514 "Odd-5-S-0";
560 0 0 562,1253 "Odd-7-A-3";
561 0 0 562,1252 "Odd-7-B-3";
562 0 1 563,564 "Odd-7-S-4";
563 0 0 565,1251 "Odd-7-A-4";
564 0 0 565,1250 "Odd-7-B-4";
565 0 1 566,567 "Odd-7-S-5";
566 0 0 568,1249 "Odd-7-A-5";
567 0 0 568,1248 "Odd-7-B-5";
568 0 1 569,495 "Odd-7-S-6";
569 0 0 440,1247 "Odd-7-A-6";
570 0 0 576,1251 "Odd-10-A-4";
571 0 0 550,1246 "Odd-10-B-6";
572 0 0 550,1247 "Odd-10-A-6";
573 0 1 572,571 "Odd-10-S-6";
574 0 0 573,1248 "Odd-10-B-5";
575 0 0 573,1249 "Odd-10-A-5";
576 0 1 575,574 "Odd-10-S-5";
577 0 0 576,1250 "Odd-10-B-4";
578 0 0 588,1259 "Odd-10-A-0";
579 0 1 570,577 "Odd-10-S-4";
580 0 0 579,1252 "Odd-10-B-3";
581 0 0 579,1253 "Odd-10-A-3";
582 0 1 581,580 "Odd-10-S-3";
583 0 0 582,1254 "Odd-10-B-2";
584 0 0 582,1255 "Odd-10-A-2";
585 0 1 584,583 "Odd-10-S-2";
586 0 0 585,1256 "Odd-10-B-1";
587 0 0 585,1257 "Odd-10-A-1";
588 0 1 587,586 "Odd-10-S-1";
589 0 0 588,1258 "Odd-10-B-0";
590 1 1 605,1229 "Even-17-B-15";
591 1 1 605,1228 "Even-17-A-15";
592 1 1 593,1231 "Even-17-B-14";
593 1 0 591,590 "Even-17-S-15";
594 1 0 597,598 "Even-6-S-2";
595 1 0 606,607 "Even-6-S-5";
596 1 1 638,1241 "Even-16-B-9";
597 1 1 599,1254 "Even-6-A-2";
598 1 1 599,1255 "Even-6-B-2";
599 1 0 600,601 "Even-6-S-3";
600 1 1 602,1252 "Even-6-A-3";
601 1 1 602,1253 "Even-6-B-3";
602 1 0 603,604 "Even-6-S-4";
603 1 1 595,1250 "Even-6-A-4";
604 1 1 595,1251 "Even-6-B-4";
605 1 0 613,612 "Even-17-S-16";
606 1 1 608,1248 "Even-6-A-5";
607 1 1 608,1249 "Even-6-B-5";
608 1 0 1216,1245,1243,1241,1239,1237,1235,1233,1231,1229,1227,1225,1223,1221 "Even-6-Z";
609 1 0 1287,445 "Odd-6-T";
610 1 0 1265,329 "Odd-17-T";
611 1 0 1212,1223,1221 "Even-17-Z";
612 1 1 611,1227 "Even-17-B-16";
613 1 1 611,1226 "Even-17-A-16";
614 1 1 624,1253 "Even-7-B-3";
615 1 0 1200,1243,1241,1239,1237,1235,1233,1231,1229,1227,1225,1223,1221 "Even-7-Z";
616 1 1 615,1247 "Even-7-B-6";
617 1 1 615,1246 "Even-7-A-6";
618 1 0 617,616 "Even-7-S-6";
619 1 1 618,1249 "Even-7-B-5";
620 1 1 618,1248 "Even-7-A-5";
621 1 0 620,619 "Even-7-S-5";
622 1 1 621,1251 "Even-7-B-4";
623 1 1 621,1250 "Even-7-A-4";
624 1 0 623,622 "Even-7-S-4";
625 1 0 1285,522 "Odd-7-T";
626 1 1 624,1252 "Even-7-A-3";
627 1 0 626,614 "Even-7-S-3";
628 1 1 627,1255 "Even-7-B-2";
629 1 1 627,1254 "Even-7-A-2";
630 1 0 629,628 "Even-7-S-2";
631 1 1 630,1257 "Even-7-B-1";
632 1 1 630,1256 "Even-7-A-1";
633 1 0 632,631 "Even-7-S-1";
634 1 1 633,1259 "Even-7-B-0";
635 1 1 633,1258 "Even-7-A-0";
636 1 0 648,649 "Even-16-S-13";
637 1 1 1177,1254 "Even-16-A-2";
638 1 0 639,640 "Even-16-S-10";
639 1 1 641,1238 "Even-16-A-10";
640 1 1 641,1239 "Even-16-B-10";
641 1 0 642,643 "Even-16-S-11";
642 1 1 644,1236 "Even-16-A-11";
643 1 1 644,1237 "Even-16-B-11";
644 1 0 645,646 "Even-16-S-12";
645 1 1 636,1234 "Even-16-A-12";
646 1 1 636,1235 "Even-16-B-12";
647 1 0 635,634 "Even-7-S-0";
648 1 1 650,1232 "Even-16-A-13";
649 1 1 650,1233 "Even-16-B-13";
650 1 0 651,652 "Even-16-S-14";
651 1 1 653,1230 "Even-16-A-14";
652 1 1 653,1231 "Even-16-B-14";
653 1 0 654,655 "Even-16-S-15";
654 1 1 656,1228 "Even-16-A-15";
655 1 1 656,1229 "Even-16-B-15";
656 1 0 1204,1225,1223,1221 "Even-16-Z";
657 1 0 1267,72 "Odd-16-T";
658 1 1 670,1239 "Even-17-B-10";
659 1 1 661,1244 "Even-17-A-7";
660 1 1 661,1245 "Even-17-B-7";
661 1 0 662,663 "Even-17-S-8";
662 1 1 664,1242 "Even-17-A-8";
663 1 1 664,1243 "Even-17-B-8";
664 1 0 665,666 "Even-17-S-9";
665 1 1 667,1240 "Even-17-A-9";
666 1 1 667,1241 "Even-17-B-9";
667 1 0 668,658 "Even-17-S-10";
668 1 1 670,1238 "Even-17-A-10";
669 1 0 659,660 "Even-17-S-7";
670 1 0 671,672 "Even-17-S-11";
671 1 1 673,1236 "Even-17-A-11";
672 1 1 673,1237 "Even-17-B-11";
673 1 0 674,675 "Even-17-S-12";
674 1 1 676,1234 "Even-17-A-12";
675 1 1 676,1235 "Even-17-B-12";
676 1 0 677,678 "Even-17-S-13";
677 1 1 679,1232 "Even-17-A-13";
678 1 1 679,1233 "Even-17-B-13";
679 1 0 691,592 "Even-17-S-14";
680 1 1 693,1252 "Even-17-A-3";
681 1 0 682,683 "Even-17-S-0";
682 1 1 684,1258 "Even-17-A-0";
683 1 1 684,1259 "Even-17-B-0";
684 1 0 685,686 "Even-17-S-1";
685 1 1 687,1256 "Even-17-A-1";
686 1 1 687,1257 "Even-17-B-1";
687 1 0 688,689 "Even-17-S-2";
688 1 1 690,1254 "Even-17-A-2";
689 1 1 690,1255 "Even-17-B-2";
690 1 0 680,692 "Even-17-S-3";
691 1 1 593,1230 "Even-17-A-14";
692 1 1 693,1253 "Even-17-B-3";
693 1 0 694,695 "Even-17-S-4";
694 1 1 696,1250 "Even-17-A-4";
695 1 1 696,1251 "Even-17-B-4";
696 1 0 697,698 "Even-17-S-5";
697 1 1 699,1248 "Even-17-A-5";
698 1 1 699,1249 "Even-17-B-5";
699 1 0 700,701 "Even-17-S-6";
700 1 1 669,1246 "Even-17-A-6";
701 1 1 669,1247 "Even-17-B-6";
702 1 0 715,716 "Even-19-S-10";
703 1 1 705,1246 "Even-19-A-6";
704 1 1 705,1247 "Even-19-B-6";
705 1 0 706,707 "Even-19-S-7";
706 1 1 708,1244 "Even-19-A-7";
707 1 1 708,1245 "Even-19-B-7";
708 1 0 709,710 "Even-19-S-8";
709 1 1 711,1242 "Even-19-A-8";
710 1 1 711,1243 "Even-19-B-8";
711 1 0 712,713 "Even-19-S-9";
712 1 1 702,1240 "Even-19-A-9";
713 1 1 702,1241 "Even-19-B-9";
714 1 0 703,704 "Even-19-S-6";
715 1 1 717,1238 "Even-19-A-10";
716 1 1 717,1239 "Even-19-B-10";
717 1 0 718,719 "Even-19-S-11";
718 1 1 720,1236 "Even-19-A-11";
719 1 1 720,1237 "Even-19-B-11";
720 1 0 721,722 "Even-19-S-12";
721 1 1 723,1234 "Even-19-A-12";
722 1 1 723,1235 "Even-19-B-12";
723 1 0 724,736 "Even-19-S-13";
724 1 1 770,1232 "Even-19-A-13";
725 1 1 738,1254 "Even-19-A-2";
726 1 1 780,1259 "Even-4-B-0";
727 1 1 780,1258 "Even-4-A-0";
728 1 0 727,726 "Even-4-S-0";
729 1 0 730,731 "Even-19-S-0";
730 1 1 732,1258 "Even-19-A-0";
731 1 1 732,1259 "Even-19-B-0";
732 1 0 733,734 "Even-19-S-1";
733 1 1 735,1256 "Even-19-A-1";
734 1 1 735,1257 "Even-19-B-1";
735 1 0 725,737 "Even-19-S-2";
736 1 1 770,1233 "Even-19-B-13";
737 1 1 738,1255 "Even-19-B-2";
738 1 0 739,740 "Even-19-S-3";
739 1 1 741,1252 "Even-19-A-3";
740 1 1 741,1253 "Even-19-B-3";
741 1 0 742,743 "Even-19-S-4";
742 1 1 744,1250 "Even-19-A-4";
743 1 1 744,1251 "Even-19-B-4";
744 1 0 745,746 "Even-19-S-5";
745 1 1 714,1248 "Even-19-A-5";
746 1 1 714,1249 "Even-19-B-5";
747 1 0 757,756 "Even-2-S-1";
748 1 1 758,1257 "Even-3-B-1";
749 1 1 758,1256 "Even-3-A-1";
750 1 0 749,748 "Even-3-S-1";
751 1 1 750,1259 "Even-3-B-0";
752 1 1 750,1258 "Even-3-A-0";
753 1 0 752,751 "Even-3-S-0";
754 1 0 1295,545 "Odd-2-T";
755 1 0 1208,1253,1251,1249,1247,1245,1243,1241,1239,1237,1235,1233,1231,1229,1227,1225,1223,1221 "Even-2-Z";
756 1 1 755,1257 "Even-2-B-1";
757 1 1 755,1256 "Even-2-A-1";
758 1 0 790,789 "Even-3-S-2";
759 1 1 747,1259 "Even-2-B-0";
760 1 1 747,1258 "Even-2-A-0";
761 1 0 760,759 "Even-2-S-0";
762 1 0 1297,533 "Odd-1-T";
763 1 0 1205,1255,1253,1251,1249,1247,1245,1243,1241,1239,1237,1235,1233,1231,1229,1227,1225,1223,1221 "Even-1-Z";
764 1 1 763,1259 "Even-1-B-0";
765 1 1 763,1258 "Even-1-A-0";
766 1 0 765,764 "Even-1-S-0";
767 1 0 1299,529 "Odd-0-T";
768 1 0 1207,1257,1255,1253,1251,1249,1247,1245,1243,1241,1239,1237,1235,1233,1231,1229,1227,1225,1223,1221 "Even-0-Z";
769 1 1 782,1224 "Even-19-A-17";
770 1 0 771,772 "Even-19-S-14";
771 1 1 773,1230 "Even-19-A-14";
772 1 1 773,1231 "Even-19-B-14";
773 1 0 774,775 "Even-19-S-15";
774 1 1 776,1228 "Even-19-A-15";
775 1 1 776,1229 "Even-19-B-15";
776 1 0 777,778 "Even-19-S-16";
777 1 1 779,1226 "Even-19-A-16";
778 1 1 779,1227 "Even-19-B-16";
779 1 0 769,781 "Even-19-S-17";
780 1 0 857,856 "Even-4-S-1";
781 1 1 782,1225 "Even-19-B-17";
782 1 0 783,784 "Even-19-S-18";
783 1 1 785,1222 "Even-19-A-18";
784 1 1 785,1223 "Even-19-B-18";
785 1 0 1219 "Even-19-Z";
786 1 0 1261,228 "Odd-19-T";
787 1 0 1293,521 "Odd-3-T";
788 1 0 1201,1251,1249,1247,1245,1243,1241,1239,1237,1235,1233,1231,1229,1227,1225,1223,1221 "Even-3-Z";
789 1 1 788,1255 "Even-3-B-2";
790 1 1 788,1254 "Even-3-A-2";
791 1 1 805,1244 "Even-18-A-7";
792 1 1 793,1253 "Even-18-B-3";
793 1 0 794,795 "Even-18-S-4";
794 1 1 796,1250 "Even-18-A-4";
795 1 1 796,1251 "Even-18-B-4";
796 1 0 797,798 "Even-18-S-5";
797 1 1 799,1248 "Even-18-A-5";
798 1 1 799,1249 "Even-18-B-5";
799 1 0 800,801 "Even-18-S-6";
800 1 1 802,1246 "Even-18-A-6";
801 1 1 802,1247 "Even-18-B-6";
802 1 0 791,804 "Even-18-S-7";
803 1 1 793,1252 "Even-18-A-3";
804 1 1 805,1245 "Even-18-B-7";
805 1 0 806,807 "Even-18-S-8";
806 1 1 808,1242 "Even-18-A-8";
807 1 1 808,1243 "Even-18-B-8";
808 1 0 809,810 "Even-18-S-9";
809 1 1 811,1240 "Even-18-A-9";
810 1 1 811,1241 "Even-18-B-9";
811 1 0 812,813 "Even-18-S-10";
812 1 1 825,1238 "Even-18-A-10";
813 1 1 825,1239 "Even-18-B-10";
814 1 1 824,1253 "Even-5-B-3";
815 1 1 594,1256 "Even-6-A-1";
816 1 0 815,869 "Even-6-S-1";
817 1 1 816,1259 "Even-6-B-0";
818 1 1 816,1258 "Even-6-A-0";
819 1 0 818,817 "Even-6-S-0";
820 1 0 1289,559 "Odd-5-T";
821 1 0 1209,1247,1245,1243,1241,1239,1237,1235,1233,1231,1229,1227,1225,1223,1221 "Even-5-Z";
822 1 1 821,1251 "Even-5-B-4";
823 1 1 821,1250 "Even-5-A-4";
824 1 0 823,822 "Even-5-S-4";
825 1 0 859,860 "Even-18-S-11";
826 1 0 827,828 "Even-18-S-0";
827 1 1 829,1258 "Even-18-A-0";
828 1 1 829,1259 "Even-18-B-0";
829 1 0 830,831 "Even-18-S-1";
830 1 1 832,1256 "Even-18-A-1";
831 1 1 832,1257 "Even-18-B-1";
832 1 0 833,834 "Even-18-S-2";
833 1 1 835,1254 "Even-18-A-2";
834 1 1 835,1255 "Even-18-B-2";
835 1 0 803,792 "Even-18-S-3";
836 1 0 846,845 "Even-5-S-0";
837 1 1 824,1252 "Even-5-A-3";
838 1 0 837,814 "Even-5-S-3";
839 1 1 838,1255 "Even-5-B-2";
840 1 1 838,1254 "Even-5-A-2";
841 1 0 840,839 "Even-5-S-2";
842 1 1 841,1257 "Even-5-B-1";
843 1 1 841,1256 "Even-5-A-1";
844 1 0 843,842 "Even-5-S-1";
845 1 1 844,1259 "Even-5-B-0";
846 1 1 844,1258 "Even-5-A-0";
847 1 0 1263,381 "Odd-18-T";
848 1 0 1291,462 "Odd-4-T";
849 1 0 1217,1249,1247,1245,1243,1241,1239,1237,1235,1233,1231,1229,1227,1225,1223,1221 "Even-4-Z";
850 1 1 849,1253 "Even-4-B-3";
851 1 1 849,1252 "Even-4-A-3";
852 1 0 851,850 "Even-4-S-3";
853 1 1 852,1255 "Even-4-B-2";
854 1 1 852,1254 "Even-4-A-2";
855 1 0 854,853 "Even-4-S-2";
856 1 1 855,1257 "Even-4-B-1";
857 1 1 855,1256 "Even-4-A-1";
858 1 1 870,1231 "Even-18-B-14";
859 1 1 861,1236 "Even-18-A-11";
860 1 1 861,1237 "Even-18-B-11";
861 1 0 862,863 "Even-18-S-12";
862 1 1 864,1234 "Even-18-A-12";
863 1 1 864,1235 "Even-18-B-12";
864 1 0 865,866 "Even-18-S-13";
865 1 1 867,1232 "Even-18-A-13";
866 1 1 867,1233 "Even-18-B-13";
867 1 0 868,858 "Even-18-S-14";
868 1 1 870,1230 "Even-18-A-14";
869 1 1 594,1257 "Even-6-B-1";
870 1 0 871,872 "Even-18-S-15";
871 1 1 873,1228 "Even-18-A-15";
872 1 1 873,1229 "Even-18-B-15";
873 1 0 874,875 "Even-18-S-16";
874 1 1 876,1226 "Even-18-A-16";
875 1 1 876,1227 "Even-18-B-16";
876 1 0 877,878 "Even-18-S-17";
877 1 1 879,1224 "Even-18-A-17";
878 1 1 879,1225 "Even-18-B-17";
879 1 0 1211,1221 "Even-18-Z";
880 1 1 893,1249 "Even-13-B-5";
881 1 0 882,883 "Even-13-S-2";
882 1 1 884,1254 "Even-13-A-2";
883 1 1 884,1255 "Even-13-B-2";
884 1 0 885,886 "Even-13-S-3";
885 1 1 887,1252 "Even-13-A-3";
886 1 1 887,1253 "Even-13-B-3";
887 1 0 888,889 "Even-13-S-4";
888 1 1 890,1250 "Even-13-A-4";
889 1 1 890,1251 "Even-13-B-4";
890 1 0 891,880 "Even-13-S-5";
891 1 1 893,1248 "Even-13-A-5";
892 1 1 881,1257 "Even-13-B-1";
893 1 0 894,895 "Even-13-S-6";
894 1 1 896,1246 "Even-13-A-6";
895 1 1 896,1247 "Even-13-B-6";
896 1 0 897,898 "Even-13-S-7";
897 1 1 899,1244 "Even-13-A-7";
898 1 1 899,1245 "Even-13-B-7";
899 1 0 900,901 "Even-13-S-8";
900 1 1 902,1242 "Even-13-A-8";
901 1 1 902,1243 "Even-13-B-8";
902 1 0 914,949 "Even-13-S-9";
903 1 1 913,1257 "Even-10-B-1";
904 1 0 959,1036 "Even-10-S-5";
905 1 1 904,1251 "Even-10-B-4";
906 1 1 904,1250 "Even-10-A-4";
907 1 0 906,905 "Even-10-S-4";
908 1 1 907,1253 "Even-10-B-3";
909 1 1 907,1252 "Even-10-A-3";
910 1 0 909,908 "Even-10-S-3";
911 1 1 910,1255 "Even-10-B-2";
912 1 1 910,1254 "Even-10-A-2";
913 1 0 912,911 "Even-10-S-2";
914 1 1 950,1240 "Even-13-A-9";
915 1 1 913,1256 "Even-10-A-1";
916 1 0 915,903 "Even-10-S-1";
917 1 1 916,1259 "Even-10-B-0";
918 1 1 916,1258 "Even-10-A-0";
919 1 0 918,917 "Even-10-S-0";
920 1 0 921,922 "Even-13-S-0";
921 1 1 923,1258 "Even-13-A-0";
922 1 1 923,1259 "Even-13-B-0";
923 1 0 924,892 "Even-13-S-1";
924 1 1 881,1256 "Even-13-A-1";
925 1 1 938,1257 "Even-14-B-1";
926 1 0 937,969 "Even-9-S-6";
927 1 1 926,1249 "Even-9-B-5";
928 1 1 926,1248 "Even-9-A-5";
929 1 0 928,927 "Even-9-S-5";
930 1 1 929,1251 "Even-9-B-4";
931 1 1 929,1250 "Even-9-A-4";
932 1 0 933,934 "Even-14-S-0";
933 1 1 935,1258 "Even-14-A-0";
934 1 1 935,1259 "Even-14-B-0";
935 1 0 936,925 "Even-14-S-1";
936 1 1 938,1256 "Even-14-A-1";
937 1 1 968,1246 "Even-9-A-6";
938 1 0 939,940 "Even-14-S-2";
939 1 1 941,1254 "Even-14-A-2";
940 1 1 941,1255 "Even-14-B-2";
941 1 0 942,943 "Even-14-S-3";
942 1 1 944,1252 "Even-14-A-3";
943 1 1 944,1253 "Even-14-B-3";
944 1 0 945,946 "Even-14-S-4";
945 1 1 947,1250 "Even-14-A-4";
946 1 1 947,1251 "Even-14-B-4";
947 1 0 1153,1152 "Even-14-S-5";
948 1 0 1210,1231,1229,1227,1225,1223,1221 "Even-13-Z";
949 1 1 950,1241 "Even-13-B-9";
950 1 0 951,952 "Even-13-S-10";
951 1 1 953,1238 "Even-13-A-10";
952 1 1 953,1239 "Even-13-B-10";
953 1 0 954,955 "Even-13-S-11";
954 1 1 956,1236 "Even-13-A-11";
955 1 1 956,1237 "Even-13-B-11";
956 1 0 957,958 "Even-13-S-12";
957 1 1 948,1234 "Even-13-A-12";
958 1 1 948,1235 "Even-13-B-12";
959 1 1 1035,1248 "Even-10-A-5";
960 1 0 1273,204 "Odd-13-T";
961 1 0 1281,478 "Odd-9-T";
962 1 0 1218,1239,1237,1235,1233,1231,1229,1227,1225,1223,1221 "Even-9-Z";
963 1 1 962,1243 "Even-9-B-8";
964 1 1 962,1242 "Even-9-A-8";
965 1 0 964,963 "Even-9-S-8";
966 1 1 965,1245 "Even-9-B-7";
967 1 1 965,1244 "Even-9-A-7";
968 1 0 967,966 "Even-9-S-7";
969 1 1 968,1247 "Even-9-B-6";
970 1 0 1206,1235,1233,1231,1229,1227,1225,1223,1221 "Even-11-Z";
971 1 1 973,1244 "Even-11-A-7";
972 1 1 973,1245 "Even-11-B-7";
973 1 0 974,975 "Even-11-S-8";
974 1 1 976,1242 "Even-11-A-8";
975 1 1 976,1243 "Even-11-B-8";
976 1 0 977,978 "Even-11-S-9";
977 1 1 979,1240 "Even-11-A-9";
978 1 1 979,1241 "Even-11-B-9";
979 1 0 980,981 "Even-11-S-10";
980 1 1 970,1238 "Even-11-A-10";
981 1 1 970,1239 "Even-11-B-10";
982 1 0 971,972 "Even-11-S-7";
983 1 0 1277,133 "Odd-11-T";
984 1 0 1279,549 "Odd-10-T";
985 1 0 1213,1237,1235,1233,1231,1229,1227,1225,1223,1221 "Even-10-Z";
986 1 1 985,1241 "Even-10-B-9";
987 1 1 985,1240 "Even-10-A-9";
988 1 0 987,986 "Even-10-S-9";
989 1 0 990,991 "Even-12-S-0";
990 1 1 992,1258 "Even-12-A-0";
991 1 1 992,1259 "Even-12-B-0";
992 1 0 1004,1038 "Even-12-S-1";
993 1 1 1006,1252 "Even-11-A-3";
994 1 0 995,996 "Even-11-S-0";
995 1 1 997,1258 "Even-11-A-0";
996 1 1 997,1259 "Even-11-B-0";
997 1 0 998,999 "Even-11-S-1";
998 1 1 1000,1256 "Even-11-A-1";
999 1 1 1000,1257 "Even-11-B-1";
1000 1 0 1001,1002 "Even-11-S-2";
1001 1 1 1003,1254 "Even-11-A-2";
1002 1 1 1003,1255 "Even-11-B-2";
1003 1 0 993,1005 "Even-11-S-3";
1004 1 1 1039,1256 "Even-12-A-1";
1005 1 1 1006,1253 "Even-11-B-3";
1006 1 0 1007,1008 "Even-11-S-4";
1007 1 1 1009,1250 "Even-11-A-4";
1008 1 1 1009,1251 "Even-11-B-4";
1009 1 0 1010,1011 "Even-11-S-5";
1010 1 1 1012,1248 "Even-11-A-5";
1011 1 1 1012,1249 "Even-11-B-5";
1012 1 0 1013,1014 "Even-11-S-6";
1013 1 1 982,1246 "Even-11-A-6";
1014 1 1 982,1247 "Even-11-B-6";
1015 1 0 1275,115 "Odd-12-T";
1016 1 0 1017,1018 "Even-12-S-9";
1017 1 1 1019,1240 "Even-12-A-9";
1018 1 1 1019,1241 "Even-12-B-9";
1019 1 0 1020,1021 "Even-12-S-10";
1020 1 1 1022,1238 "Even-12-A-10";
1021 1 1 1022,1239 "Even-12-B-10";
1022 1 0 1023,1024 "Even-12-S-11";
1023 1 1 1025,1236 "Even-12-A-11";
1024 1 1 1025,1237 "Even-12-B-11";
1025 1 0 1202,1233,1231,1229,1227,1225,1223,1221 "Even-12-Z";
1026 1 1 1016,1243 "Even-12-B-8";
1027 1 1 988,1243 "Even-10-B-8";
1028 1 1 988,1242 "Even-10-A-8";
1029 1 0 1028,1027 "Even-10-S-8";
1030 1 1 1029,1245 "Even-10-B-7";
1031 1 1 1029,1244 "Even-10-A-7";
1032 1 0 1031,1030 "Even-10-S-7";
1033 1 1 1032,1247 "Even-10-B-6";
1034 1 1 1032,1246 "Even-10-A-6";
1035 1 0 1034,1033 "Even-10-S-6";
1036 1 1 1035,1249 "Even-10-B-5";
1037 1 0 1049,1050 "Even-12-S-5";
1038 1 1 1039,1257 "Even-12-B-1";
1039 1 0 1040,1041 "Even-12-S-2";
1040 1 1 1042,1254 "Even-12-A-2";
1041 1 1 1042,1255 "Even-12-B-2";
1042 1 0 1043,1044 "Even-12-S-3";
1043 1 1 1045,1252 "Even-12-A-3";
1044 1 1 1045,1253 "Even-12-B-3";
1045 1 0 1046,1047 "Even-12-S-4";
1046 1 1 1037,1250 "Even-12-A-4";
1047 1 1 1037,1251 "Even-12-B-4";
1048 1 0 1154,596 "Even-16-S-9";
1049 1 1 1051,1248 "Even-12-A-5";
1050 1 1 1051,1249 "Even-12-B-5";
1051 1 0 1052,1053 "Even-12-S-6";
1052 1 1 1054,1246 "Even-12-A-6";
1053 1 1 1054,1247 "Even-12-B-6";
1054 1 0 1055,1056 "Even-12-S-7";
1055 1 1 1057,1244 "Even-12-A-7";
1056 1 1 1057,1245 "Even-12-B-7";
1057 1 0 1058,1026 "Even-12-S-8";
1058 1 1 1016,1242 "Even-12-A-8";
1059 1 1 1070,1247 "Even-15-B-6";
1060 1 1 1061,1257 "Even-8-B-1";
1061 1 0 1072,1073 "Even-8-S-2";
1062 1 1 1064,1250 "Even-15-A-4";
1063 1 1 1064,1251 "Even-15-B-4";
1064 1 0 1065,1066 "Even-15-S-5";
1065 1 1 1067,1248 "Even-15-A-5";
1066 1 1 1067,1249 "Even-15-B-5";
1067 1 0 1068,1059 "Even-15-S-6";
1068 1 1 1070,1246 "Even-15-A-6";
1069 1 1 1061,1256 "Even-8-A-1";
1070 1 0 1071,1075 "Even-15-S-7";
1071 1 1 1076,1244 "Even-15-A-7";
1072 1 1 1074,1254 "Even-8-A-2";
1073 1 1 1074,1255 "Even-8-B-2";
1074 1 0 1120,1121 "Even-8-S-3";
1075 1 1 1076,1245 "Even-15-B-7";
1076 1 0 1077,1087 "Even-15-S-8";
1077 1 1 1115,1242 "Even-15-A-8";
1078 1 1 1088,1255 "Even-15-B-2";
1079 1 0 1080,1081 "Even-15-S-0";
1080 1 1 1082,1258 "Even-15-A-0";
1081 1 1 1082,1259 "Even-15-B-0";
1082 1 0 1083,1084 "Even-15-S-1";
1083 1 1 1085,1256 "Even-15-A-1";
1084 1 1 1085,1257 "Even-15-B-1";
1085 1 0 1086,1078 "Even-15-S-2";
1086 1 1 1088,1254 "Even-15-A-2";
1087 1 1 1115,1243 "Even-15-B-8";
1088 1 0 1089,1090 "Even-15-S-3";
1089 1 1 1091,1252 "Even-15-A-3";
1090 1 1 1091,1253 "Even-15-B-3";
1091 1 0 1062,1063 "Even-15-S-4";
1092 1 0 1093,1094 "Even-8-S-0";
1093 1 1 1095,1258 "Even-8-A-0";
1094 1 1 1095,1259 "Even-8-B-0";
1095 1 0 1069,1060 "Even-8-S-1";
1096 1 1 1107,1249 "Even-8-B-5";
1097 1 1 1101,1251 "Even-8-B-4";
1098 1 1 1099,1233 "Even-15-B-13";
1099 1 0 1100,1103 "Even-15-S-14";
1100 1 1 1104,1230 "Even-15-A-14";
1101 1 0 1102,1096 "Even-8-S-5";
1102 1 1 1107,1248 "Even-8-A-5";
1103 1 1 1104,1231 "Even-15-B-14";
1104 1 0 1215,1227,1225,1223,1221 "Even-15-Z";
1105 1 1 1099,1232 "Even-15-A-13";
1106 1 0 1269,39 "Odd-15-T";
1107 1 0 1108,1113 "Even-8-S-6";
1108 1 1 1112,1246 "Even-8-A-6";
1109 1 0 1203,1241,1239,1237,1235,1233,1231,1229,1227,1225,1223,1221 "Even-8-Z";
1110 1 1 1109,1245 "Even-8-B-7";
1111 1 1 1109,1244 "Even-8-A-7";
1112 1 0 1111,1110 "Even-8-S-7";
1113 1 1 1112,1247 "Even-8-B-6";
1114 1 1 1124,1239 "Even-15-B-10";
1115 1 0 1116,1117 "Even-15-S-9";
1116 1 1 1118,1240 "Even-15-A-9";
1117 1 1 1118,1241 "Even-15-B-9";
1118 1 0 1119,1114 "Even-15-S-10";
1119 1 1 1124,1238 "Even-15-A-10";
1120 1 1 1122,1252 "Even-8-A-3";
1121 1 1 1122,1253 "Even-8-B-3";
1122 1 0 1131,1097 "Even-8-S-4";
1123 1 0 1170,1160 "Even-16-S-0";
1124 1 0 1125,1126 "Even-15-S-11";
1125 1 1 1127,1236 "Even-15-A-11";
1126 1 1 1127,1237 "Even-15-B-11";
1127 1 0 1128,1129 "Even-15-S-12";
1128 1 1 1130,1234 "Even-15-A-12";
1129 1 1 1130,1235 "Even-15-B-12";
1130 1 0 1105,1098 "Even-15-S-13";
1131 1 1 1101,1250 "Even-8-A-4";
1132 1 1 1140,1246 "Even-16-A-6";
1133 1 1 1142,1245 "Even-16-B-7";
1134 1 0 1135,1136 "Even-14-S-10";
1135 1 1 1137,1238 "Even-14-A-10";
1136 1 1 1137,1239 "Even-14-B-10";
1137 1 0 1138,1143 "Even-14-S-11";
1138 1 1 1144,1236 "Even-14-A-11";
1139 1 1 1142,1244 "Even-16-A-7";
1140 1 0 1139,1133 "Even-16-S-7";
1141 1 1 1140,1247 "Even-16-B-6";
1142 1 0 1168,1156 "Even-16-S-8";
1143 1 1 1144,1237 "Even-14-B-11";
1144 1 0 1145,1146 "Even-14-S-12";
1145 1 1 1147,1234 "Even-14-A-12";
1146 1 1 1147,1235 "Even-14-B-12";
1147 1 0 1148,1149 "Even-14-S-13";
1148 1 1 1150,1232 "Even-14-A-13";
1149 1 1 1150,1233 "Even-14-B-13";
1150 1 0 1214,1229,1227,1225,1223,1221 "Even-14-Z";
1151 1 1 1162,1244 "Even-14-A-7";
1152 1 1 1155,1249 "Even-14-B-5";
1153 1 1 1155,1248 "Even-14-A-5";
1154 1 1 638,1240 "Even-16-A-9";
1155 1 0 1157,1158 "Even-14-S-6";
1156 1 1 1048,1243 "Even-16-B-8";
1157 1 1 1159,1246 "Even-14-A-6";
1158 1 1 1159,1247 "Even-14-B-6";
1159 1 0 1151,1161 "Even-14-S-7";
1160 1 1 1171,1259 "Even-16-B-0";
1161 1 1 1162,1245 "Even-14-B-7";
1162 1 0 1163,1164 "Even-14-S-8";
1163 1 1 1165,1242 "Even-14-A-8";
1164 1 1 1165,1243 "Even-14-B-8";
1165 1 0 1166,1167 "Even-14-S-9";
1166 1 1 1134,1240 "Even-14-A-9";
1167 1 1 1134,1241 "Even-14-B-9";
1168 1 1 1048,1242 "Even-16-A-8";
1169 1 1 1183,1259 "Even-9-B-0";
1170 1 1 1171,1258 "Even-16-A-0";
1171 1 0 1173,1174 "Even-16-S-1";
1172 1 0 1283,476 "Odd-8-T";
1173 1 1 1175,1256 "Even-16-A-1";
1174 1 1 1175,1257 "Even-16-B-1";
1175 1 0 637,1176 "Even-16-S-2";
1176 1 1 1177,1255 "Even-16-B-2";
1177 1 0 1179,1180 "Even-16-S-3";
1178 1 0 1181,1169 "Even-9-S-0";
1179 1 1 1184,1252 "Even-16-A-3";
1180 1 1 1184,1253 "Even-16-B-3";
1181 1 1 1183,1258 "Even-9-A-0";
1182 1 0 1132,1141 "Even-16-S-6";
1183 1 0 1199,1198 "Even-9-S-1";
1184 1 0 1185,1190 "Even-16-S-4";
1185 1 1 1188,1250 "Even-16-A-4";
1186 1 1 1182,1249 "Even-16-B-5";
1187 1 1 1182,1248 "Even-16-A-5";
1188 1 0 1187,1186 "Even-16-S-5";
1189 1 0 1271,35 "Odd-14-T";
1190 1 1 1188,1251 "Even-16-B-4";
1191 1 0 931,930 "Even-9-S-4";
1192 1 1 1191,1253 "Even-9-B-3";
1193 1 1 1191,1252 "Even-9-A-3";
1194 1 0 1193,1192 "Even-9-S-3";
1195 1 1 1194,1255 "Even-9-B-2";
1196 1 1 1194,1254 "Even-9-A-2";
1197 1 0 1196,1195 "Even-9-S-2";
1198 1 1 1197,1257 "Even-9-B-1";
1199 1 1 1197,1256 "Even-9-A-1";
1200 2 1 1284,647 "Even-7-T";
1201 2 1 1292,753 "Even-3-T";
1202 2 1 1274,989 "Even-12-T";
1203 2 1 1282,1092 "Even-8-T";
1204 2 1 1266,1123 "Even-16-T";
1205 2 1 1296,766 "Even-1-T";
1206 2 1 1276,994 "Even-11-T";
1207 2 1 1298,768 "Even-0-T";
1208 2 1 1294,761 "Even-2-T";
1209 2 1 1288,836 "Even-5-T";
1210 2 1 1272,920 "Even-13-T";
1211 2 1 1262,826 "Even-18-T";
1212 2 1 1264,681 "Even-17-T";
1213 2 1 1278,919 "Even-10-T";
1214 2 1 1270,932 "Even-14-T";
1215 2 1 1268,1079 "Even-15-T";
1216 2 1 1286,819 "Even-6-T";
1217 2 1 1290,728 "Even-4-T";
1218 2 1 1280,1178 "Even-9-T";
1219 2 1 1260,729 "Even-19-T";
1220 3 1 1219 "Even-19-L";
1221 4 0 786 "Odd-19-L";
1222 5 1 1211 "Even-18-L";
1223 6 0 847 "Odd-18-L";
1224 7 1 1212 "Even-17-L";
1225 8 0 610 "Odd-17-L";
1226 9 1 1204 "Even-16-L";
1227 10 0 657 "Odd-16-L";
1228 11 1 1215 "Even-15-L";
1229 12 0 1106 "Odd-15-L";
1230 13 1 1214 "Even-14-L";
1231 14 0 1189 "Odd-14-L";
1232 15 1 1210 "Even-13-L";
1233 16 0 960 "Odd-13-L";
1234 17 1 1202 "Even-12-L";
1235 18 0 1015 "Odd-12-L";
1236 19 1 1206 "Even-11-L";
1237 20 0 983 "Odd-11-L";
1238 21 1 1213 "Even-10-L";
1239 22 0 984 "Odd-10-L";
1240 23 1 1218 "Even-9-L";
1241 24 0 961 "Odd-9-L";
1242 25 1 1203 "Even-8-L";
1243 26 0 1172 "Odd-8-L";
1244 27 1 1200 "Even-7-L";
1245 28 0 625 "Odd-7-L";
1246 29 1 1216 "Even-6-L";
1247 30 0 609 "Odd-6-L";
1248 31 1 1209 "Even-5-L";
1249 32 0 820 "Odd-5-L";
1250 33 1 1217 "Even-4-L";
1251 34 0 848 "Odd-4-L";
1252 35 1 1201 "Even-3-L";
1253 36 0 787 "Odd-3-L";
1254 37 1 1208 "Even-2-L";
1255 38 0 754 "Odd-2-L";
1256 39 1 1205 "Even-1-L";
1257 40 0 762 "Odd-1-L";
1258 41 1 1207 "Even-0-L";
1259 42 0 767 "Odd-0-L";
1260 44 0 1222 "Even-19-H";
1261 45 1 1223 "Odd-19-H";
1262 46 0 1224 "Even-18-H";
1263 47 1 1225 "Odd-18-H";
1264 48 0 1226 "Even-17-H";
1265 49 1 1227 "Odd-17-H";
1266 50 0 1228 "Even-16-H";
1267 51 1 1229 "Odd-16-H";
1268 52 0 1230 "Even-15-H";
1269 53 1 1231 "Odd-15-H";
1270 54 0 1232 "Even-14-H";
1271 55 1 1233 "Odd-14-H";
1272 56 0 1234 "Even-13-H";
1273 57 1 1235 "Odd-13-H";
1274 58 0 1236 "Even-12-H";
1275 59 1 1237 "Odd-12-H";
1276 60 0 1238 "Even-11-H";
1277 61 1 1239 "Odd-11-H";
1278 62 0 1240 "Even-10-H";
1279 63 1 1241 "Odd-10-H";
1280 64 0 1242 "Even-9-H";
1281 65 1 1243 "Odd-9-H";
1282 66 0 1244 "Even-8-H";
1283 67 1 1245 "Odd-8-H";
1284 68 0 1246 "Even-7-H";
1285 69 1 1247 "Odd-7-H";
1286 70 0 1248 "Even-6-H";
1287 71 1 1249 "Odd-6-H";
1288 72 0 1250 "Even-5-H";
1289 73 1 1251 "Odd-5-H";
1290 74 0 1252 "Even-4-H";
1291 75 1 1253 "Odd-4-H";
1292 76 0 1254 "Even-3-H";
1293 77 1 1255 "Odd-3-H";
1294 78 0 1256 "Even-2-H";
1295 79 1 1257 "Odd-2-H";
1296 80 0 1258 "Even-1-H";
1297 81 1 1259 "Odd-1-H";
1298 82 0 1220 "Even-0-H";
1299 83 1 1221 "Odd-0-H";
