parity 2000;
0 0 0 10,1924 "Odd-21-B-12";
1 0 1 2,3 "Odd-21-S-10";
2 0 0 4,1929 "Odd-21-A-10";
3 0 0 4,1928 "Odd-21-B-10";
4 0 1 5,6 "Odd-21-S-11";
5 0 0 7,1927 "Odd-21-A-11";
6 0 0 7,1926 "Odd-21-B-11";
7 0 1 8,0 "Odd-21-S-12";
8 0 0 10,1925 "Odd-21-A-12";
9 0 0 1,1930 "Odd-21-B-9";
10 0 1 11,12 "Odd-21-S-13";
11 0 0 13,1923 "Odd-21-A-13";
12 0 0 13,1922 "Odd-21-B-13";
13 0 1 14,15 "Odd-21-S-14";
14 0 0 16,1921 "Odd-21-A-14";
15 0 0 16,1920 "Odd-21-B-14";
16 0 1 26,66 "Odd-21-S-15";
17 0 1 27,28 "Odd-21-S-7";
18 0 0 51,1948 "Odd-15-B-0";
19 0 0 51,1949 "Odd-15-A-0";
20 0 1 19,18 "Odd-15-S-0";
21 0 0 23,1939 "Odd-21-A-5";
22 0 0 23,1938 "Odd-21-B-5";
23 0 1 24,25 "Odd-21-S-6";
24 0 0 17,1937 "Odd-21-A-6";
25 0 0 17,1936 "Odd-21-B-6";
26 0 0 65,1919 "Odd-21-A-15";
27 0 0 29,1935 "Odd-21-A-7";
28 0 0 29,1934 "Odd-21-B-7";
29 0 1 30,31 "Odd-21-S-8";
30 0 0 32,1933 "Odd-21-A-8";
31 0 0 32,1932 "Odd-21-B-8";
32 0 1 33,9 "Odd-21-S-9";
33 0 0 1,1931 "Odd-21-A-9";
34 0 0 42,1926 "Odd-14-B-11";
35 0 1 955,1906,1904,1902,1900 "Odd-21-Z";
36 0 1 1851,1920,1918,1916,1914,1912,1910,1908,1906,1904,1902,1900 "Odd-14-Z";
37 0 0 36,1922 "Odd-14-B-13";
38 0 0 36,1923 "Odd-14-A-13";
39 0 1 38,37 "Odd-14-S-13";
40 0 0 39,1924 "Odd-14-B-12";
41 0 0 39,1925 "Odd-14-A-12";
42 0 1 41,40 "Odd-14-S-12";
43 0 0 35,1908 "Odd-21-B-20";
44 0 0 42,1927 "Odd-14-A-11";
45 0 1 44,34 "Odd-14-S-11";
46 0 0 45,1928 "Odd-14-B-10";
47 0 0 45,1929 "Odd-14-A-10";
48 0 1 47,46 "Odd-14-S-10";
49 0 0 48,1930 "Odd-14-B-9";
50 0 0 48,1931 "Odd-14-A-9";
51 0 1 117,116 "Odd-15-S-1";
52 0 0 35,1909 "Odd-21-A-20";
53 0 1 52,43 "Odd-21-S-20";
54 0 0 53,1910 "Odd-21-B-19";
55 0 0 53,1911 "Odd-21-A-19";
56 0 1 55,54 "Odd-21-S-19";
57 0 0 56,1912 "Odd-21-B-18";
58 0 0 56,1913 "Odd-21-A-18";
59 0 1 58,57 "Odd-21-S-18";
60 0 0 59,1914 "Odd-21-B-17";
61 0 0 59,1915 "Odd-21-A-17";
62 0 1 61,60 "Odd-21-S-17";
63 0 0 62,1916 "Odd-21-B-16";
64 0 0 62,1917 "Odd-21-A-16";
65 0 1 64,63 "Odd-21-S-16";
66 0 0 65,1918 "Odd-21-B-15";
67 0 0 75,1920 "Odd-15-B-14";
68 0 1 69,70 "Odd-21-S-3";
69 0 0 71,1943 "Odd-21-A-3";
70 0 0 71,1942 "Odd-21-B-3";
71 0 1 72,73 "Odd-21-S-4";
72 0 0 74,1941 "Odd-21-A-4";
73 0 0 74,1940 "Odd-21-B-4";
74 0 1 21,22 "Odd-21-S-5";
75 0 1 1800,1918,1916,1914,1912,1910,1908,1906,1904,1902,1900 "Odd-15-Z";
76 0 0 68,1944 "Odd-21-B-2";
77 0 0 75,1921 "Odd-15-A-14";
78 0 1 77,67 "Odd-15-S-14";
79 0 0 78,1922 "Odd-15-B-13";
80 0 0 78,1923 "Odd-15-A-13";
81 0 1 80,79 "Odd-15-S-13";
82 0 0 81,1924 "Odd-15-B-12";
83 0 0 81,1925 "Odd-15-A-12";
84 0 1 94,95 "Odd-21-S-0";
85 0 0 452,1945 "Odd-16-A-2";
86 0 1 85,252 "Odd-16-S-2";
87 0 0 86,1946 "Odd-16-B-1";
88 0 0 86,1947 "Odd-16-A-1";
89 0 1 88,87 "Odd-16-S-1";
90 0 0 89,1948 "Odd-16-B-0";
91 0 0 89,1949 "Odd-16-A-0";
92 0 1 91,90 "Odd-16-S-0";
93 0 1 83,82 "Odd-15-S-12";
94 0 0 96,1949 "Odd-21-A-0";
95 0 0 96,1948 "Odd-21-B-0";
96 0 1 97,98 "Odd-21-S-1";
97 0 0 99,1947 "Odd-21-A-1";
98 0 0 99,1946 "Odd-21-B-1";
99 0 1 100,76 "Odd-21-S-2";
100 0 0 68,1945 "Odd-21-A-2";
101 0 0 109,1942 "Odd-15-B-3";
102 0 0 119,1937 "Odd-15-A-6";
103 0 1 102,110 "Odd-15-S-6";
104 0 0 103,1938 "Odd-15-B-5";
105 0 0 103,1939 "Odd-15-A-5";
106 0 1 105,104 "Odd-15-S-5";
107 0 0 106,1940 "Odd-15-B-4";
108 0 0 106,1941 "Odd-15-A-4";
109 0 1 108,107 "Odd-15-S-4";
110 0 0 119,1936 "Odd-15-B-6";
111 0 0 109,1943 "Odd-15-A-3";
112 0 1 111,101 "Odd-15-S-3";
113 0 0 112,1944 "Odd-15-B-2";
114 0 0 112,1945 "Odd-15-A-2";
115 0 1 114,113 "Odd-15-S-2";
116 0 0 115,1946 "Odd-15-B-1";
117 0 0 115,1947 "Odd-15-A-1";
118 0 1 50,49 "Odd-14-S-9";
119 0 1 120,121 "Odd-15-S-7";
120 0 0 122,1935 "Odd-15-A-7";
121 0 0 122,1934 "Odd-15-B-7";
122 0 1 123,124 "Odd-15-S-8";
123 0 0 125,1933 "Odd-15-A-8";
124 0 0 125,1932 "Odd-15-B-8";
125 0 1 126,127 "Odd-15-S-9";
126 0 0 128,1931 "Odd-15-A-9";
127 0 0 128,1930 "Odd-15-B-9";
128 0 1 129,130 "Odd-15-S-10";
129 0 0 131,1929 "Odd-15-A-10";
130 0 0 131,1928 "Odd-15-B-10";
131 0 1 132,133 "Odd-15-S-11";
132 0 0 93,1927 "Odd-15-A-11";
133 0 0 93,1926 "Odd-15-B-11";
134 0 0 144,1932 "Odd-22-B-8";
135 0 1 136,137 "Odd-22-S-6";
136 0 0 138,1937 "Odd-22-A-6";
137 0 0 138,1936 "Odd-22-B-6";
138 0 1 139,140 "Odd-22-S-7";
139 0 0 141,1935 "Odd-22-A-7";
140 0 0 141,1934 "Odd-22-B-7";
141 0 1 142,134 "Odd-22-S-8";
142 0 0 144,1933 "Odd-22-A-8";
143 0 0 135,1938 "Odd-22-B-5";
144 0 1 145,146 "Odd-22-S-9";
145 0 0 147,1931 "Odd-22-A-9";
146 0 0 147,1930 "Odd-22-B-9";
147 0 1 784,866 "Odd-22-S-10";
148 0 1 1393,1924,1922,1920,1918,1916,1914,1912,1910,1908,1906,1904,1902,1900 "Odd-12-Z";
149 0 0 148,1926 "Odd-12-B-11";
150 0 0 148,1927 "Odd-12-A-11";
151 0 1 161,162 "Odd-22-S-3";
152 0 0 154,1949 "Odd-22-A-0";
153 0 0 154,1948 "Odd-22-B-0";
154 0 1 155,156 "Odd-22-S-1";
155 0 0 157,1947 "Odd-22-A-1";
156 0 0 157,1946 "Odd-22-B-1";
157 0 1 158,159 "Odd-22-S-2";
158 0 0 151,1945 "Odd-22-A-2";
159 0 0 151,1944 "Odd-22-B-2";
160 0 1 150,149 "Odd-12-S-11";
161 0 0 163,1943 "Odd-22-A-3";
162 0 0 163,1942 "Odd-22-B-3";
163 0 1 164,165 "Odd-22-S-4";
164 0 0 166,1941 "Odd-22-A-4";
165 0 0 166,1940 "Odd-22-B-4";
166 0 1 167,143 "Odd-22-S-5";
167 0 0 135,1939 "Odd-22-A-5";
168 0 0 176,1944 "Odd-12-B-2";
169 0 0 186,1939 "Odd-12-A-5";
170 0 1 169,177 "Odd-12-S-5";
171 0 0 170,1940 "Odd-12-B-4";
172 0 0 170,1941 "Odd-12-A-4";
173 0 1 172,171 "Odd-12-S-4";
174 0 0 173,1942 "Odd-12-B-3";
175 0 0 173,1943 "Odd-12-A-3";
176 0 1 175,174 "Odd-12-S-3";
177 0 0 186,1938 "Odd-12-B-5";
178 0 0 176,1945 "Odd-12-A-2";
179 0 1 178,168 "Odd-12-S-2";
180 0 0 179,1946 "Odd-12-B-1";
181 0 0 179,1947 "Odd-12-A-1";
182 0 1 181,180 "Odd-12-S-1";
183 0 0 182,1948 "Odd-12-B-0";
184 0 0 182,1949 "Odd-12-A-0";
185 0 1 152,153 "Odd-22-S-0";
186 0 1 187,188 "Odd-12-S-6";
187 0 0 189,1937 "Odd-12-A-6";
188 0 0 189,1936 "Odd-12-B-6";
189 0 1 190,191 "Odd-12-S-7";
190 0 0 192,1935 "Odd-12-A-7";
191 0 0 192,1934 "Odd-12-B-7";
192 0 1 193,194 "Odd-12-S-8";
193 0 0 195,1933 "Odd-12-A-8";
194 0 0 195,1932 "Odd-12-B-8";
195 0 1 196,197 "Odd-12-S-9";
196 0 0 198,1931 "Odd-12-A-9";
197 0 0 198,1930 "Odd-12-B-9";
198 0 1 199,200 "Odd-12-S-10";
199 0 0 160,1929 "Odd-12-A-10";
200 0 0 160,1928 "Odd-12-B-10";
201 0 0 208,1949 "Odd-14-A-0";
202 0 1 210,234 "Odd-14-S-3";
203 0 0 202,1944 "Odd-14-B-2";
204 0 0 202,1945 "Odd-14-A-2";
205 0 1 204,203 "Odd-14-S-2";
206 0 0 205,1946 "Odd-14-B-1";
207 0 0 205,1947 "Odd-14-A-1";
208 0 1 207,206 "Odd-14-S-1";
209 0 0 208,1948 "Odd-14-B-0";
210 0 0 233,1943 "Odd-14-A-3";
211 0 1 201,209 "Odd-14-S-0";
212 0 1 1352,1922,1920,1918,1916,1914,1912,1910,1908,1906,1904,1902,1900 "Odd-13-Z";
213 0 0 212,1924 "Odd-13-B-12";
214 0 0 212,1925 "Odd-13-A-12";
215 0 1 214,213 "Odd-13-S-12";
216 0 0 215,1926 "Odd-13-B-11";
217 0 0 215,1927 "Odd-13-A-11";
218 0 1 226,225 "Odd-14-S-6";
219 0 0 118,1932 "Odd-14-B-8";
220 0 0 118,1933 "Odd-14-A-8";
221 0 1 220,219 "Odd-14-S-8";
222 0 0 221,1934 "Odd-14-B-7";
223 0 0 221,1935 "Odd-14-A-7";
224 0 1 223,222 "Odd-14-S-7";
225 0 0 224,1936 "Odd-14-B-6";
226 0 0 224,1937 "Odd-14-A-6";
227 0 1 217,216 "Odd-13-S-11";
228 0 0 218,1938 "Odd-14-B-5";
229 0 0 218,1939 "Odd-14-A-5";
230 0 1 229,228 "Odd-14-S-5";
231 0 0 230,1940 "Odd-14-B-4";
232 0 0 230,1941 "Odd-14-A-4";
233 0 1 232,231 "Odd-14-S-4";
234 0 0 233,1942 "Odd-14-B-3";
235 0 0 242,1945 "Odd-13-A-2";
236 0 0 253,1939 "Odd-13-A-5";
237 0 0 519,1940 "Odd-13-B-4";
238 0 0 519,1941 "Odd-13-A-4";
239 0 1 238,237 "Odd-13-S-4";
240 0 0 239,1942 "Odd-13-B-3";
241 0 0 239,1943 "Odd-13-A-3";
242 0 1 241,240 "Odd-13-S-3";
243 0 0 242,1944 "Odd-13-B-2";
244 0 0 253,1938 "Odd-13-B-5";
245 0 1 235,243 "Odd-13-S-2";
246 0 0 245,1946 "Odd-13-B-1";
247 0 0 245,1947 "Odd-13-A-1";
248 0 1 247,246 "Odd-13-S-1";
249 0 0 248,1948 "Odd-13-B-0";
250 0 0 248,1949 "Odd-13-A-0";
251 0 1 250,249 "Odd-13-S-0";
252 0 0 452,1944 "Odd-16-B-2";
253 0 1 254,255 "Odd-13-S-6";
254 0 0 256,1937 "Odd-13-A-6";
255 0 0 256,1936 "Odd-13-B-6";
256 0 1 257,258 "Odd-13-S-7";
257 0 0 259,1935 "Odd-13-A-7";
258 0 0 259,1934 "Odd-13-B-7";
259 0 1 260,261 "Odd-13-S-8";
260 0 0 262,1933 "Odd-13-A-8";
261 0 0 262,1932 "Odd-13-B-8";
262 0 1 263,264 "Odd-13-S-9";
263 0 0 265,1931 "Odd-13-A-9";
264 0 0 265,1930 "Odd-13-B-9";
265 0 1 266,267 "Odd-13-S-10";
266 0 0 227,1929 "Odd-13-A-10";
267 0 0 227,1928 "Odd-13-B-10";
268 0 0 276,1936 "Odd-18-B-6";
269 0 0 301,1931 "Odd-18-A-9";
270 0 1 269,277 "Odd-18-S-9";
271 0 0 270,1932 "Odd-18-B-8";
272 0 0 270,1933 "Odd-18-A-8";
273 0 1 272,271 "Odd-18-S-8";
274 0 0 273,1934 "Odd-18-B-7";
275 0 0 273,1935 "Odd-18-A-7";
276 0 1 275,274 "Odd-18-S-7";
277 0 0 301,1930 "Odd-18-B-9";
278 0 0 276,1937 "Odd-18-A-6";
279 0 1 278,268 "Odd-18-S-6";
280 0 0 279,1938 "Odd-18-B-5";
281 0 0 279,1939 "Odd-18-A-5";
282 0 1 281,280 "Odd-18-S-5";
283 0 0 282,1940 "Odd-18-B-4";
284 0 0 282,1941 "Odd-18-A-4";
285 0 0 292,1925 "Odd-18-A-12";
286 0 1 319,385 "Odd-18-S-15";
287 0 0 286,1920 "Odd-18-B-14";
288 0 0 286,1921 "Odd-18-A-14";
289 0 1 288,287 "Odd-18-S-14";
290 0 0 289,1922 "Odd-18-B-13";
291 0 0 289,1923 "Odd-18-A-13";
292 0 1 291,290 "Odd-18-S-13";
293 0 0 292,1924 "Odd-18-B-12";
294 0 1 284,283 "Odd-18-S-4";
295 0 1 285,293 "Odd-18-S-12";
296 0 0 295,1926 "Odd-18-B-11";
297 0 0 295,1927 "Odd-18-A-11";
298 0 1 297,296 "Odd-18-S-11";
299 0 0 298,1928 "Odd-18-B-10";
300 0 0 298,1929 "Odd-18-A-10";
301 0 1 300,299 "Odd-18-S-10";
302 0 1 312,313 "Odd-20-S-4";
303 0 0 305,1947 "Odd-20-A-1";
304 0 0 305,1946 "Odd-20-B-1";
305 0 1 306,307 "Odd-20-S-2";
306 0 0 308,1945 "Odd-20-A-2";
307 0 0 308,1944 "Odd-20-B-2";
308 0 1 309,310 "Odd-20-S-3";
309 0 0 302,1943 "Odd-20-A-3";
310 0 0 302,1942 "Odd-20-B-3";
311 0 1 303,304 "Odd-20-S-1";
312 0 0 314,1941 "Odd-20-A-4";
313 0 0 314,1940 "Odd-20-B-4";
314 0 1 315,316 "Odd-20-S-5";
315 0 0 317,1939 "Odd-20-A-5";
316 0 0 317,1938 "Odd-20-B-5";
317 0 1 318,386 "Odd-20-S-6";
318 0 0 501,1937 "Odd-20-A-6";
319 0 0 384,1919 "Odd-18-A-15";
320 0 0 311,1948 "Odd-20-B-0";
321 0 0 311,1949 "Odd-20-A-0";
322 0 1 321,320 "Odd-20-S-0";
323 0 1 324,325 "Odd-18-S-0";
324 0 0 326,1949 "Odd-18-A-0";
325 0 0 326,1948 "Odd-18-B-0";
326 0 1 327,328 "Odd-18-S-1";
327 0 0 329,1947 "Odd-18-A-1";
328 0 0 329,1946 "Odd-18-B-1";
329 0 1 330,331 "Odd-18-S-2";
330 0 0 332,1945 "Odd-18-A-2";
331 0 0 332,1944 "Odd-18-B-2";
332 0 1 333,334 "Odd-18-S-3";
333 0 0 294,1943 "Odd-18-A-3";
334 0 0 294,1942 "Odd-18-B-3";
335 0 0 346,1933 "Odd-19-A-8";
336 0 1 344,368 "Odd-19-S-2";
337 0 0 336,1946 "Odd-19-B-1";
338 0 0 336,1947 "Odd-19-A-1";
339 0 1 338,337 "Odd-19-S-1";
340 0 0 339,1948 "Odd-19-B-0";
341 0 0 339,1949 "Odd-19-A-0";
342 0 1 341,340 "Odd-19-S-0";
343 0 1 335,345 "Odd-19-S-8";
344 0 0 367,1945 "Odd-19-A-2";
345 0 0 346,1932 "Odd-19-B-8";
346 0 1 347,348 "Odd-19-S-9";
347 0 0 349,1931 "Odd-19-A-9";
348 0 0 349,1930 "Odd-19-B-9";
349 0 1 350,351 "Odd-19-S-10";
350 0 0 361,1929 "Odd-19-A-10";
351 0 0 361,1928 "Odd-19-B-10";
352 0 1 360,359 "Odd-19-S-5";
353 0 0 343,1934 "Odd-19-B-7";
354 0 0 343,1935 "Odd-19-A-7";
355 0 1 354,353 "Odd-19-S-7";
356 0 0 355,1936 "Odd-19-B-6";
357 0 0 355,1937 "Odd-19-A-6";
358 0 1 357,356 "Odd-19-S-6";
359 0 0 358,1938 "Odd-19-B-5";
360 0 0 358,1939 "Odd-19-A-5";
361 0 1 401,400 "Odd-19-S-11";
362 0 0 352,1940 "Odd-19-B-4";
363 0 0 352,1941 "Odd-19-A-4";
364 0 1 363,362 "Odd-19-S-4";
365 0 0 364,1942 "Odd-19-B-3";
366 0 0 364,1943 "Odd-19-A-3";
367 0 1 366,365 "Odd-19-S-3";
368 0 0 367,1944 "Odd-19-B-2";
369 0 1 1754,1912,1910,1908,1906,1904,1902,1900 "Odd-18-Z";
370 0 0 371,1916 "Odd-19-B-16";
371 0 1 372,373 "Odd-19-S-17";
372 0 0 374,1915 "Odd-19-A-17";
373 0 0 374,1914 "Odd-19-B-17";
374 0 1 375,376 "Odd-19-S-18";
375 0 0 377,1913 "Odd-19-A-18";
376 0 0 377,1912 "Odd-19-B-18";
377 0 1 1581,1910,1908,1906,1904,1902,1900 "Odd-19-Z";
378 0 0 371,1917 "Odd-19-A-16";
379 0 0 369,1914 "Odd-18-B-17";
380 0 0 369,1915 "Odd-18-A-17";
381 0 1 380,379 "Odd-18-S-17";
382 0 0 381,1916 "Odd-18-B-16";
383 0 0 381,1917 "Odd-18-A-16";
384 0 1 383,382 "Odd-18-S-16";
385 0 0 384,1918 "Odd-18-B-15";
386 0 0 501,1936 "Odd-20-B-6";
387 0 1 378,370 "Odd-19-S-16";
388 0 0 387,1918 "Odd-19-B-15";
389 0 0 387,1919 "Odd-19-A-15";
390 0 1 389,388 "Odd-19-S-15";
391 0 0 390,1920 "Odd-19-B-14";
392 0 0 390,1921 "Odd-19-A-14";
393 0 1 392,391 "Odd-19-S-14";
394 0 0 393,1922 "Odd-19-B-13";
395 0 0 393,1923 "Odd-19-A-13";
396 0 1 395,394 "Odd-19-S-13";
397 0 0 396,1924 "Odd-19-B-12";
398 0 0 396,1925 "Odd-19-A-12";
399 0 1 398,397 "Odd-19-S-12";
400 0 0 399,1926 "Odd-19-B-11";
401 0 0 399,1927 "Odd-19-A-11";
402 0 1 967,1908,1906,1904,1902,1900 "Odd-20-Z";
403 0 0 405,1915 "Odd-20-A-17";
404 0 0 405,1914 "Odd-20-B-17";
405 0 1 406,407 "Odd-20-S-18";
406 0 0 408,1913 "Odd-20-A-18";
407 0 0 408,1912 "Odd-20-B-18";
408 0 1 409,410 "Odd-20-S-19";
409 0 0 402,1911 "Odd-20-A-19";
410 0 0 402,1910 "Odd-20-B-19";
411 0 1 403,404 "Odd-20-S-17";
412 0 1 1835,1916,1914,1912,1910,1908,1906,1904,1902,1900 "Odd-16-Z";
413 0 0 412,1918 "Odd-16-B-15";
414 0 0 412,1919 "Odd-16-A-15";
415 0 1 414,413 "Odd-16-S-15";
416 0 0 415,1920 "Odd-16-B-14";
417 0 0 415,1921 "Odd-16-A-14";
418 0 1 417,416 "Odd-16-S-14";
419 0 0 430,1921 "Odd-20-A-14";
420 0 0 421,1926 "Odd-20-B-11";
421 0 1 422,423 "Odd-20-S-12";
422 0 0 424,1925 "Odd-20-A-12";
423 0 0 424,1924 "Odd-20-B-12";
424 0 1 425,426 "Odd-20-S-13";
425 0 0 427,1923 "Odd-20-A-13";
426 0 0 427,1922 "Odd-20-B-13";
427 0 1 419,429 "Odd-20-S-14";
428 0 0 418,1922 "Odd-16-B-13";
429 0 0 430,1920 "Odd-20-B-14";
430 0 1 431,432 "Odd-20-S-15";
431 0 0 433,1919 "Odd-20-A-15";
432 0 0 433,1918 "Odd-20-B-15";
433 0 1 434,435 "Odd-20-S-16";
434 0 0 411,1917 "Odd-20-A-16";
435 0 0 411,1916 "Odd-20-B-16";
436 0 0 443,1939 "Odd-16-A-5";
437 0 1 445,454 "Odd-16-S-8";
438 0 0 437,1934 "Odd-16-B-7";
439 0 0 437,1935 "Odd-16-A-7";
440 0 1 439,438 "Odd-16-S-7";
441 0 0 440,1936 "Odd-16-B-6";
442 0 0 440,1937 "Odd-16-A-6";
443 0 1 442,441 "Odd-16-S-6";
444 0 0 443,1938 "Odd-16-B-5";
445 0 0 455,1933 "Odd-16-A-8";
446 0 1 436,444 "Odd-16-S-5";
447 0 0 446,1940 "Odd-16-B-4";
448 0 0 446,1941 "Odd-16-A-4";
449 0 1 448,447 "Odd-16-S-4";
450 0 0 449,1942 "Odd-16-B-3";
451 0 0 449,1943 "Odd-16-A-3";
452 0 1 451,450 "Odd-16-S-3";
453 0 0 421,1927 "Odd-20-A-11";
454 0 0 455,1932 "Odd-16-B-8";
455 0 1 456,457 "Odd-16-S-9";
456 0 0 458,1931 "Odd-16-A-9";
457 0 0 458,1930 "Odd-16-B-9";
458 0 1 459,460 "Odd-16-S-10";
459 0 0 461,1929 "Odd-16-A-10";
460 0 0 461,1928 "Odd-16-B-10";
461 0 1 462,463 "Odd-16-S-11";
462 0 0 464,1927 "Odd-16-A-11";
463 0 0 464,1926 "Odd-16-B-11";
464 0 1 465,466 "Odd-16-S-12";
465 0 0 467,1925 "Odd-16-A-12";
466 0 0 467,1924 "Odd-16-B-12";
467 0 1 468,428 "Odd-16-S-13";
468 0 0 418,1923 "Odd-16-A-13";
469 0 0 477,1926 "Odd-17-B-11";
470 0 0 487,1921 "Odd-17-A-14";
471 0 1 470,478 "Odd-17-S-14";
472 0 0 471,1922 "Odd-17-B-13";
473 0 0 471,1923 "Odd-17-A-13";
474 0 1 473,472 "Odd-17-S-13";
475 0 0 474,1924 "Odd-17-B-12";
476 0 0 474,1925 "Odd-17-A-12";
477 0 1 476,475 "Odd-17-S-12";
478 0 0 487,1920 "Odd-17-B-14";
479 0 0 477,1927 "Odd-17-A-11";
480 0 1 479,469 "Odd-17-S-11";
481 0 0 480,1928 "Odd-17-B-10";
482 0 0 480,1929 "Odd-17-A-10";
483 0 1 482,481 "Odd-17-S-10";
484 0 0 483,1930 "Odd-17-B-9";
485 0 0 483,1931 "Odd-17-A-9";
486 0 1 485,484 "Odd-17-S-9";
487 0 1 488,489 "Odd-17-S-15";
488 0 0 490,1919 "Odd-17-A-15";
489 0 0 490,1918 "Odd-17-B-15";
490 0 1 491,492 "Odd-17-S-16";
491 0 0 493,1917 "Odd-17-A-16";
492 0 0 493,1916 "Odd-17-B-16";
493 0 1 1603,1914,1912,1910,1908,1906,1904,1902,1900 "Odd-17-Z";
494 0 0 515,1931 "Odd-20-A-9";
495 0 1 494,514 "Odd-20-S-9";
496 0 0 495,1932 "Odd-20-B-8";
497 0 0 495,1933 "Odd-20-A-8";
498 0 1 497,496 "Odd-20-S-8";
499 0 0 498,1934 "Odd-20-B-7";
500 0 0 498,1935 "Odd-20-A-7";
501 0 1 500,499 "Odd-20-S-7";
502 0 0 510,1948 "Odd-17-B-0";
503 0 0 520,1943 "Odd-17-A-3";
504 0 1 503,511 "Odd-17-S-3";
505 0 0 504,1944 "Odd-17-B-2";
506 0 0 504,1945 "Odd-17-A-2";
507 0 1 506,505 "Odd-17-S-2";
508 0 0 507,1946 "Odd-17-B-1";
509 0 0 507,1947 "Odd-17-A-1";
510 0 1 509,508 "Odd-17-S-1";
511 0 0 520,1942 "Odd-17-B-3";
512 0 0 510,1949 "Odd-17-A-0";
513 0 1 512,502 "Odd-17-S-0";
514 0 0 515,1930 "Odd-20-B-9";
515 0 1 516,517 "Odd-20-S-10";
516 0 0 518,1929 "Odd-20-A-10";
517 0 0 518,1928 "Odd-20-B-10";
518 0 1 453,420 "Odd-20-S-11";
519 0 1 236,244 "Odd-13-S-5";
520 0 1 521,522 "Odd-17-S-4";
521 0 0 523,1941 "Odd-17-A-4";
522 0 0 523,1940 "Odd-17-B-4";
523 0 1 524,525 "Odd-17-S-5";
524 0 0 526,1939 "Odd-17-A-5";
525 0 0 526,1938 "Odd-17-B-5";
526 0 1 527,528 "Odd-17-S-6";
527 0 0 529,1937 "Odd-17-A-6";
528 0 0 529,1936 "Odd-17-B-6";
529 0 1 530,531 "Odd-17-S-7";
530 0 0 532,1935 "Odd-17-A-7";
531 0 0 532,1934 "Odd-17-B-7";
532 0 1 533,534 "Odd-17-S-8";
533 0 0 486,1933 "Odd-17-A-8";
534 0 0 486,1932 "Odd-17-B-8";
535 0 0 545,1908 "Odd-23-B-20";
536 0 1 537,538 "Odd-23-S-18";
537 0 0 539,1913 "Odd-23-A-18";
538 0 0 539,1912 "Odd-23-B-18";
539 0 1 540,541 "Odd-23-S-19";
540 0 0 542,1911 "Odd-23-A-19";
541 0 0 542,1910 "Odd-23-B-19";
542 0 1 543,535 "Odd-23-S-20";
543 0 0 545,1909 "Odd-23-A-20";
544 0 0 536,1914 "Odd-23-B-17";
545 0 1 546,547 "Odd-23-S-21";
546 0 0 548,1907 "Odd-23-A-21";
547 0 0 548,1906 "Odd-23-B-21";
548 0 1 549,550 "Odd-23-S-22";
549 0 0 551,1905 "Odd-23-A-22";
550 0 0 551,1904 "Odd-23-B-22";
551 0 1 1021,1902,1900 "Odd-23-Z";
552 0 0 559,1949 "Odd-8-A-0";
553 0 1 586,651 "Odd-8-S-3";
554 0 0 553,1944 "Odd-8-B-2";
555 0 0 553,1945 "Odd-8-A-2";
556 0 1 555,554 "Odd-8-S-2";
557 0 0 556,1946 "Odd-8-B-1";
558 0 0 556,1947 "Odd-8-A-1";
559 0 1 558,557 "Odd-8-S-1";
560 0 0 559,1948 "Odd-8-B-0";
561 0 1 1552,1934,1932,1930,1928,1926,1924,1922,1920,1918,1916,1914,1912,1910,1908,1906,1904,1902,1900 "Odd-7-Z";
562 0 1 552,560 "Odd-8-S-0";
563 0 0 564,1918 "Odd-23-B-15";
564 0 1 565,566 "Odd-23-S-16";
565 0 0 567,1917 "Odd-23-A-16";
566 0 0 567,1916 "Odd-23-B-16";
567 0 1 568,544 "Odd-23-S-17";
568 0 0 536,1915 "Odd-23-A-17";
569 0 1 577,576 "Odd-6-S-5";
570 0 0 587,1947 "Odd-7-A-1";
571 0 1 570,578 "Odd-7-S-1";
572 0 0 571,1948 "Odd-7-B-0";
573 0 0 571,1949 "Odd-7-A-0";
574 0 1 573,572 "Odd-7-S-0";
575 0 1 1454,1936,1934,1932,1930,1928,1926,1924,1922,1920,1918,1916,1914,1912,1910,1908,1906,1904,1902,1900 "Odd-6-Z";
576 0 0 575,1938 "Odd-6-B-5";
577 0 0 575,1939 "Odd-6-A-5";
578 0 0 587,1946 "Odd-7-B-1";
579 0 0 569,1940 "Odd-6-B-4";
580 0 0 569,1941 "Odd-6-A-4";
581 0 1 580,579 "Odd-6-S-4";
582 0 0 581,1942 "Odd-6-B-3";
583 0 0 581,1943 "Odd-6-A-3";
584 0 1 583,582 "Odd-6-S-3";
585 0 0 584,1944 "Odd-6-B-2";
586 0 0 650,1943 "Odd-8-A-3";
587 0 1 588,589 "Odd-7-S-2";
588 0 0 590,1945 "Odd-7-A-2";
589 0 0 590,1944 "Odd-7-B-2";
590 0 1 591,592 "Odd-7-S-3";
591 0 0 593,1943 "Odd-7-A-3";
592 0 0 593,1942 "Odd-7-B-3";
593 0 1 594,595 "Odd-7-S-4";
594 0 0 596,1941 "Odd-7-A-4";
595 0 0 596,1940 "Odd-7-B-4";
596 0 1 597,598 "Odd-7-S-5";
597 0 0 599,1939 "Odd-7-A-5";
598 0 0 599,1938 "Odd-7-B-5";
599 0 1 600,601 "Odd-7-S-6";
600 0 0 561,1937 "Odd-7-A-6";
601 0 0 561,1936 "Odd-7-B-6";
602 0 0 612,1936 "Odd-23-B-6";
603 0 1 611,620 "Odd-9-S-0";
604 0 0 606,1941 "Odd-23-A-4";
605 0 0 606,1940 "Odd-23-B-4";
606 0 1 607,608 "Odd-23-S-5";
607 0 0 609,1939 "Odd-23-A-5";
608 0 0 609,1938 "Odd-23-B-5";
609 0 1 610,602 "Odd-23-S-6";
610 0 0 612,1937 "Odd-23-A-6";
611 0 0 621,1949 "Odd-9-A-0";
612 0 1 613,614 "Odd-23-S-7";
613 0 0 615,1935 "Odd-23-A-7";
614 0 0 615,1934 "Odd-23-B-7";
615 0 1 616,617 "Odd-23-S-8";
616 0 0 618,1933 "Odd-23-A-8";
617 0 0 618,1932 "Odd-23-B-8";
618 0 1 619,667 "Odd-23-S-9";
619 0 0 666,1931 "Odd-23-A-9";
620 0 0 621,1948 "Odd-9-B-0";
621 0 1 622,623 "Odd-9-S-1";
622 0 0 624,1947 "Odd-9-A-1";
623 0 0 624,1946 "Odd-9-B-1";
624 0 1 625,626 "Odd-9-S-2";
625 0 0 627,1945 "Odd-9-A-2";
626 0 0 627,1944 "Odd-9-B-2";
627 0 1 628,629 "Odd-9-S-3";
628 0 0 630,1943 "Odd-9-A-3";
629 0 0 630,1942 "Odd-9-B-3";
630 0 1 631,632 "Odd-9-S-4";
631 0 0 633,1941 "Odd-9-A-4";
632 0 0 633,1940 "Odd-9-B-4";
633 0 1 634,899 "Odd-9-S-5";
634 0 0 879,1939 "Odd-9-A-5";
635 0 1 643,642 "Odd-8-S-6";
636 0 1 637,563 "Odd-23-S-15";
637 0 0 564,1919 "Odd-23-A-15";
638 0 1 1526,1932,1930,1928,1926,1924,1922,1920,1918,1916,1914,1912,1910,1908,1906,1904,1902,1900 "Odd-8-Z";
639 0 0 638,1934 "Odd-8-B-7";
640 0 0 638,1935 "Odd-8-A-7";
641 0 1 640,639 "Odd-8-S-7";
642 0 0 641,1936 "Odd-8-B-6";
643 0 0 641,1937 "Odd-8-A-6";
644 0 0 636,1920 "Odd-23-B-14";
645 0 0 635,1938 "Odd-8-B-5";
646 0 0 635,1939 "Odd-8-A-5";
647 0 1 646,645 "Odd-8-S-5";
648 0 0 647,1940 "Odd-8-B-4";
649 0 0 647,1941 "Odd-8-A-4";
650 0 1 649,648 "Odd-8-S-4";
651 0 0 650,1942 "Odd-8-B-3";
652 0 0 584,1945 "Odd-6-A-2";
653 0 0 636,1921 "Odd-23-A-14";
654 0 1 653,644 "Odd-23-S-14";
655 0 0 654,1922 "Odd-23-B-13";
656 0 0 654,1923 "Odd-23-A-13";
657 0 1 656,655 "Odd-23-S-13";
658 0 0 657,1924 "Odd-23-B-12";
659 0 0 657,1925 "Odd-23-A-12";
660 0 1 659,658 "Odd-23-S-12";
661 0 0 660,1926 "Odd-23-B-11";
662 0 0 660,1927 "Odd-23-A-11";
663 0 1 662,661 "Odd-23-S-11";
664 0 0 663,1928 "Odd-23-B-10";
665 0 0 663,1929 "Odd-23-A-10";
666 0 1 665,664 "Odd-23-S-10";
667 0 0 666,1930 "Odd-23-B-9";
668 0 1 1475,1944,1942,1940,1938,1936,1934,1932,1930,1928,1926,1924,1922,1920,1918,1916,1914,1912,1910,1908,1906,1904,1902,1900 "Odd-2-Z";
669 0 1 670,671 "Odd-24-S-12";
670 0 0 672,1925 "Odd-24-A-12";
671 0 0 672,1924 "Odd-24-B-12";
672 0 1 673,674 "Odd-24-S-13";
673 0 0 675,1923 "Odd-24-A-13";
674 0 0 675,1922 "Odd-24-B-13";
675 0 1 676,684 "Odd-24-S-14";
676 0 0 685,1921 "Odd-24-A-14";
677 0 0 669,1926 "Odd-24-B-11";
678 0 0 668,1946 "Odd-2-B-1";
679 0 0 668,1947 "Odd-2-A-1";
680 0 1 679,678 "Odd-2-S-1";
681 0 0 680,1948 "Odd-2-B-0";
682 0 0 680,1949 "Odd-2-A-0";
683 0 1 682,681 "Odd-2-S-0";
684 0 0 685,1920 "Odd-24-B-14";
685 0 1 733,732 "Odd-24-S-15";
686 0 0 669,1927 "Odd-24-A-11";
687 0 1 686,677 "Odd-24-S-11";
688 0 0 687,1928 "Odd-24-B-10";
689 0 0 687,1929 "Odd-24-A-10";
690 0 1 689,688 "Odd-24-S-10";
691 0 0 690,1930 "Odd-24-B-9";
692 0 0 690,1931 "Odd-24-A-9";
693 0 1 694,695 "Odd-3-S-0";
694 0 0 696,1949 "Odd-3-A-0";
695 0 0 696,1948 "Odd-3-B-0";
696 0 1 697,698 "Odd-3-S-1";
697 0 0 699,1947 "Odd-3-A-1";
698 0 0 699,1946 "Odd-3-B-1";
699 0 1 700,718 "Odd-3-S-2";
700 0 0 783,1945 "Odd-3-A-2";
701 0 1 712,713 "Odd-24-S-22";
702 0 0 704,1911 "Odd-24-A-19";
703 0 0 704,1910 "Odd-24-B-19";
704 0 1 705,706 "Odd-24-S-20";
705 0 0 707,1909 "Odd-24-A-20";
706 0 0 707,1908 "Odd-24-B-20";
707 0 1 708,709 "Odd-24-S-21";
708 0 0 701,1907 "Odd-24-A-21";
709 0 0 701,1906 "Odd-24-B-21";
710 0 1 702,703 "Odd-24-S-19";
711 0 1 1488,1948,1946,1944,1942,1940,1938,1936,1934,1932,1930,1928,1926,1924,1922,1920,1918,1916,1914,1912,1910,1908,1906,1904,1902,1900 "Odd-0-Z";
712 0 0 714,1905 "Odd-24-A-22";
713 0 0 714,1904 "Odd-24-B-22";
714 0 1 715,716 "Odd-24-S-23";
715 0 0 717,1903 "Odd-24-A-23";
716 0 0 717,1902 "Odd-24-B-23";
717 0 1 936,1900 "Odd-24-Z";
718 0 0 783,1944 "Odd-3-B-2";
719 0 1 720,721 "Odd-1-S-0";
720 0 0 722,1949 "Odd-1-A-0";
721 0 0 722,1948 "Odd-1-B-0";
722 0 1 1483,1946,1944,1942,1940,1938,1936,1934,1932,1930,1928,1926,1924,1922,1920,1918,1916,1914,1912,1910,1908,1906,1904,1902,1900 "Odd-1-Z";
723 0 0 710,1912 "Odd-24-B-18";
724 0 0 710,1913 "Odd-24-A-18";
725 0 1 724,723 "Odd-24-S-18";
726 0 0 725,1914 "Odd-24-B-17";
727 0 0 725,1915 "Odd-24-A-17";
728 0 1 727,726 "Odd-24-S-17";
729 0 0 728,1916 "Odd-24-B-16";
730 0 0 728,1917 "Odd-24-A-16";
731 0 1 730,729 "Odd-24-S-16";
732 0 0 731,1918 "Odd-24-B-15";
733 0 0 731,1919 "Odd-24-A-15";
734 0 0 745,1949 "Odd-24-A-0";
735 0 1 743,752 "Odd-5-S-2";
736 0 0 735,1946 "Odd-5-B-1";
737 0 0 735,1947 "Odd-5-A-1";
738 0 1 737,736 "Odd-5-S-1";
739 0 0 738,1948 "Odd-5-B-0";
740 0 0 738,1949 "Odd-5-A-0";
741 0 1 740,739 "Odd-5-S-0";
742 0 1 734,744 "Odd-24-S-0";
743 0 0 753,1945 "Odd-5-A-2";
744 0 0 745,1948 "Odd-24-B-0";
745 0 1 746,747 "Odd-24-S-1";
746 0 0 748,1947 "Odd-24-A-1";
747 0 0 748,1946 "Odd-24-B-1";
748 0 1 749,750 "Odd-24-S-2";
749 0 0 787,1945 "Odd-24-A-2";
750 0 0 787,1944 "Odd-24-B-2";
751 0 1 1460,1940,1938,1936,1934,1932,1930,1928,1926,1924,1922,1920,1918,1916,1914,1912,1910,1908,1906,1904,1902,1900 "Odd-4-Z";
752 0 0 753,1944 "Odd-5-B-2";
753 0 1 754,755 "Odd-5-S-3";
754 0 0 756,1943 "Odd-5-A-3";
755 0 0 756,1942 "Odd-5-B-3";
756 0 1 757,758 "Odd-5-S-4";
757 0 0 759,1941 "Odd-5-A-4";
758 0 0 759,1940 "Odd-5-B-4";
759 0 1 1433,1938,1936,1934,1932,1930,1928,1926,1924,1922,1920,1918,1916,1914,1912,1910,1908,1906,1904,1902,1900 "Odd-5-Z";
760 0 1 761,762 "Odd-6-S-0";
761 0 0 763,1949 "Odd-6-A-0";
762 0 0 763,1948 "Odd-6-B-0";
763 0 1 764,765 "Odd-6-S-1";
764 0 0 766,1947 "Odd-6-A-1";
765 0 0 766,1946 "Odd-6-B-1";
766 0 1 652,585 "Odd-6-S-2";
767 0 1 777,778 "Odd-24-S-7";
768 0 0 770,1941 "Odd-24-A-4";
769 0 0 770,1940 "Odd-24-B-4";
770 0 1 771,772 "Odd-24-S-5";
771 0 0 773,1939 "Odd-24-A-5";
772 0 0 773,1938 "Odd-24-B-5";
773 0 1 774,775 "Odd-24-S-6";
774 0 0 767,1937 "Odd-24-A-6";
775 0 0 767,1936 "Odd-24-B-6";
776 0 1 768,769 "Odd-24-S-4";
777 0 0 779,1935 "Odd-24-A-7";
778 0 0 779,1934 "Odd-24-B-7";
779 0 1 780,781 "Odd-24-S-8";
780 0 0 782,1933 "Odd-24-A-8";
781 0 0 782,1932 "Odd-24-B-8";
782 0 1 692,691 "Odd-24-S-9";
783 0 1 1504,1942,1940,1938,1936,1934,1932,1930,1928,1926,1924,1922,1920,1918,1916,1914,1912,1910,1908,1906,1904,1902,1900 "Odd-3-Z";
784 0 0 865,1929 "Odd-22-A-10";
785 0 0 776,1942 "Odd-24-B-3";
786 0 0 776,1943 "Odd-24-A-3";
787 0 1 786,785 "Odd-24-S-3";
788 0 1 789,790 "Odd-4-S-0";
789 0 0 791,1949 "Odd-4-A-0";
790 0 0 791,1948 "Odd-4-B-0";
791 0 1 792,793 "Odd-4-S-1";
792 0 0 794,1947 "Odd-4-A-1";
793 0 0 794,1946 "Odd-4-B-1";
794 0 1 795,796 "Odd-4-S-2";
795 0 0 797,1945 "Odd-4-A-2";
796 0 0 797,1944 "Odd-4-B-2";
797 0 1 798,799 "Odd-4-S-3";
798 0 0 751,1943 "Odd-4-A-3";
799 0 0 751,1942 "Odd-4-B-3";
800 0 0 813,1940 "Odd-11-B-4";
801 0 1 802,803 "Odd-11-S-1";
802 0 0 804,1947 "Odd-11-A-1";
803 0 0 804,1946 "Odd-11-B-1";
804 0 1 805,806 "Odd-11-S-2";
805 0 0 807,1945 "Odd-11-A-2";
806 0 0 807,1944 "Odd-11-B-2";
807 0 1 808,809 "Odd-11-S-3";
808 0 0 810,1943 "Odd-11-A-3";
809 0 0 810,1942 "Odd-11-B-3";
810 0 1 811,800 "Odd-11-S-4";
811 0 0 813,1941 "Odd-11-A-4";
812 0 0 801,1948 "Odd-11-B-0";
813 0 1 814,815 "Odd-11-S-5";
814 0 0 816,1939 "Odd-11-A-5";
815 0 0 816,1938 "Odd-11-B-5";
816 0 1 817,818 "Odd-11-S-6";
817 0 0 819,1937 "Odd-11-A-6";
818 0 0 819,1936 "Odd-11-B-6";
819 0 1 820,821 "Odd-11-S-7";
820 0 0 822,1935 "Odd-11-A-7";
821 0 0 822,1934 "Odd-11-B-7";
822 0 1 834,869 "Odd-11-S-8";
823 0 0 836,1935 "Odd-10-A-7";
824 0 1 825,826 "Odd-10-S-4";
825 0 0 827,1941 "Odd-10-A-4";
826 0 0 827,1940 "Odd-10-B-4";
827 0 1 828,829 "Odd-10-S-5";
828 0 0 830,1939 "Odd-10-A-5";
829 0 0 830,1938 "Odd-10-B-5";
830 0 1 831,832 "Odd-10-S-6";
831 0 0 833,1937 "Odd-10-A-6";
832 0 0 833,1936 "Odd-10-B-6";
833 0 1 823,835 "Odd-10-S-7";
834 0 0 870,1933 "Odd-11-A-8";
835 0 0 836,1934 "Odd-10-B-7";
836 0 1 837,838 "Odd-10-S-8";
837 0 0 839,1933 "Odd-10-A-8";
838 0 0 839,1932 "Odd-10-B-8";
839 0 1 840,841 "Odd-10-S-9";
840 0 0 842,1931 "Odd-10-A-9";
841 0 0 842,1930 "Odd-10-B-9";
842 0 1 1344,1928,1926,1924,1922,1920,1918,1916,1914,1912,1910,1908,1906,1904,1902,1900 "Odd-10-Z";
843 0 1 844,812 "Odd-11-S-0";
844 0 0 801,1949 "Odd-11-A-0";
845 0 0 856,1922 "Odd-22-B-13";
846 0 0 889,1915 "Odd-22-A-17";
847 0 1 846,857 "Odd-22-S-17";
848 0 0 847,1916 "Odd-22-B-16";
849 0 0 847,1917 "Odd-22-A-16";
850 0 1 849,848 "Odd-22-S-16";
851 0 0 850,1918 "Odd-22-B-15";
852 0 0 850,1919 "Odd-22-A-15";
853 0 1 852,851 "Odd-22-S-15";
854 0 0 853,1920 "Odd-22-B-14";
855 0 0 853,1921 "Odd-22-A-14";
856 0 1 855,854 "Odd-22-S-14";
857 0 0 889,1914 "Odd-22-B-17";
858 0 0 856,1923 "Odd-22-A-13";
859 0 1 858,845 "Odd-22-S-13";
860 0 0 859,1924 "Odd-22-B-12";
861 0 0 859,1925 "Odd-22-A-12";
862 0 1 861,860 "Odd-22-S-12";
863 0 0 862,1926 "Odd-22-B-11";
864 0 0 862,1927 "Odd-22-A-11";
865 0 1 864,863 "Odd-22-S-11";
866 0 0 865,1928 "Odd-22-B-10";
867 0 1 184,183 "Odd-12-S-0";
868 0 0 877,1907 "Odd-22-A-21";
869 0 0 870,1932 "Odd-11-B-8";
870 0 1 871,872 "Odd-11-S-9";
871 0 0 873,1931 "Odd-11-A-9";
872 0 0 873,1930 "Odd-11-B-9";
873 0 1 874,875 "Odd-11-S-10";
874 0 0 876,1929 "Odd-11-A-10";
875 0 0 876,1928 "Odd-11-B-10";
876 0 1 1268,1926,1924,1922,1920,1918,1916,1914,1912,1910,1908,1906,1904,1902,1900 "Odd-11-Z";
877 0 1 1047,1904,1902,1900 "Odd-22-Z";
878 0 0 877,1906 "Odd-22-B-21";
879 0 1 918,921 "Odd-9-S-6";
880 0 1 868,878 "Odd-22-S-21";
881 0 0 880,1908 "Odd-22-B-20";
882 0 0 880,1909 "Odd-22-A-20";
883 0 1 882,881 "Odd-22-S-20";
884 0 0 883,1910 "Odd-22-B-19";
885 0 0 883,1911 "Odd-22-A-19";
886 0 1 885,884 "Odd-22-S-19";
887 0 0 886,1912 "Odd-22-B-18";
888 0 0 886,1913 "Odd-22-A-18";
889 0 1 888,887 "Odd-22-S-18";
890 0 1 900,901 "Odd-10-S-1";
891 0 0 908,1947 "Odd-23-A-1";
892 0 1 891,924 "Odd-23-S-1";
893 0 0 892,1948 "Odd-23-B-0";
894 0 0 892,1949 "Odd-23-A-0";
895 0 1 894,893 "Odd-23-S-0";
896 0 1 897,898 "Odd-10-S-0";
897 0 0 890,1949 "Odd-10-A-0";
898 0 0 890,1948 "Odd-10-B-0";
899 0 0 879,1938 "Odd-9-B-5";
900 0 0 902,1947 "Odd-10-A-1";
901 0 0 902,1946 "Odd-10-B-1";
902 0 1 903,904 "Odd-10-S-2";
903 0 0 905,1945 "Odd-10-A-2";
904 0 0 905,1944 "Odd-10-B-2";
905 0 1 906,907 "Odd-10-S-3";
906 0 0 824,1943 "Odd-10-A-3";
907 0 0 824,1942 "Odd-10-B-3";
908 0 1 919,920 "Odd-23-S-2";
909 0 0 910,1942 "Odd-23-B-3";
910 0 1 604,605 "Odd-23-S-4";
911 0 1 1538,1930,1928,1926,1924,1922,1920,1918,1916,1914,1912,1910,1908,1906,1904,1902,1900 "Odd-9-Z";
912 0 0 911,1932 "Odd-9-B-8";
913 0 0 911,1933 "Odd-9-A-8";
914 0 1 913,912 "Odd-9-S-8";
915 0 0 914,1934 "Odd-9-B-7";
916 0 0 914,1935 "Odd-9-A-7";
917 0 1 916,915 "Odd-9-S-7";
918 0 0 917,1937 "Odd-9-A-6";
919 0 0 922,1945 "Odd-23-A-2";
920 0 0 922,1944 "Odd-23-B-2";
921 0 0 917,1936 "Odd-9-B-6";
922 0 1 923,909 "Odd-23-S-3";
923 0 0 910,1943 "Odd-23-A-3";
924 0 0 908,1946 "Odd-23-B-1";
925 1 1 932,1939 "Even-23-B-5";
926 1 0 927,928 "Even-23-S-4";
927 1 1 929,1940 "Even-23-A-4";
928 1 1 929,1941 "Even-23-B-4";
929 1 0 930,925 "Even-23-S-5";
930 1 1 932,1938 "Even-23-A-5";
931 1 1 944,1945 "Even-23-B-2";
932 1 0 933,934 "Even-23-S-6";
933 1 1 935,1936 "Even-23-A-6";
934 1 1 935,1937 "Even-23-B-6";
935 1 0 976,977 "Even-23-S-7";
936 1 0 1951,742 "Odd-24-T";
937 1 0 1895 "Even-24-Z";
938 1 1 937,1903 "Even-24-B-23";
939 1 1 937,1902 "Even-24-A-23";
940 1 0 939,938 "Even-24-S-23";
941 1 0 1609,1608 "Even-17-S-15";
942 1 1 926,1943 "Even-23-B-3";
943 1 1 926,1942 "Even-23-A-3";
944 1 0 943,942 "Even-23-S-3";
945 1 1 944,1944 "Even-23-A-2";
946 1 0 1069,1058 "Even-22-S-18";
947 1 1 1197,1932 "Even-23-A-8";
948 1 1 946,1915 "Even-22-B-17";
949 1 1 951,1910 "Even-21-A-19";
950 1 1 951,1911 "Even-21-B-19";
951 1 0 952,953 "Even-21-S-20";
952 1 1 954,1908 "Even-21-A-20";
953 1 1 954,1909 "Even-21-B-20";
954 1 0 1893,1905,1903,1901 "Even-21-Z";
955 1 0 1957,84 "Odd-21-T";
956 1 1 1197,1933 "Even-23-B-8";
957 1 1 940,1905 "Even-24-B-22";
958 1 1 960,1914 "Even-20-A-17";
959 1 1 960,1915 "Even-20-B-17";
960 1 0 961,962 "Even-20-S-18";
961 1 1 963,1912 "Even-20-A-18";
962 1 1 963,1913 "Even-20-B-18";
963 1 0 964,965 "Even-20-S-19";
964 1 1 966,1910 "Even-20-A-19";
965 1 1 966,1911 "Even-20-B-19";
966 1 0 1880,1907,1905,1903,1901 "Even-20-Z";
967 1 0 1959,322 "Odd-20-T";
968 1 0 958,959 "Even-20-S-17";
969 1 1 940,1904 "Even-24-A-22";
970 1 0 969,957 "Even-24-S-22";
971 1 1 970,1907 "Even-24-B-21";
972 1 1 970,1906 "Even-24-A-21";
973 1 0 972,971 "Even-24-S-21";
974 1 1 973,1909 "Even-24-B-20";
975 1 1 973,1908 "Even-24-A-20";
976 1 1 978,1934 "Even-23-A-7";
977 1 1 978,1935 "Even-23-B-7";
978 1 0 947,956 "Even-23-S-8";
979 1 1 991,1923 "Even-20-B-13";
980 1 1 982,1928 "Even-20-A-10";
981 1 1 982,1929 "Even-20-B-10";
982 1 0 983,984 "Even-20-S-11";
983 1 1 985,1926 "Even-20-A-11";
984 1 1 985,1927 "Even-20-B-11";
985 1 0 986,987 "Even-20-S-12";
986 1 1 988,1924 "Even-20-A-12";
987 1 1 988,1925 "Even-20-B-12";
988 1 0 989,979 "Even-20-S-13";
989 1 1 991,1922 "Even-20-A-13";
990 1 0 980,981 "Even-20-S-10";
991 1 0 992,993 "Even-20-S-14";
992 1 1 994,1920 "Even-20-A-14";
993 1 1 994,1921 "Even-20-B-14";
994 1 0 995,996 "Even-20-S-15";
995 1 1 997,1918 "Even-20-A-15";
996 1 1 997,1919 "Even-20-B-15";
997 1 0 998,999 "Even-20-S-16";
998 1 1 968,1916 "Even-20-A-16";
999 1 1 968,1917 "Even-20-B-16";
1000 1 1 1008,1916 "Even-23-A-16";
1001 1 0 945,931 "Even-23-S-2";
1002 1 0 1033,1032 "Even-23-S-19";
1003 1 1 1002,1913 "Even-23-B-18";
1004 1 1 1002,1912 "Even-23-A-18";
1005 1 0 1004,1003 "Even-23-S-18";
1006 1 1 1005,1915 "Even-23-B-17";
1007 1 1 1005,1914 "Even-23-A-17";
1008 1 0 1007,1006 "Even-23-S-17";
1009 1 1 1008,1917 "Even-23-B-16";
1010 1 1 1001,1947 "Even-23-B-1";
1011 1 0 1000,1009 "Even-23-S-16";
1012 1 0 1013,1014 "Even-22-S-0";
1013 1 1 1015,1948 "Even-22-A-0";
1014 1 1 1015,1949 "Even-22-B-0";
1015 1 0 1153,1152 "Even-22-S-1";
1016 1 1 1011,1919 "Even-23-B-15";
1017 1 0 1018,1019 "Even-20-S-0";
1018 1 1 1030,1948 "Even-20-A-0";
1019 1 1 1030,1949 "Even-20-B-0";
1020 1 1 1028,1908 "Even-23-A-20";
1021 1 0 1953,895 "Odd-23-T";
1022 1 0 1899,1901 "Even-23-Z";
1023 1 1 1022,1905 "Even-23-B-22";
1024 1 1 1022,1904 "Even-23-A-22";
1025 1 0 1024,1023 "Even-23-S-22";
1026 1 1 1025,1907 "Even-23-B-21";
1027 1 1 1025,1906 "Even-23-A-21";
1028 1 0 1027,1026 "Even-23-S-21";
1029 1 1 1028,1909 "Even-23-B-20";
1030 1 0 1060,1061 "Even-20-S-1";
1031 1 0 1020,1029 "Even-23-S-20";
1032 1 1 1031,1911 "Even-23-B-19";
1033 1 1 1031,1910 "Even-23-A-19";
1034 1 0 1035,1036 "Even-23-S-0";
1035 1 1 1037,1948 "Even-23-A-0";
1036 1 1 1037,1949 "Even-23-B-0";
1037 1 0 1038,1010 "Even-23-S-1";
1038 1 1 1001,1946 "Even-23-A-1";
1039 1 1 1048,1907 "Even-22-B-21";
1040 1 1 1041,1935 "Even-20-B-7";
1041 1 0 1042,1043 "Even-20-S-8";
1042 1 1 1044,1932 "Even-20-A-8";
1043 1 1 1044,1933 "Even-20-B-8";
1044 1 0 1045,1046 "Even-20-S-9";
1045 1 1 990,1930 "Even-20-A-9";
1046 1 1 990,1931 "Even-20-B-9";
1047 1 0 1955,185 "Odd-22-T";
1048 1 0 1879,1903,1901 "Even-22-Z";
1049 1 1 1041,1934 "Even-20-A-7";
1050 1 1 1048,1906 "Even-22-A-21";
1051 1 0 1050,1039 "Even-22-S-21";
1052 1 1 1051,1909 "Even-22-B-20";
1053 1 1 1051,1908 "Even-22-A-20";
1054 1 0 1053,1052 "Even-22-S-20";
1055 1 1 1054,1911 "Even-22-B-19";
1056 1 1 1054,1910 "Even-22-A-19";
1057 1 0 1056,1055 "Even-22-S-19";
1058 1 1 1057,1913 "Even-22-B-18";
1059 1 1 1071,1940 "Even-20-A-4";
1060 1 1 1062,1946 "Even-20-A-1";
1061 1 1 1062,1947 "Even-20-B-1";
1062 1 0 1063,1064 "Even-20-S-2";
1063 1 1 1065,1944 "Even-20-A-2";
1064 1 1 1065,1945 "Even-20-B-2";
1065 1 0 1066,1067 "Even-20-S-3";
1066 1 1 1068,1942 "Even-20-A-3";
1067 1 1 1068,1943 "Even-20-B-3";
1068 1 0 1059,1070 "Even-20-S-4";
1069 1 1 1057,1912 "Even-22-A-18";
1070 1 1 1071,1941 "Even-20-B-4";
1071 1 0 1072,1073 "Even-20-S-5";
1072 1 1 1074,1938 "Even-20-A-5";
1073 1 1 1074,1939 "Even-20-B-5";
1074 1 0 1075,1076 "Even-20-S-6";
1075 1 1 1077,1936 "Even-20-A-6";
1076 1 1 1077,1937 "Even-20-B-6";
1077 1 0 1049,1040 "Even-20-S-7";
1078 1 0 1089,1088 "Even-22-S-4";
1079 1 1 1080,1939 "Even-21-B-5";
1080 1 0 1081,1082 "Even-21-S-6";
1081 1 1 1083,1936 "Even-21-A-6";
1082 1 1 1083,1937 "Even-21-B-6";
1083 1 0 1084,1085 "Even-21-S-7";
1084 1 1 1086,1934 "Even-21-A-7";
1085 1 1 1086,1935 "Even-21-B-7";
1086 1 0 1087,1125 "Even-21-S-8";
1087 1 1 1138,1932 "Even-21-A-8";
1088 1 1 1108,1941 "Even-22-B-4";
1089 1 1 1108,1940 "Even-22-A-4";
1090 1 1 1080,1938 "Even-21-A-5";
1091 1 1 1078,1943 "Even-22-B-3";
1092 1 1 1078,1942 "Even-22-A-3";
1093 1 1 1219,1944 "Even-24-A-2";
1094 1 0 1093,1232 "Even-24-S-2";
1095 1 1 1094,1947 "Even-24-B-1";
1096 1 1 1094,1946 "Even-24-A-1";
1097 1 0 1096,1095 "Even-24-S-1";
1098 1 1 1097,1949 "Even-24-B-0";
1099 1 1 1097,1948 "Even-24-A-0";
1100 1 0 1099,1098 "Even-24-S-0";
1101 1 0 1092,1091 "Even-22-S-3";
1102 1 1 1115,1947 "Even-21-B-1";
1103 1 1 1161,1937 "Even-22-B-6";
1104 1 1 1161,1936 "Even-22-A-6";
1105 1 0 1104,1103 "Even-22-S-6";
1106 1 1 1105,1939 "Even-22-B-5";
1107 1 1 1105,1938 "Even-22-A-5";
1108 1 0 1107,1106 "Even-22-S-5";
1109 1 0 1110,1111 "Even-21-S-0";
1110 1 1 1112,1948 "Even-21-A-0";
1111 1 1 1112,1949 "Even-21-B-0";
1112 1 0 1113,1102 "Even-21-S-1";
1113 1 1 1115,1946 "Even-21-A-1";
1114 1 1 1101,1945 "Even-22-B-2";
1115 1 0 1116,1117 "Even-21-S-2";
1116 1 1 1118,1944 "Even-21-A-2";
1117 1 1 1118,1945 "Even-21-B-2";
1118 1 0 1119,1120 "Even-21-S-3";
1119 1 1 1121,1942 "Even-21-A-3";
1120 1 1 1121,1943 "Even-21-B-3";
1121 1 0 1122,1123 "Even-21-S-4";
1122 1 1 1124,1940 "Even-21-A-4";
1123 1 1 1124,1941 "Even-21-B-4";
1124 1 0 1090,1079 "Even-21-S-5";
1125 1 1 1138,1933 "Even-21-B-8";
1126 1 1 1171,1916 "Even-21-A-16";
1127 1 0 1126,1137 "Even-21-S-16";
1128 1 1 1127,1919 "Even-21-B-15";
1129 1 1 1127,1918 "Even-21-A-15";
1130 1 0 1129,1128 "Even-21-S-15";
1131 1 1 1130,1921 "Even-21-B-14";
1132 1 1 1130,1920 "Even-21-A-14";
1133 1 0 1132,1131 "Even-21-S-14";
1134 1 1 1133,1923 "Even-21-B-13";
1135 1 1 1133,1922 "Even-21-A-13";
1136 1 0 1135,1134 "Even-21-S-13";
1137 1 1 1171,1917 "Even-21-B-16";
1138 1 0 1139,1140 "Even-21-S-9";
1139 1 1 1141,1930 "Even-21-A-9";
1140 1 1 1141,1931 "Even-21-B-9";
1141 1 0 1142,1143 "Even-21-S-10";
1142 1 1 1144,1928 "Even-21-A-10";
1143 1 1 1144,1929 "Even-21-B-10";
1144 1 0 1145,1146 "Even-21-S-11";
1145 1 1 1147,1926 "Even-21-A-11";
1146 1 1 1147,1927 "Even-21-B-11";
1147 1 0 1148,1255 "Even-21-S-12";
1148 1 1 1136,1924 "Even-21-A-12";
1149 1 1 1163,1920 "Even-23-A-14";
1150 1 1 1101,1944 "Even-22-A-2";
1151 1 0 1150,1114 "Even-22-S-2";
1152 1 1 1151,1947 "Even-22-B-1";
1153 1 1 1151,1946 "Even-22-A-1";
1154 1 0 1155,1156 "Even-23-S-12";
1155 1 1 1157,1924 "Even-23-A-12";
1156 1 1 1157,1925 "Even-23-B-12";
1157 1 0 1158,1159 "Even-23-S-13";
1158 1 1 1160,1922 "Even-23-A-13";
1159 1 1 1160,1923 "Even-23-B-13";
1160 1 0 1149,1162 "Even-23-S-14";
1161 1 0 1242,1241 "Even-22-S-7";
1162 1 1 1163,1921 "Even-23-B-14";
1163 1 0 1164,1016 "Even-23-S-15";
1164 1 1 1011,1918 "Even-23-A-15";
1165 1 0 949,950 "Even-21-S-19";
1166 1 1 1165,1913 "Even-21-B-18";
1167 1 1 1165,1912 "Even-21-A-18";
1168 1 0 1167,1166 "Even-21-S-18";
1169 1 1 1168,1915 "Even-21-B-17";
1170 1 1 1168,1914 "Even-21-A-17";
1171 1 0 1170,1169 "Even-21-S-17";
1172 1 1 1182,1924 "Even-24-A-12";
1173 1 0 1184,1218 "Even-24-S-16";
1174 1 1 1173,1919 "Even-24-B-15";
1175 1 1 1173,1918 "Even-24-A-15";
1176 1 0 1175,1174 "Even-24-S-15";
1177 1 1 1176,1921 "Even-24-B-14";
1178 1 1 1176,1920 "Even-24-A-14";
1179 1 0 1178,1177 "Even-24-S-14";
1180 1 1 1179,1923 "Even-24-B-13";
1181 1 1 1179,1922 "Even-24-A-13";
1182 1 0 1181,1180 "Even-24-S-13";
1183 1 1 1182,1925 "Even-24-B-12";
1184 1 1 1217,1916 "Even-24-A-16";
1185 1 0 1172,1183 "Even-24-S-12";
1186 1 1 1207,1917 "Even-22-B-16";
1187 1 1 1207,1916 "Even-22-A-16";
1188 1 0 1187,1186 "Even-22-S-16";
1189 1 1 1188,1919 "Even-22-B-15";
1190 1 1 1188,1918 "Even-22-A-15";
1191 1 0 1190,1189 "Even-22-S-15";
1192 1 1 1191,1921 "Even-22-B-14";
1193 1 1 1191,1920 "Even-22-A-14";
1194 1 0 1193,1192 "Even-22-S-14";
1195 1 1 1194,1923 "Even-22-B-13";
1196 1 0 975,974 "Even-24-S-20";
1197 1 0 1198,1199 "Even-23-S-9";
1198 1 1 1200,1930 "Even-23-A-9";
1199 1 1 1200,1931 "Even-23-B-9";
1200 1 0 1201,1202 "Even-23-S-10";
1201 1 1 1203,1928 "Even-23-A-10";
1202 1 1 1203,1929 "Even-23-B-10";
1203 1 0 1204,1205 "Even-23-S-11";
1204 1 1 1154,1926 "Even-23-A-11";
1205 1 1 1154,1927 "Even-23-B-11";
1206 1 1 946,1914 "Even-22-A-17";
1207 1 0 1206,948 "Even-22-S-17";
1208 1 1 1194,1922 "Even-22-A-13";
1209 1 1 1196,1911 "Even-24-B-19";
1210 1 1 1196,1910 "Even-24-A-19";
1211 1 0 1210,1209 "Even-24-S-19";
1212 1 1 1211,1913 "Even-24-B-18";
1213 1 1 1211,1912 "Even-24-A-18";
1214 1 0 1213,1212 "Even-24-S-18";
1215 1 1 1214,1915 "Even-24-B-17";
1216 1 1 1214,1914 "Even-24-A-17";
1217 1 0 1216,1215 "Even-24-S-17";
1218 1 1 1217,1917 "Even-24-B-16";
1219 1 0 1230,1229 "Even-24-S-3";
1220 1 1 1231,1937 "Even-24-B-6";
1221 1 1 1231,1936 "Even-24-A-6";
1222 1 0 1221,1220 "Even-24-S-6";
1223 1 1 1222,1939 "Even-24-B-5";
1224 1 1 1222,1938 "Even-24-A-5";
1225 1 0 1224,1223 "Even-24-S-5";
1226 1 1 1225,1941 "Even-24-B-4";
1227 1 1 1225,1940 "Even-24-A-4";
1228 1 0 1227,1226 "Even-24-S-4";
1229 1 1 1228,1943 "Even-24-B-3";
1230 1 1 1228,1942 "Even-24-A-3";
1231 1 0 1265,1264 "Even-24-S-7";
1232 1 1 1219,1945 "Even-24-B-2";
1233 1 1 1250,1928 "Even-22-A-10";
1234 1 0 1233,1251 "Even-22-S-10";
1235 1 1 1234,1931 "Even-22-B-9";
1236 1 1 1234,1930 "Even-22-A-9";
1237 1 0 1236,1235 "Even-22-S-9";
1238 1 1 1237,1933 "Even-22-B-8";
1239 1 1 1237,1932 "Even-22-A-8";
1240 1 0 1239,1238 "Even-22-S-8";
1241 1 1 1240,1935 "Even-22-B-7";
1242 1 1 1240,1934 "Even-22-A-7";
1243 1 1 1254,1929 "Even-24-B-10";
1244 1 0 1208,1195 "Even-22-S-13";
1245 1 1 1244,1925 "Even-22-B-12";
1246 1 1 1244,1924 "Even-22-A-12";
1247 1 0 1246,1245 "Even-22-S-12";
1248 1 1 1247,1927 "Even-22-B-11";
1249 1 1 1247,1926 "Even-22-A-11";
1250 1 0 1249,1248 "Even-22-S-11";
1251 1 1 1250,1929 "Even-22-B-10";
1252 1 1 1185,1927 "Even-24-B-11";
1253 1 1 1185,1926 "Even-24-A-11";
1254 1 0 1253,1252 "Even-24-S-11";
1255 1 1 1136,1925 "Even-21-B-12";
1256 1 1 1254,1928 "Even-24-A-10";
1257 1 0 1256,1243 "Even-24-S-10";
1258 1 1 1257,1931 "Even-24-B-9";
1259 1 1 1257,1930 "Even-24-A-9";
1260 1 0 1259,1258 "Even-24-S-9";
1261 1 1 1260,1933 "Even-24-B-8";
1262 1 1 1260,1932 "Even-24-A-8";
1263 1 0 1262,1261 "Even-24-S-8";
1264 1 1 1263,1935 "Even-24-B-7";
1265 1 1 1263,1934 "Even-24-A-7";
1266 1 1 1275,1932 "Even-11-A-8";
1267 1 0 1277,1306 "Even-12-S-0";
1268 1 0 1977,843 "Odd-11-T";
1269 1 0 1891,1925,1923,1921,1919,1917,1915,1913,1911,1909,1907,1905,1903,1901 "Even-11-Z";
1270 1 1 1269,1929 "Even-11-B-10";
1271 1 1 1269,1928 "Even-11-A-10";
1272 1 0 1271,1270 "Even-11-S-10";
1273 1 1 1272,1931 "Even-11-B-9";
1274 1 1 1272,1930 "Even-11-A-9";
1275 1 0 1274,1273 "Even-11-S-9";
1276 1 1 1275,1933 "Even-11-B-8";
1277 1 1 1305,1948 "Even-12-A-0";
1278 1 0 1266,1276 "Even-11-S-8";
1279 1 1 1278,1935 "Even-11-B-7";
1280 1 1 1278,1934 "Even-11-A-7";
1281 1 0 1280,1279 "Even-11-S-7";
1282 1 1 1281,1937 "Even-11-B-6";
1283 1 1 1281,1936 "Even-11-A-6";
1284 1 0 1283,1282 "Even-11-S-6";
1285 1 1 1284,1939 "Even-11-B-5";
1286 1 1 1284,1938 "Even-11-A-5";
1287 1 1 1296,1943 "Even-12-B-3";
1288 1 1 1338,1937 "Even-12-B-6";
1289 1 1 1338,1936 "Even-12-A-6";
1290 1 0 1289,1288 "Even-12-S-6";
1291 1 1 1290,1939 "Even-12-B-5";
1292 1 1 1290,1938 "Even-12-A-5";
1293 1 0 1292,1291 "Even-12-S-5";
1294 1 1 1293,1941 "Even-12-B-4";
1295 1 1 1293,1940 "Even-12-A-4";
1296 1 0 1295,1294 "Even-12-S-4";
1297 1 0 1286,1285 "Even-11-S-5";
1298 1 1 1296,1942 "Even-12-A-3";
1299 1 0 1298,1287 "Even-12-S-3";
1300 1 1 1299,1945 "Even-12-B-2";
1301 1 1 1299,1944 "Even-12-A-2";
1302 1 0 1301,1300 "Even-12-S-2";
1303 1 1 1302,1947 "Even-12-B-1";
1304 1 1 1302,1946 "Even-12-A-1";
1305 1 0 1304,1303 "Even-12-S-1";
1306 1 1 1305,1949 "Even-12-B-0";
1307 1 1 1316,1938 "Even-10-A-5";
1308 1 1 1318,1933 "Even-10-B-8";
1309 1 1 1318,1932 "Even-10-A-8";
1310 1 0 1309,1308 "Even-10-S-8";
1311 1 1 1310,1935 "Even-10-B-7";
1312 1 1 1310,1934 "Even-10-A-7";
1313 1 0 1312,1311 "Even-10-S-7";
1314 1 1 1313,1937 "Even-10-B-6";
1315 1 1 1313,1936 "Even-10-A-6";
1316 1 0 1315,1314 "Even-10-S-6";
1317 1 1 1316,1939 "Even-10-B-5";
1318 1 0 1347,1346 "Even-10-S-9";
1319 1 0 1307,1317 "Even-10-S-5";
1320 1 1 1319,1941 "Even-10-B-4";
1321 1 1 1319,1940 "Even-10-A-4";
1322 1 0 1321,1320 "Even-10-S-4";
1323 1 1 1322,1943 "Even-10-B-3";
1324 1 1 1322,1942 "Even-10-A-3";
1325 1 0 1324,1323 "Even-10-S-3";
1326 1 1 1325,1945 "Even-10-B-2";
1327 1 1 1325,1944 "Even-10-A-2";
1328 1 1 1337,1947 "Even-11-B-1";
1329 1 1 1297,1941 "Even-11-B-4";
1330 1 1 1297,1940 "Even-11-A-4";
1331 1 0 1330,1329 "Even-11-S-4";
1332 1 1 1331,1943 "Even-11-B-3";
1333 1 1 1331,1942 "Even-11-A-3";
1334 1 0 1333,1332 "Even-11-S-3";
1335 1 1 1334,1945 "Even-11-B-2";
1336 1 1 1334,1944 "Even-11-A-2";
1337 1 0 1336,1335 "Even-11-S-2";
1338 1 0 1408,1407 "Even-12-S-7";
1339 1 1 1337,1946 "Even-11-A-1";
1340 1 0 1339,1328 "Even-11-S-1";
1341 1 1 1340,1949 "Even-11-B-0";
1342 1 1 1340,1948 "Even-11-A-0";
1343 1 0 1342,1341 "Even-11-S-0";
1344 1 0 1979,896 "Odd-10-T";
1345 1 0 1896,1927,1925,1923,1921,1919,1917,1915,1913,1911,1909,1907,1905,1903,1901 "Even-10-Z";
1346 1 1 1345,1931 "Even-10-B-9";
1347 1 1 1345,1930 "Even-10-A-9";
1348 1 0 1358,1357 "Even-13-S-11";
1349 1 1 1359,1949 "Even-14-B-0";
1350 1 1 1359,1948 "Even-14-A-0";
1351 1 0 1350,1349 "Even-14-S-0";
1352 1 0 1973,251 "Odd-13-T";
1353 1 0 1878,1921,1919,1917,1915,1913,1911,1909,1907,1905,1903,1901 "Even-13-Z";
1354 1 1 1353,1925 "Even-13-B-12";
1355 1 1 1353,1924 "Even-13-A-12";
1356 1 0 1355,1354 "Even-13-S-12";
1357 1 1 1356,1927 "Even-13-B-11";
1358 1 1 1356,1926 "Even-13-A-11";
1359 1 0 1388,1387 "Even-14-S-1";
1360 1 1 1348,1929 "Even-13-B-10";
1361 1 1 1348,1928 "Even-13-A-10";
1362 1 0 1361,1360 "Even-13-S-10";
1363 1 1 1362,1931 "Even-13-B-9";
1364 1 1 1362,1930 "Even-13-A-9";
1365 1 0 1364,1363 "Even-13-S-9";
1366 1 1 1365,1933 "Even-13-B-8";
1367 1 1 1365,1932 "Even-13-A-8";
1368 1 0 1367,1366 "Even-13-S-8";
1369 1 1 1377,1940 "Even-14-A-4";
1370 1 1 1746,1934 "Even-14-A-7";
1371 1 0 1370,1842 "Even-14-S-7";
1372 1 1 1371,1937 "Even-14-B-6";
1373 1 1 1371,1936 "Even-14-A-6";
1374 1 0 1373,1372 "Even-14-S-6";
1375 1 1 1374,1939 "Even-14-B-5";
1376 1 1 1374,1938 "Even-14-A-5";
1377 1 0 1376,1375 "Even-14-S-5";
1378 1 1 1377,1941 "Even-14-B-4";
1379 1 1 1368,1935 "Even-13-B-7";
1380 1 0 1369,1378 "Even-14-S-4";
1381 1 1 1380,1943 "Even-14-B-3";
1382 1 1 1380,1942 "Even-14-A-3";
1383 1 0 1382,1381 "Even-14-S-3";
1384 1 1 1383,1945 "Even-14-B-2";
1385 1 1 1383,1944 "Even-14-A-2";
1386 1 0 1385,1384 "Even-14-S-2";
1387 1 1 1386,1947 "Even-14-B-1";
1388 1 1 1386,1946 "Even-14-A-1";
1389 1 1 1397,1928 "Even-12-A-10";
1390 1 1 1399,1949 "Even-13-B-0";
1391 1 1 1399,1948 "Even-13-A-0";
1392 1 0 1391,1390 "Even-13-S-0";
1393 1 0 1975,867 "Odd-12-T";
1394 1 0 1897,1923,1921,1919,1917,1915,1913,1911,1909,1907,1905,1903,1901 "Even-12-Z";
1395 1 1 1394,1927 "Even-12-B-11";
1396 1 1 1394,1926 "Even-12-A-11";
1397 1 0 1396,1395 "Even-12-S-11";
1398 1 1 1397,1929 "Even-12-B-10";
1399 1 0 1428,1427 "Even-13-S-1";
1400 1 0 1389,1398 "Even-12-S-10";
1401 1 1 1400,1931 "Even-12-B-9";
1402 1 1 1400,1930 "Even-12-A-9";
1403 1 0 1402,1401 "Even-12-S-9";
1404 1 1 1403,1933 "Even-12-B-8";
1405 1 1 1403,1932 "Even-12-A-8";
1406 1 0 1405,1404 "Even-12-S-8";
1407 1 1 1406,1935 "Even-12-B-7";
1408 1 1 1406,1934 "Even-12-A-7";
1409 1 1 1417,1940 "Even-13-A-4";
1410 1 1 1368,1934 "Even-13-A-7";
1411 1 0 1410,1379 "Even-13-S-7";
1412 1 1 1411,1937 "Even-13-B-6";
1413 1 1 1411,1936 "Even-13-A-6";
1414 1 0 1413,1412 "Even-13-S-6";
1415 1 1 1414,1939 "Even-13-B-5";
1416 1 1 1414,1938 "Even-13-A-5";
1417 1 0 1416,1415 "Even-13-S-5";
1418 1 1 1417,1941 "Even-13-B-4";
1419 1 0 1327,1326 "Even-10-S-2";
1420 1 0 1409,1418 "Even-13-S-4";
1421 1 1 1420,1943 "Even-13-B-3";
1422 1 1 1420,1942 "Even-13-A-3";
1423 1 0 1422,1421 "Even-13-S-3";
1424 1 1 1423,1945 "Even-13-B-2";
1425 1 1 1423,1944 "Even-13-A-2";
1426 1 0 1425,1424 "Even-13-S-2";
1427 1 1 1426,1947 "Even-13-B-1";
1428 1 1 1426,1946 "Even-13-A-1";
1429 1 0 1439,1438 "Even-5-S-3";
1430 1 1 1440,1949 "Even-6-B-0";
1431 1 1 1440,1948 "Even-6-A-0";
1432 1 0 1431,1430 "Even-6-S-0";
1433 1 0 1989,741 "Odd-5-T";
1434 1 0 1875,1937,1935,1933,1931,1929,1927,1925,1923,1921,1919,1917,1915,1913,1911,1909,1907,1905,1903,1901 "Even-5-Z";
1435 1 1 1434,1941 "Even-5-B-4";
1436 1 1 1434,1940 "Even-5-A-4";
1437 1 0 1436,1435 "Even-5-S-4";
1438 1 1 1437,1943 "Even-5-B-3";
1439 1 1 1437,1942 "Even-5-A-3";
1440 1 0 1469,1468 "Even-6-S-1";
1441 1 1 1429,1945 "Even-5-B-2";
1442 1 1 1429,1944 "Even-5-A-2";
1443 1 0 1442,1441 "Even-5-S-2";
1444 1 1 1443,1947 "Even-5-B-1";
1445 1 1 1443,1946 "Even-5-A-1";
1446 1 0 1445,1444 "Even-5-S-1";
1447 1 1 1446,1949 "Even-5-B-0";
1448 1 1 1446,1948 "Even-5-A-0";
1449 1 0 1448,1447 "Even-5-S-0";
1450 1 1 1458,1940 "Even-6-A-4";
1451 1 1 1500,1949 "Even-7-B-0";
1452 1 1 1500,1948 "Even-7-A-0";
1453 1 0 1452,1451 "Even-7-S-0";
1454 1 0 1987,760 "Odd-6-T";
1455 1 0 1877,1935,1933,1931,1929,1927,1925,1923,1921,1919,1917,1915,1913,1911,1909,1907,1905,1903,1901 "Even-6-Z";
1456 1 1 1455,1939 "Even-6-B-5";
1457 1 1 1455,1938 "Even-6-A-5";
1458 1 0 1457,1456 "Even-6-S-5";
1459 1 1 1458,1941 "Even-6-B-4";
1460 1 0 1991,788 "Odd-4-T";
1461 1 0 1450,1459 "Even-6-S-4";
1462 1 1 1461,1943 "Even-6-B-3";
1463 1 1 1461,1942 "Even-6-A-3";
1464 1 0 1463,1462 "Even-6-S-3";
1465 1 1 1464,1945 "Even-6-B-2";
1466 1 1 1464,1944 "Even-6-A-2";
1467 1 0 1466,1465 "Even-6-S-2";
1468 1 1 1467,1947 "Even-6-B-1";
1469 1 1 1467,1946 "Even-6-A-1";
1470 1 1 1479,1949 "Even-2-B-0";
1471 1 0 1480,1509 "Even-3-S-1";
1472 1 1 1471,1949 "Even-3-B-0";
1473 1 1 1471,1948 "Even-3-A-0";
1474 1 0 1473,1472 "Even-3-S-0";
1475 1 0 1995,683 "Odd-2-T";
1476 1 0 1885,1943,1941,1939,1937,1935,1933,1931,1929,1927,1925,1923,1921,1919,1917,1915,1913,1911,1909,1907,1905,1903,1901 "Even-2-Z";
1477 1 1 1476,1947 "Even-2-B-1";
1478 1 1 1476,1946 "Even-2-A-1";
1479 1 0 1478,1477 "Even-2-S-1";
1480 1 1 1508,1946 "Even-3-A-1";
1481 1 1 1479,1948 "Even-2-A-0";
1482 1 0 1481,1470 "Even-2-S-0";
1483 1 0 1997,719 "Odd-1-T";
1484 1 0 1886,1945,1943,1941,1939,1937,1935,1933,1931,1929,1927,1925,1923,1921,1919,1917,1915,1913,1911,1909,1907,1905,1903,1901 "Even-1-Z";
1485 1 1 1484,1949 "Even-1-B-0";
1486 1 1 1484,1948 "Even-1-A-0";
1487 1 0 1486,1485 "Even-1-S-0";
1488 1 0 1999,711 "Odd-0-T";
1489 1 0 1887,1947,1945,1943,1941,1939,1937,1935,1933,1931,1929,1927,1925,1923,1921,1919,1917,1915,1913,1911,1909,1907,1905,1903,1901 "Even-0-Z";
1490 1 0 1499,1498 "Even-4-S-1";
1491 1 0 1883,1939,1937,1935,1933,1931,1929,1927,1925,1923,1921,1919,1917,1915,1913,1911,1909,1907,1905,1903,1901 "Even-4-Z";
1492 1 1 1491,1943 "Even-4-B-3";
1493 1 1 1491,1942 "Even-4-A-3";
1494 1 0 1493,1492 "Even-4-S-3";
1495 1 1 1494,1945 "Even-4-B-2";
1496 1 1 1494,1944 "Even-4-A-2";
1497 1 0 1496,1495 "Even-4-S-2";
1498 1 1 1497,1947 "Even-4-B-1";
1499 1 1 1497,1946 "Even-4-A-1";
1500 1 0 1570,1569 "Even-7-S-1";
1501 1 1 1490,1949 "Even-4-B-0";
1502 1 1 1490,1948 "Even-4-A-0";
1503 1 0 1502,1501 "Even-4-S-0";
1504 1 0 1993,693 "Odd-3-T";
1505 1 0 1884,1941,1939,1937,1935,1933,1931,1929,1927,1925,1923,1921,1919,1917,1915,1913,1911,1909,1907,1905,1903,1901 "Even-3-Z";
1506 1 1 1505,1945 "Even-3-B-2";
1507 1 1 1505,1944 "Even-3-A-2";
1508 1 0 1507,1506 "Even-3-S-2";
1509 1 1 1508,1947 "Even-3-B-1";
1510 1 1 1519,1946 "Even-9-A-1";
1511 1 1 1521,1941 "Even-9-B-4";
1512 1 1 1521,1940 "Even-9-A-4";
1513 1 0 1512,1511 "Even-9-S-4";
1514 1 1 1513,1943 "Even-9-B-3";
1515 1 1 1513,1942 "Even-9-A-3";
1516 1 0 1515,1514 "Even-9-S-3";
1517 1 1 1516,1945 "Even-9-B-2";
1518 1 1 1516,1944 "Even-9-A-2";
1519 1 0 1518,1517 "Even-9-S-2";
1520 1 1 1519,1947 "Even-9-B-1";
1521 1 0 1550,1549 "Even-9-S-5";
1522 1 0 1510,1520 "Even-9-S-1";
1523 1 1 1522,1949 "Even-9-B-0";
1524 1 1 1522,1948 "Even-9-A-0";
1525 1 0 1524,1523 "Even-9-S-0";
1526 1 0 1983,562 "Odd-8-T";
1527 1 0 1898,1931,1929,1927,1925,1923,1921,1919,1917,1915,1913,1911,1909,1907,1905,1903,1901 "Even-8-Z";
1528 1 1 1527,1935 "Even-8-B-7";
1529 1 1 1527,1934 "Even-8-A-7";
1530 1 0 1529,1528 "Even-8-S-7";
1531 1 1 1539,1932 "Even-9-A-8";
1532 1 1 1419,1947 "Even-10-B-1";
1533 1 1 1419,1946 "Even-10-A-1";
1534 1 0 1533,1532 "Even-10-S-1";
1535 1 1 1534,1949 "Even-10-B-0";
1536 1 1 1534,1948 "Even-10-A-0";
1537 1 0 1536,1535 "Even-10-S-0";
1538 1 0 1981,603 "Odd-9-T";
1539 1 0 1894,1929,1927,1925,1923,1921,1919,1917,1915,1913,1911,1909,1907,1905,1903,1901 "Even-9-Z";
1540 1 1 1539,1933 "Even-9-B-8";
1541 1 1 1530,1937 "Even-8-B-6";
1542 1 0 1531,1540 "Even-9-S-8";
1543 1 1 1542,1935 "Even-9-B-7";
1544 1 1 1542,1934 "Even-9-A-7";
1545 1 0 1544,1543 "Even-9-S-7";
1546 1 1 1545,1937 "Even-9-B-6";
1547 1 1 1545,1936 "Even-9-A-6";
1548 1 0 1547,1546 "Even-9-S-6";
1549 1 1 1548,1939 "Even-9-B-5";
1550 1 1 1548,1938 "Even-9-A-5";
1551 1 1 1559,1940 "Even-7-A-4";
1552 1 0 1985,574 "Odd-7-T";
1553 1 0 1890,1933,1931,1929,1927,1925,1923,1921,1919,1917,1915,1913,1911,1909,1907,1905,1903,1901 "Even-7-Z";
1554 1 1 1553,1937 "Even-7-B-6";
1555 1 1 1553,1936 "Even-7-A-6";
1556 1 0 1555,1554 "Even-7-S-6";
1557 1 1 1556,1939 "Even-7-B-5";
1558 1 1 1556,1938 "Even-7-A-5";
1559 1 0 1558,1557 "Even-7-S-5";
1560 1 1 1559,1941 "Even-7-B-4";
1561 1 0 1590,1589 "Even-8-S-0";
1562 1 0 1551,1560 "Even-7-S-4";
1563 1 1 1562,1943 "Even-7-B-3";
1564 1 1 1562,1942 "Even-7-A-3";
1565 1 0 1564,1563 "Even-7-S-3";
1566 1 1 1565,1945 "Even-7-B-2";
1567 1 1 1565,1944 "Even-7-A-2";
1568 1 0 1567,1566 "Even-7-S-2";
1569 1 1 1568,1947 "Even-7-B-1";
1570 1 1 1568,1946 "Even-7-A-1";
1571 1 1 1579,1942 "Even-8-A-3";
1572 1 1 1530,1936 "Even-8-A-6";
1573 1 0 1572,1541 "Even-8-S-6";
1574 1 1 1573,1939 "Even-8-B-5";
1575 1 1 1573,1938 "Even-8-A-5";
1576 1 0 1575,1574 "Even-8-S-5";
1577 1 1 1576,1941 "Even-8-B-4";
1578 1 1 1576,1940 "Even-8-A-4";
1579 1 0 1578,1577 "Even-8-S-4";
1580 1 1 1579,1943 "Even-8-B-3";
1581 1 0 1961,342 "Odd-19-T";
1582 1 0 1571,1580 "Even-8-S-3";
1583 1 1 1582,1945 "Even-8-B-2";
1584 1 1 1582,1944 "Even-8-A-2";
1585 1 0 1584,1583 "Even-8-S-2";
1586 1 1 1585,1947 "Even-8-B-1";
1587 1 1 1585,1946 "Even-8-A-1";
1588 1 0 1587,1586 "Even-8-S-1";
1589 1 1 1588,1949 "Even-8-B-0";
1590 1 1 1588,1948 "Even-8-A-0";
1591 1 0 1601,1600 "Even-18-S-0";
1592 1 1 1632,1942 "Even-18-A-3";
1593 1 0 1592,1602 "Even-18-S-3";
1594 1 1 1593,1945 "Even-18-B-2";
1595 1 1 1593,1944 "Even-18-A-2";
1596 1 0 1595,1594 "Even-18-S-2";
1597 1 1 1596,1947 "Even-18-B-1";
1598 1 1 1596,1946 "Even-18-A-1";
1599 1 0 1598,1597 "Even-18-S-1";
1600 1 1 1599,1949 "Even-18-B-0";
1601 1 1 1599,1948 "Even-18-A-0";
1602 1 1 1632,1943 "Even-18-B-3";
1603 1 0 1965,513 "Odd-17-T";
1604 1 0 1889,1913,1911,1909,1907,1905,1903,1901 "Even-17-Z";
1605 1 1 1604,1917 "Even-17-B-16";
1606 1 1 1604,1916 "Even-17-A-16";
1607 1 0 1606,1605 "Even-17-S-16";
1608 1 1 1607,1919 "Even-17-B-15";
1609 1 1 1607,1918 "Even-17-A-15";
1610 1 1 941,1921 "Even-17-B-14";
1611 1 1 941,1920 "Even-17-A-14";
1612 1 0 1622,1621 "Even-18-S-7";
1613 1 1 1735,1928 "Even-18-A-10";
1614 1 0 1613,1664 "Even-18-S-10";
1615 1 1 1614,1931 "Even-18-B-9";
1616 1 1 1614,1930 "Even-18-A-9";
1617 1 0 1616,1615 "Even-18-S-9";
1618 1 1 1617,1933 "Even-18-B-8";
1619 1 1 1617,1932 "Even-18-A-8";
1620 1 0 1619,1618 "Even-18-S-8";
1621 1 1 1620,1935 "Even-18-B-7";
1622 1 1 1620,1934 "Even-18-A-7";
1623 1 0 1611,1610 "Even-17-S-14";
1624 1 1 1612,1937 "Even-18-B-6";
1625 1 1 1612,1936 "Even-18-A-6";
1626 1 0 1625,1624 "Even-18-S-6";
1627 1 1 1626,1939 "Even-18-B-5";
1628 1 1 1626,1938 "Even-18-A-5";
1629 1 0 1628,1627 "Even-18-S-5";
1630 1 1 1629,1941 "Even-18-B-4";
1631 1 1 1629,1940 "Even-18-A-4";
1632 1 0 1631,1630 "Even-18-S-4";
1633 1 1 1643,1943 "Even-17-B-3";
1634 1 0 1644,1673 "Even-17-S-7";
1635 1 1 1634,1937 "Even-17-B-6";
1636 1 1 1634,1936 "Even-17-A-6";
1637 1 0 1636,1635 "Even-17-S-6";
1638 1 1 1637,1939 "Even-17-B-5";
1639 1 1 1637,1938 "Even-17-A-5";
1640 1 0 1639,1638 "Even-17-S-5";
1641 1 1 1640,1941 "Even-17-B-4";
1642 1 1 1640,1940 "Even-17-A-4";
1643 1 0 1642,1641 "Even-17-S-4";
1644 1 1 1672,1934 "Even-17-A-7";
1645 1 1 1643,1942 "Even-17-A-3";
1646 1 0 1645,1633 "Even-17-S-3";
1647 1 1 1646,1945 "Even-17-B-2";
1648 1 1 1646,1944 "Even-17-A-2";
1649 1 0 1648,1647 "Even-17-S-2";
1650 1 1 1649,1947 "Even-17-B-1";
1651 1 1 1649,1946 "Even-17-A-1";
1652 1 0 1651,1650 "Even-17-S-1";
1653 1 1 1652,1949 "Even-17-B-0";
1654 1 1 1663,1929 "Even-17-B-10";
1655 1 1 1623,1923 "Even-17-B-13";
1656 1 1 1623,1922 "Even-17-A-13";
1657 1 0 1656,1655 "Even-17-S-13";
1658 1 1 1657,1925 "Even-17-B-12";
1659 1 1 1657,1924 "Even-17-A-12";
1660 1 0 1659,1658 "Even-17-S-12";
1661 1 1 1660,1927 "Even-17-B-11";
1662 1 1 1660,1926 "Even-17-A-11";
1663 1 0 1662,1661 "Even-17-S-11";
1664 1 1 1735,1929 "Even-18-B-10";
1665 1 1 1663,1928 "Even-17-A-10";
1666 1 0 1665,1654 "Even-17-S-10";
1667 1 1 1666,1931 "Even-17-B-9";
1668 1 1 1666,1930 "Even-17-A-9";
1669 1 0 1668,1667 "Even-17-S-9";
1670 1 1 1669,1933 "Even-17-B-8";
1671 1 1 1669,1932 "Even-17-A-8";
1672 1 0 1671,1670 "Even-17-S-8";
1673 1 1 1672,1935 "Even-17-B-7";
1674 1 0 1684,1683 "Even-19-S-9";
1675 1 1 1714,1924 "Even-19-A-12";
1676 1 0 1675,1685 "Even-19-S-12";
1677 1 1 1676,1927 "Even-19-B-11";
1678 1 1 1676,1926 "Even-19-A-11";
1679 1 0 1678,1677 "Even-19-S-11";
1680 1 1 1679,1929 "Even-19-B-10";
1681 1 1 1679,1928 "Even-19-A-10";
1682 1 0 1681,1680 "Even-19-S-10";
1683 1 1 1682,1931 "Even-19-B-9";
1684 1 1 1682,1930 "Even-19-A-9";
1685 1 1 1714,1925 "Even-19-B-12";
1686 1 1 1674,1933 "Even-19-B-8";
1687 1 1 1674,1932 "Even-19-A-8";
1688 1 0 1687,1686 "Even-19-S-8";
1689 1 1 1688,1935 "Even-19-B-7";
1690 1 1 1688,1934 "Even-19-A-7";
1691 1 0 1690,1689 "Even-19-S-7";
1692 1 1 1691,1937 "Even-19-B-6";
1693 1 1 1691,1936 "Even-19-A-6";
1694 1 0 1693,1692 "Even-19-S-6";
1695 1 0 1704,1703 "Even-19-S-16";
1696 1 0 1876,1909,1907,1905,1903,1901 "Even-19-Z";
1697 1 1 1696,1913 "Even-19-B-18";
1698 1 1 1696,1912 "Even-19-A-18";
1699 1 0 1698,1697 "Even-19-S-18";
1700 1 1 1699,1915 "Even-19-B-17";
1701 1 1 1699,1914 "Even-19-A-17";
1702 1 0 1701,1700 "Even-19-S-17";
1703 1 1 1702,1917 "Even-19-B-16";
1704 1 1 1702,1916 "Even-19-A-16";
1705 1 1 1694,1939 "Even-19-B-5";
1706 1 1 1695,1919 "Even-19-B-15";
1707 1 1 1695,1918 "Even-19-A-15";
1708 1 0 1707,1706 "Even-19-S-15";
1709 1 1 1708,1921 "Even-19-B-14";
1710 1 1 1708,1920 "Even-19-A-14";
1711 1 0 1710,1709 "Even-19-S-14";
1712 1 1 1711,1923 "Even-19-B-13";
1713 1 1 1711,1922 "Even-19-A-13";
1714 1 0 1713,1712 "Even-19-S-13";
1715 1 0 1725,1724 "Even-18-S-14";
1716 1 1 1755,1914 "Even-18-A-17";
1717 1 0 1716,1726 "Even-18-S-17";
1718 1 1 1717,1917 "Even-18-B-16";
1719 1 1 1717,1916 "Even-18-A-16";
1720 1 0 1719,1718 "Even-18-S-16";
1721 1 1 1720,1919 "Even-18-B-15";
1722 1 1 1720,1918 "Even-18-A-15";
1723 1 0 1722,1721 "Even-18-S-15";
1724 1 1 1723,1921 "Even-18-B-14";
1725 1 1 1723,1920 "Even-18-A-14";
1726 1 1 1755,1915 "Even-18-B-17";
1727 1 1 1715,1923 "Even-18-B-13";
1728 1 1 1715,1922 "Even-18-A-13";
1729 1 0 1728,1727 "Even-18-S-13";
1730 1 1 1729,1925 "Even-18-B-12";
1731 1 1 1729,1924 "Even-18-A-12";
1732 1 0 1731,1730 "Even-18-S-12";
1733 1 1 1732,1927 "Even-18-B-11";
1734 1 1 1732,1926 "Even-18-A-11";
1735 1 0 1734,1733 "Even-18-S-11";
1736 1 1 1744,1944 "Even-19-A-2";
1737 1 1 1694,1938 "Even-19-A-5";
1738 1 0 1737,1705 "Even-19-S-5";
1739 1 1 1738,1941 "Even-19-B-4";
1740 1 1 1738,1940 "Even-19-A-4";
1741 1 0 1740,1739 "Even-19-S-4";
1742 1 1 1741,1943 "Even-19-B-3";
1743 1 1 1741,1942 "Even-19-A-3";
1744 1 0 1743,1742 "Even-19-S-3";
1745 1 1 1744,1945 "Even-19-B-2";
1746 1 0 1841,1840 "Even-14-S-8";
1747 1 0 1736,1745 "Even-19-S-2";
1748 1 1 1747,1947 "Even-19-B-1";
1749 1 1 1747,1946 "Even-19-A-1";
1750 1 0 1749,1748 "Even-19-S-1";
1751 1 1 1750,1949 "Even-19-B-0";
1752 1 1 1750,1948 "Even-19-A-0";
1753 1 0 1752,1751 "Even-19-S-0";
1754 1 0 1963,323 "Odd-18-T";
1755 1 0 1892,1911,1909,1907,1905,1903,1901 "Even-18-Z";
1756 1 0 1776,1785 "Even-16-S-5";
1757 1 0 1758,1759 "Even-16-S-1";
1758 1 1 1760,1946 "Even-16-A-1";
1759 1 1 1760,1947 "Even-16-B-1";
1760 1 0 1761,1762 "Even-16-S-2";
1761 1 1 1763,1944 "Even-16-A-2";
1762 1 1 1763,1945 "Even-16-B-2";
1763 1 0 1764,1765 "Even-16-S-3";
1764 1 1 1766,1942 "Even-16-A-3";
1765 1 1 1766,1943 "Even-16-B-3";
1766 1 0 1768,1770 "Even-16-S-4";
1767 1 1 1813,1942 "Even-15-A-3";
1768 1 1 1756,1940 "Even-16-A-4";
1769 1 0 1767,1814 "Even-15-S-3";
1770 1 1 1756,1941 "Even-16-B-4";
1771 1 1 1757,1949 "Even-16-B-0";
1772 1 1 1769,1945 "Even-15-B-2";
1773 1 1 1769,1944 "Even-15-A-2";
1774 1 0 1773,1772 "Even-15-S-2";
1775 1 1 1774,1947 "Even-15-B-1";
1776 1 1 1847,1938 "Even-16-A-5";
1777 1 1 1774,1946 "Even-15-A-1";
1778 1 0 1777,1775 "Even-15-S-1";
1779 1 1 1778,1949 "Even-15-B-0";
1780 1 1 1652,1948 "Even-17-A-0";
1781 1 1 1778,1948 "Even-15-A-0";
1782 1 0 1872,1837 "Even-15-S-9";
1783 1 1 1787,1927 "Even-15-B-11";
1784 1 0 1781,1779 "Even-15-S-0";
1785 1 1 1847,1939 "Even-16-B-5";
1786 1 1 1788,1934 "Even-15-A-7";
1787 1 0 1789,1790 "Even-15-S-12";
1788 1 0 1799,1807 "Even-15-S-8";
1789 1 1 1791,1924 "Even-15-A-12";
1790 1 1 1791,1925 "Even-15-B-12";
1791 1 0 1792,1793 "Even-15-S-13";
1792 1 1 1794,1922 "Even-15-A-13";
1793 1 1 1794,1923 "Even-15-B-13";
1794 1 0 1795,1796 "Even-15-S-14";
1795 1 1 1797,1920 "Even-15-A-14";
1796 1 1 1797,1921 "Even-15-B-14";
1797 1 0 1881,1917,1915,1913,1911,1909,1907,1905,1903,1901 "Even-15-Z";
1798 1 1 1788,1935 "Even-15-B-7";
1799 1 1 1782,1932 "Even-15-A-8";
1800 1 0 1969,20 "Odd-15-T";
1801 1 1 1787,1926 "Even-15-A-11";
1802 1 0 1786,1798 "Even-15-S-7";
1803 1 1 1802,1937 "Even-15-B-6";
1804 1 1 1802,1936 "Even-15-A-6";
1805 1 0 1804,1803 "Even-15-S-6";
1806 1 1 1805,1939 "Even-15-B-5";
1807 1 1 1782,1933 "Even-15-B-8";
1808 1 1 1805,1938 "Even-15-A-5";
1809 1 0 1808,1806 "Even-15-S-5";
1810 1 1 1809,1941 "Even-15-B-4";
1811 1 0 1815,1771 "Even-16-S-0";
1812 1 1 1809,1940 "Even-15-A-4";
1813 1 0 1812,1810 "Even-15-S-4";
1814 1 1 1813,1943 "Even-15-B-3";
1815 1 1 1757,1948 "Even-16-A-0";
1816 1 1 1833,1918 "Even-16-A-15";
1817 1 1 1819,1924 "Even-16-A-12";
1818 1 1 1819,1925 "Even-16-B-12";
1819 1 0 1820,1824 "Even-16-S-13";
1820 1 1 1826,1922 "Even-16-A-13";
1821 1 1 1873,1927 "Even-14-B-11";
1822 1 1 1873,1926 "Even-14-A-11";
1823 1 0 1822,1821 "Even-14-S-11";
1824 1 1 1826,1923 "Even-16-B-13";
1825 1 1 1823,1929 "Even-14-B-10";
1826 1 0 1828,1829 "Even-16-S-14";
1827 1 1 1823,1928 "Even-14-A-10";
1828 1 1 1830,1920 "Even-16-A-14";
1829 1 1 1830,1921 "Even-16-B-14";
1830 1 0 1816,1832 "Even-16-S-15";
1831 1 0 1817,1818 "Even-16-S-12";
1832 1 1 1833,1919 "Even-16-B-15";
1833 1 0 1888,1915,1913,1911,1909,1907,1905,1903,1901 "Even-16-Z";
1834 1 0 1827,1825 "Even-14-S-10";
1835 1 0 1967,92 "Odd-16-T";
1836 1 1 1834,1931 "Even-14-B-9";
1837 1 1 1843,1931 "Even-15-B-9";
1838 1 1 1834,1930 "Even-14-A-9";
1839 1 0 1838,1836 "Even-14-S-9";
1840 1 1 1839,1933 "Even-14-B-8";
1841 1 1 1839,1932 "Even-14-A-8";
1842 1 1 1746,1935 "Even-14-B-7";
1843 1 0 1845,1850 "Even-15-S-10";
1844 1 0 1780,1653 "Even-17-S-0";
1845 1 1 1849,1928 "Even-15-A-10";
1846 1 1 1861,1933 "Even-16-B-8";
1847 1 0 1848,1854 "Even-16-S-6";
1848 1 1 1856,1936 "Even-16-A-6";
1849 1 0 1801,1783 "Even-15-S-11";
1850 1 1 1849,1929 "Even-15-B-10";
1851 1 0 1971,211 "Odd-14-T";
1852 1 0 1882,1919,1917,1915,1913,1911,1909,1907,1905,1903,1901 "Even-14-Z";
1853 1 1 1852,1923 "Even-14-B-13";
1854 1 1 1856,1937 "Even-16-B-6";
1855 1 1 1852,1922 "Even-14-A-13";
1856 1 0 1857,1858 "Even-16-S-7";
1857 1 1 1859,1934 "Even-16-A-7";
1858 1 1 1859,1935 "Even-16-B-7";
1859 1 0 1860,1846 "Even-16-S-8";
1860 1 1 1861,1932 "Even-16-A-8";
1861 1 0 1862,1863 "Even-16-S-9";
1862 1 1 1864,1930 "Even-16-A-9";
1863 1 1 1864,1931 "Even-16-B-9";
1864 1 0 1865,1866 "Even-16-S-10";
1865 1 1 1867,1928 "Even-16-A-10";
1866 1 1 1867,1929 "Even-16-B-10";
1867 1 0 1869,1874 "Even-16-S-11";
1868 1 0 1855,1853 "Even-14-S-13";
1869 1 1 1831,1926 "Even-16-A-11";
1870 1 1 1868,1925 "Even-14-B-12";
1871 1 1 1868,1924 "Even-14-A-12";
1872 1 1 1843,1930 "Even-15-A-9";
1873 1 0 1871,1870 "Even-14-S-12";
1874 1 1 1831,1927 "Even-16-B-11";
1875 2 1 1988,1449 "Even-5-T";
1876 2 1 1960,1753 "Even-19-T";
1877 2 1 1986,1432 "Even-6-T";
1878 2 1 1972,1392 "Even-13-T";
1879 2 1 1954,1012 "Even-22-T";
1880 2 1 1958,1017 "Even-20-T";
1881 2 1 1968,1784 "Even-15-T";
1882 2 1 1970,1351 "Even-14-T";
1883 2 1 1990,1503 "Even-4-T";
1884 2 1 1992,1474 "Even-3-T";
1885 2 1 1994,1482 "Even-2-T";
1886 2 1 1996,1487 "Even-1-T";
1887 2 1 1998,1489 "Even-0-T";
1888 2 1 1966,1811 "Even-16-T";
1889 2 1 1964,1844 "Even-17-T";
1890 2 1 1984,1453 "Even-7-T";
1891 2 1 1976,1343 "Even-11-T";
1892 2 1 1962,1591 "Even-18-T";
1893 2 1 1956,1109 "Even-21-T";
1894 2 1 1980,1525 "Even-9-T";
1895 2 1 1950,1100 "Even-24-T";
1896 2 1 1978,1537 "Even-10-T";
1897 2 1 1974,1267 "Even-12-T";
1898 2 1 1982,1561 "Even-8-T";
1899 2 1 1952,1034 "Even-23-T";
1900 3 1 1895 "Even-24-L";
1901 4 0 936 "Odd-24-L";
1902 5 1 1899 "Even-23-L";
1903 6 0 1021 "Odd-23-L";
1904 7 1 1879 "Even-22-L";
1905 8 0 1047 "Odd-22-L";
1906 9 1 1893 "Even-21-L";
1907 10 0 955 "Odd-21-L";
1908 11 1 1880 "Even-20-L";
1909 12 0 967 "Odd-20-L";
1910 13 1 1876 "Even-19-L";
1911 14 0 1581 "Odd-19-L";
1912 15 1 1892 "Even-18-L";
1913 16 0 1754 "Odd-18-L";
1914 17 1 1889 "Even-17-L";
1915 18 0 1603 "Odd-17-L";
1916 19 1 1888 "Even-16-L";
1917 20 0 1835 "Odd-16-L";
1918 21 1 1881 "Even-15-L";
1919 22 0 1800 "Odd-15-L";
1920 23 1 1882 "Even-14-L";
1921 24 0 1851 "Odd-14-L";
1922 25 1 1878 "Even-13-L";
1923 26 0 1352 "Odd-13-L";
1924 27 1 1897 "Even-12-L";
1925 28 0 1393 "Odd-12-L";
1926 29 1 1891 "Even-11-L";
1927 30 0 1268 "Odd-11-L";
1928 31 1 1896 "Even-10-L";
1929 32 0 1344 "Odd-10-L";
1930 33 1 1894 "Even-9-L";
1931 34 0 1538 "Odd-9-L";
1932 35 1 1898 "Even-8-L";
1933 36 0 1526 "Odd-8-L";
1934 37 1 1890 "Even-7-L";
1935 38 0 1552 "Odd-7-L";
1936 39 1 1877 "Even-6-L";
1937 40 0 1454 "Odd-6-L";
1938 41 1 1875 "Even-5-L";
1939 42 0 1433 "Odd-5-L";
1940 43 1 1883 "Even-4-L";
1941 44 0 1460 "Odd-4-L";
1942 45 1 1884 "Even-3-L";
1943 46 0 1504 "Odd-3-L";
1944 47 1 1885 "Even-2-L";
1945 48 0 1475 "Odd-2-L";
1946 49 1 1886 "Even-1-L";
1947 50 0 1483 "Odd-1-L";
1948 51 1 1887 "Even-0-L";
1949 52 0 1488 "Odd-0-L";
1950 54 0 1902 "Even-24-H";
1951 55 1 1903 "Odd-24-H";
1952 56 0 1904 "Even-23-H";
1953 57 1 1905 "Odd-23-H";
1954 58 0 1906 "Even-22-H";
1955 59 1 1907 "Odd-22-H";
1956 60 0 1908 "Even-21-H";
1957 61 1 1909 "Odd-21-H";
1958 62 0 1910 "Even-20-H";
1959 63 1 1911 "Odd-20-H";
1960 64 0 1912 "Even-19-H";
1961 65 1 1913 "Odd-19-H";
1962 66 0 1914 "Even-18-H";
1963 67 1 1915 "Odd-18-H";
1964 68 0 1916 "Even-17-H";
1965 69 1 1917 "Odd-17-H";
1966 70 0 1918 "Even-16-H";
1967 71 1 1919 "Odd-16-H";
1968 72 0 1920 "Even-15-H";
1969 73 1 1921 "Odd-15-H";
1970 74 0 1922 "Even-14-H";
1971 75 1 1923 "Odd-14-H";
1972 76 0 1924 "Even-13-H";
1973 77 1 1925 "Odd-13-H";
1974 78 0 1926 "Even-12-H";
1975 79 1 1927 "Odd-12-H";
1976 80 0 1928 "Even-11-H";
1977 81 1 1929 "Odd-11-H";
1978 82 0 1930 "Even-10-H";
1979 83 1 1931 "Odd-10-H";
1980 84 0 1932 "Even-9-H";
1981 85 1 1933 "Odd-9-H";
1982 86 0 1934 "Even-8-H";
1983 87 1 1935 "Odd-8-H";
1984 88 0 1936 "Even-7-H";
1985 89 1 1937 "Odd-7-H";
1986 90 0 1938 "Even-6-H";
1987 91 1 1939 "Odd-6-H";
1988 92 0 1940 "Even-5-H";
1989 93 1 1941 "Odd-5-H";
1990 94 0 1942 "Even-4-H";
1991 95 1 1943 "Odd-4-H";
1992 96 0 1944 "Even-3-H";
1993 97 1 1945 "Odd-3-H";
1994 98 0 1946 "Even-2-H";
1995 99 1 1947 "Odd-2-H";
1996 100 0 1948 "Even-1-H";
1997 101 1 1949 "Odd-1-H";
1998 102 0 1900 "Even-0-H";
1999 103 1 1901 "Odd-0-H";
