parity 2850;
0 0 0 14,2750 "Odd-21-B-19";
1 0 1 15,58 "Odd-22-S-3";
2 0 0 1,2784 "Odd-22-B-2";
3 0 0 1,2785 "Odd-22-A-2";
4 0 1 3,2 "Odd-22-S-2";
5 0 0 4,2786 "Odd-22-B-1";
6 0 0 4,2787 "Odd-22-A-1";
7 0 1 6,5 "Odd-22-S-1";
8 0 0 7,2788 "Odd-22-B-0";
9 0 0 7,2789 "Odd-22-A-0";
10 0 1 9,8 "Odd-22-S-0";
11 0 1 2081,2746,2744,2742,2740,2738,2736,2734,2732,2730 "Odd-21-Z";
12 0 0 11,2748 "Odd-21-B-20";
13 0 0 11,2749 "Odd-21-A-20";
14 0 1 13,12 "Odd-21-S-20";
15 0 0 57,2783 "Odd-22-A-3";
16 0 0 14,2751 "Odd-21-A-19";
17 0 1 16,0 "Odd-21-S-19";
18 0 0 17,2752 "Odd-21-B-18";
19 0 0 17,2753 "Odd-21-A-18";
20 0 1 19,18 "Odd-21-S-18";
21 0 0 20,2754 "Odd-21-B-17";
22 0 0 20,2755 "Odd-21-A-17";
23 0 1 22,21 "Odd-21-S-17";
24 0 0 23,2756 "Odd-21-B-16";
25 0 0 23,2757 "Odd-21-A-16";
26 0 1 25,24 "Odd-21-S-16";
27 0 0 26,2758 "Odd-21-B-15";
28 0 0 26,2759 "Odd-21-A-15";
29 0 1 28,27 "Odd-21-S-15";
30 0 1 44,43 "Odd-22-S-8";
31 0 0 103,2764 "Odd-22-B-12";
32 0 0 103,2765 "Odd-22-A-12";
33 0 1 32,31 "Odd-22-S-12";
34 0 0 33,2766 "Odd-22-B-11";
35 0 0 33,2767 "Odd-22-A-11";
36 0 1 35,34 "Odd-22-S-11";
37 0 0 36,2768 "Odd-22-B-10";
38 0 0 36,2769 "Odd-22-A-10";
39 0 1 38,37 "Odd-22-S-10";
40 0 0 39,2770 "Odd-22-B-9";
41 0 0 39,2771 "Odd-22-A-9";
42 0 1 41,40 "Odd-22-S-9";
43 0 0 42,2772 "Odd-22-B-8";
44 0 0 42,2773 "Odd-22-A-8";
45 0 0 29,2760 "Odd-21-B-14";
46 0 0 30,2774 "Odd-22-B-7";
47 0 0 30,2775 "Odd-22-A-7";
48 0 1 47,46 "Odd-22-S-7";
49 0 0 48,2776 "Odd-22-B-6";
50 0 0 48,2777 "Odd-22-A-6";
51 0 1 50,49 "Odd-22-S-6";
52 0 0 51,2778 "Odd-22-B-5";
53 0 0 51,2779 "Odd-22-A-5";
54 0 1 53,52 "Odd-22-S-5";
55 0 0 54,2780 "Odd-22-B-4";
56 0 0 54,2781 "Odd-22-A-4";
57 0 1 56,55 "Odd-22-S-4";
58 0 0 57,2782 "Odd-22-B-3";
59 0 1 73,72 "Odd-21-S-0";
60 0 0 74,2780 "Odd-21-B-4";
61 0 0 74,2781 "Odd-21-A-4";
62 0 1 61,60 "Odd-21-S-4";
63 0 0 62,2782 "Odd-21-B-3";
64 0 0 62,2783 "Odd-21-A-3";
65 0 1 64,63 "Odd-21-S-3";
66 0 0 65,2784 "Odd-21-B-2";
67 0 0 65,2785 "Odd-21-A-2";
68 0 1 67,66 "Odd-21-S-2";
69 0 0 68,2786 "Odd-21-B-1";
70 0 0 68,2787 "Odd-21-A-1";
71 0 1 70,69 "Odd-21-S-1";
72 0 0 71,2788 "Odd-21-B-0";
73 0 0 71,2789 "Odd-21-A-0";
74 0 1 116,115 "Odd-21-S-5";
75 0 1 2005,2748,2746,2744,2742,2740,2738,2736,2734,2732,2730 "Odd-20-Z";
76 0 0 75,2750 "Odd-20-B-19";
77 0 1 917,76 "Odd-20-S-19";
78 0 0 77,2752 "Odd-20-B-18";
79 0 0 77,2753 "Odd-20-A-18";
80 0 1 79,78 "Odd-20-S-18";
81 0 0 80,2754 "Odd-20-B-17";
82 0 0 80,2755 "Odd-20-A-17";
83 0 1 82,81 "Odd-20-S-17";
84 0 0 83,2756 "Odd-20-B-16";
85 0 0 83,2757 "Odd-20-A-16";
86 0 1 85,84 "Odd-20-S-16";
87 0 0 86,2758 "Odd-20-B-15";
88 0 0 102,2770 "Odd-21-B-9";
89 0 0 29,2761 "Odd-21-A-14";
90 0 1 89,45 "Odd-21-S-14";
91 0 0 90,2762 "Odd-21-B-13";
92 0 0 90,2763 "Odd-21-A-13";
93 0 1 92,91 "Odd-21-S-13";
94 0 0 93,2764 "Odd-21-B-12";
95 0 0 93,2765 "Odd-21-A-12";
96 0 1 95,94 "Odd-21-S-12";
97 0 0 96,2766 "Odd-21-B-11";
98 0 0 96,2767 "Odd-21-A-11";
99 0 1 98,97 "Odd-21-S-11";
100 0 0 99,2768 "Odd-21-B-10";
101 0 0 99,2769 "Odd-21-A-10";
102 0 1 101,100 "Odd-21-S-10";
103 0 1 203,202 "Odd-22-S-13";
104 0 0 102,2771 "Odd-21-A-9";
105 0 1 104,88 "Odd-21-S-9";
106 0 0 105,2772 "Odd-21-B-8";
107 0 0 105,2773 "Odd-21-A-8";
108 0 1 107,106 "Odd-21-S-8";
109 0 0 108,2774 "Odd-21-B-7";
110 0 0 108,2775 "Odd-21-A-7";
111 0 1 110,109 "Odd-21-S-7";
112 0 0 111,2776 "Odd-21-B-6";
113 0 0 111,2777 "Odd-21-A-6";
114 0 1 113,112 "Odd-21-S-6";
115 0 0 114,2778 "Odd-21-B-5";
116 0 0 114,2779 "Odd-21-A-5";
117 0 0 131,2760 "Odd-23-B-14";
118 0 0 174,2751 "Odd-23-A-19";
119 0 1 118,132 "Odd-23-S-19";
120 0 0 119,2752 "Odd-23-B-18";
121 0 0 119,2753 "Odd-23-A-18";
122 0 1 121,120 "Odd-23-S-18";
123 0 0 122,2754 "Odd-23-B-17";
124 0 0 122,2755 "Odd-23-A-17";
125 0 1 124,123 "Odd-23-S-17";
126 0 0 125,2756 "Odd-23-B-16";
127 0 0 125,2757 "Odd-23-A-16";
128 0 1 127,126 "Odd-23-S-16";
129 0 0 128,2758 "Odd-23-B-15";
130 0 0 128,2759 "Odd-23-A-15";
131 0 1 130,129 "Odd-23-S-15";
132 0 0 174,2750 "Odd-23-B-19";
133 0 0 131,2761 "Odd-23-A-14";
134 0 1 133,117 "Odd-23-S-14";
135 0 0 134,2762 "Odd-23-B-13";
136 0 0 134,2763 "Odd-23-A-13";
137 0 1 136,135 "Odd-23-S-13";
138 0 0 137,2764 "Odd-23-B-12";
139 0 0 137,2765 "Odd-23-A-12";
140 0 1 139,138 "Odd-23-S-12";
141 0 0 140,2766 "Odd-23-B-11";
142 0 0 140,2767 "Odd-23-A-11";
143 0 1 142,141 "Odd-23-S-11";
144 0 0 143,2768 "Odd-23-B-10";
145 0 0 143,2769 "Odd-23-A-10";
146 0 1 160,159 "Odd-24-S-1";
147 0 0 452,2778 "Odd-24-B-5";
148 0 0 452,2779 "Odd-24-A-5";
149 0 1 148,147 "Odd-24-S-5";
150 0 0 149,2780 "Odd-24-B-4";
151 0 0 149,2781 "Odd-24-A-4";
152 0 1 151,150 "Odd-24-S-4";
153 0 0 152,2782 "Odd-24-B-3";
154 0 0 152,2783 "Odd-24-A-3";
155 0 1 154,153 "Odd-24-S-3";
156 0 0 155,2784 "Odd-24-B-2";
157 0 0 155,2785 "Odd-24-A-2";
158 0 1 157,156 "Odd-24-S-2";
159 0 0 158,2786 "Odd-24-B-1";
160 0 0 158,2787 "Odd-24-A-1";
161 0 1 145,144 "Odd-23-S-10";
162 0 0 146,2788 "Odd-24-B-0";
163 0 0 146,2789 "Odd-24-A-0";
164 0 1 163,162 "Odd-24-S-0";
165 0 1 2370,2742,2740,2738,2736,2734,2732,2730 "Odd-23-Z";
166 0 0 165,2744 "Odd-23-B-22";
167 0 0 165,2745 "Odd-23-A-22";
168 0 1 167,166 "Odd-23-S-22";
169 0 0 168,2746 "Odd-23-B-21";
170 0 0 168,2747 "Odd-23-A-21";
171 0 1 170,169 "Odd-23-S-21";
172 0 0 171,2748 "Odd-23-B-20";
173 0 0 171,2749 "Odd-23-A-20";
174 0 1 173,172 "Odd-23-S-20";
175 0 0 189,2754 "Odd-22-B-17";
176 0 1 190,232 "Odd-23-S-0";
177 0 1 2672,2744,2742,2740,2738,2736,2734,2732,2730 "Odd-22-Z";
178 0 0 177,2746 "Odd-22-B-21";
179 0 0 177,2747 "Odd-22-A-21";
180 0 1 179,178 "Odd-22-S-21";
181 0 0 180,2748 "Odd-22-B-20";
182 0 0 180,2749 "Odd-22-A-20";
183 0 1 182,181 "Odd-22-S-20";
184 0 0 183,2750 "Odd-22-B-19";
185 0 0 183,2751 "Odd-22-A-19";
186 0 1 185,184 "Odd-22-S-19";
187 0 0 186,2752 "Odd-22-B-18";
188 0 0 186,2753 "Odd-22-A-18";
189 0 1 188,187 "Odd-22-S-18";
190 0 0 231,2789 "Odd-23-A-0";
191 0 0 189,2755 "Odd-22-A-17";
192 0 1 191,175 "Odd-22-S-17";
193 0 0 192,2756 "Odd-22-B-16";
194 0 0 192,2757 "Odd-22-A-16";
195 0 1 194,193 "Odd-22-S-16";
196 0 0 195,2758 "Odd-22-B-15";
197 0 0 195,2759 "Odd-22-A-15";
198 0 1 197,196 "Odd-22-S-15";
199 0 0 198,2760 "Odd-22-B-14";
200 0 0 198,2761 "Odd-22-A-14";
201 0 1 200,199 "Odd-22-S-14";
202 0 0 201,2762 "Odd-22-B-13";
203 0 0 201,2763 "Odd-22-A-13";
204 0 1 218,217 "Odd-23-S-5";
205 0 0 161,2770 "Odd-23-B-9";
206 0 0 161,2771 "Odd-23-A-9";
207 0 1 206,205 "Odd-23-S-9";
208 0 0 207,2772 "Odd-23-B-8";
209 0 0 207,2773 "Odd-23-A-8";
210 0 1 209,208 "Odd-23-S-8";
211 0 0 210,2774 "Odd-23-B-7";
212 0 0 210,2775 "Odd-23-A-7";
213 0 1 212,211 "Odd-23-S-7";
214 0 0 213,2776 "Odd-23-B-6";
215 0 0 213,2777 "Odd-23-A-6";
216 0 1 215,214 "Odd-23-S-6";
217 0 0 216,2778 "Odd-23-B-5";
218 0 0 216,2779 "Odd-23-A-5";
219 0 0 86,2759 "Odd-20-A-15";
220 0 0 204,2780 "Odd-23-B-4";
221 0 0 204,2781 "Odd-23-A-4";
222 0 1 221,220 "Odd-23-S-4";
223 0 0 222,2782 "Odd-23-B-3";
224 0 0 222,2783 "Odd-23-A-3";
225 0 1 224,223 "Odd-23-S-3";
226 0 0 225,2784 "Odd-23-B-2";
227 0 0 225,2785 "Odd-23-A-2";
228 0 1 227,226 "Odd-23-S-2";
229 0 0 228,2786 "Odd-23-B-1";
230 0 0 228,2787 "Odd-23-A-1";
231 0 1 230,229 "Odd-23-S-1";
232 0 0 231,2788 "Odd-23-B-0";
233 0 1 2092,2754,2752,2750,2748,2746,2744,2742,2740,2738,2736,2734,2732,2730 "Odd-17-Z";
234 0 0 291,2781 "Odd-18-A-4";
235 0 1 234,248 "Odd-18-S-4";
236 0 0 235,2782 "Odd-18-B-3";
237 0 0 235,2783 "Odd-18-A-3";
238 0 1 237,236 "Odd-18-S-3";
239 0 0 238,2784 "Odd-18-B-2";
240 0 0 238,2785 "Odd-18-A-2";
241 0 1 240,239 "Odd-18-S-2";
242 0 0 241,2786 "Odd-18-B-1";
243 0 0 241,2787 "Odd-18-A-1";
244 0 1 243,242 "Odd-18-S-1";
245 0 0 244,2788 "Odd-18-B-0";
246 0 0 244,2789 "Odd-18-A-0";
247 0 1 246,245 "Odd-18-S-0";
248 0 0 291,2780 "Odd-18-B-4";
249 0 0 233,2756 "Odd-17-B-16";
250 0 0 233,2757 "Odd-17-A-16";
251 0 1 250,249 "Odd-17-S-16";
252 0 0 251,2758 "Odd-17-B-15";
253 0 0 251,2759 "Odd-17-A-15";
254 0 1 253,252 "Odd-17-S-15";
255 0 0 254,2760 "Odd-17-B-14";
256 0 0 254,2761 "Odd-17-A-14";
257 0 1 256,255 "Odd-17-S-14";
258 0 0 257,2762 "Odd-17-B-13";
259 0 0 257,2763 "Odd-17-A-13";
260 0 1 259,258 "Odd-17-S-13";
261 0 0 260,2764 "Odd-17-B-12";
262 0 0 260,2765 "Odd-17-A-12";
263 0 0 276,2771 "Odd-18-A-9";
264 0 1 336,436 "Odd-18-S-14";
265 0 0 264,2762 "Odd-18-B-13";
266 0 0 264,2763 "Odd-18-A-13";
267 0 1 266,265 "Odd-18-S-13";
268 0 0 267,2764 "Odd-18-B-12";
269 0 0 267,2765 "Odd-18-A-12";
270 0 1 269,268 "Odd-18-S-12";
271 0 0 270,2766 "Odd-18-B-11";
272 0 0 270,2767 "Odd-18-A-11";
273 0 1 272,271 "Odd-18-S-11";
274 0 0 273,2768 "Odd-18-B-10";
275 0 0 273,2769 "Odd-18-A-10";
276 0 1 275,274 "Odd-18-S-10";
277 0 0 276,2770 "Odd-18-B-9";
278 0 1 262,261 "Odd-17-S-12";
279 0 1 263,277 "Odd-18-S-9";
280 0 0 279,2772 "Odd-18-B-8";
281 0 0 279,2773 "Odd-18-A-8";
282 0 1 281,280 "Odd-18-S-8";
283 0 0 282,2774 "Odd-18-B-7";
284 0 0 282,2775 "Odd-18-A-7";
285 0 1 284,283 "Odd-18-S-7";
286 0 0 285,2776 "Odd-18-B-6";
287 0 0 285,2777 "Odd-18-A-6";
288 0 1 287,286 "Odd-18-S-6";
289 0 0 288,2778 "Odd-18-B-5";
290 0 0 288,2779 "Odd-18-A-5";
291 0 1 290,289 "Odd-18-S-5";
292 0 0 306,2762 "Odd-16-B-13";
293 0 1 307,349 "Odd-17-S-2";
294 0 0 293,2786 "Odd-17-B-1";
295 0 0 293,2787 "Odd-17-A-1";
296 0 1 295,294 "Odd-17-S-1";
297 0 0 296,2788 "Odd-17-B-0";
298 0 0 296,2789 "Odd-17-A-0";
299 0 1 298,297 "Odd-17-S-0";
300 0 1 2094,2756,2754,2752,2750,2748,2746,2744,2742,2740,2738,2736,2734,2732,2730 "Odd-16-Z";
301 0 0 300,2758 "Odd-16-B-15";
302 0 0 300,2759 "Odd-16-A-15";
303 0 1 302,301 "Odd-16-S-15";
304 0 0 303,2760 "Odd-16-B-14";
305 0 0 303,2761 "Odd-16-A-14";
306 0 1 305,304 "Odd-16-S-14";
307 0 0 348,2785 "Odd-17-A-2";
308 0 0 306,2763 "Odd-16-A-13";
309 0 1 308,292 "Odd-16-S-13";
310 0 0 309,2764 "Odd-16-B-12";
311 0 0 309,2765 "Odd-16-A-12";
312 0 1 311,310 "Odd-16-S-12";
313 0 0 312,2766 "Odd-16-B-11";
314 0 0 312,2767 "Odd-16-A-11";
315 0 1 314,313 "Odd-16-S-11";
316 0 0 315,2768 "Odd-16-B-10";
317 0 0 315,2769 "Odd-16-A-10";
318 0 1 317,316 "Odd-16-S-10";
319 0 0 318,2770 "Odd-16-B-9";
320 0 0 318,2771 "Odd-16-A-9";
321 0 1 335,334 "Odd-17-S-7";
322 0 0 278,2766 "Odd-17-B-11";
323 0 0 278,2767 "Odd-17-A-11";
324 0 1 323,322 "Odd-17-S-11";
325 0 0 324,2768 "Odd-17-B-10";
326 0 0 324,2769 "Odd-17-A-10";
327 0 1 326,325 "Odd-17-S-10";
328 0 0 327,2770 "Odd-17-B-9";
329 0 0 327,2771 "Odd-17-A-9";
330 0 1 329,328 "Odd-17-S-9";
331 0 0 330,2772 "Odd-17-B-8";
332 0 0 330,2773 "Odd-17-A-8";
333 0 1 332,331 "Odd-17-S-8";
334 0 0 333,2774 "Odd-17-B-7";
335 0 0 333,2775 "Odd-17-A-7";
336 0 0 435,2761 "Odd-18-A-14";
337 0 0 321,2776 "Odd-17-B-6";
338 0 0 321,2777 "Odd-17-A-6";
339 0 1 338,337 "Odd-17-S-6";
340 0 0 339,2778 "Odd-17-B-5";
341 0 0 339,2779 "Odd-17-A-5";
342 0 1 341,340 "Odd-17-S-5";
343 0 0 342,2780 "Odd-17-B-4";
344 0 0 342,2781 "Odd-17-A-4";
345 0 1 344,343 "Odd-17-S-4";
346 0 0 345,2782 "Odd-17-B-3";
347 0 0 345,2783 "Odd-17-A-3";
348 0 1 347,346 "Odd-17-S-3";
349 0 0 348,2784 "Odd-17-B-2";
350 0 0 364,2788 "Odd-20-B-0";
351 0 0 407,2779 "Odd-20-A-5";
352 0 1 351,365 "Odd-20-S-5";
353 0 0 352,2780 "Odd-20-B-4";
354 0 0 352,2781 "Odd-20-A-4";
355 0 1 354,353 "Odd-20-S-4";
356 0 0 355,2782 "Odd-20-B-3";
357 0 0 355,2783 "Odd-20-A-3";
358 0 1 357,356 "Odd-20-S-3";
359 0 0 358,2784 "Odd-20-B-2";
360 0 0 358,2785 "Odd-20-A-2";
361 0 1 360,359 "Odd-20-S-2";
362 0 0 361,2786 "Odd-20-B-1";
363 0 0 361,2787 "Odd-20-A-1";
364 0 1 363,362 "Odd-20-S-1";
365 0 0 407,2778 "Odd-20-B-5";
366 0 0 364,2789 "Odd-20-A-0";
367 0 1 366,350 "Odd-20-S-0";
368 0 1 2317,2750,2748,2746,2744,2742,2740,2738,2736,2734,2732,2730 "Odd-19-Z";
369 0 0 368,2752 "Odd-19-B-18";
370 0 0 368,2753 "Odd-19-A-18";
371 0 1 370,369 "Odd-19-S-18";
372 0 0 371,2754 "Odd-19-B-17";
373 0 0 371,2755 "Odd-19-A-17";
374 0 1 373,372 "Odd-19-S-17";
375 0 0 374,2756 "Odd-19-B-16";
376 0 0 374,2757 "Odd-19-A-16";
377 0 1 376,375 "Odd-19-S-16";
378 0 0 377,2758 "Odd-19-B-15";
379 0 0 392,2769 "Odd-20-A-10";
380 0 1 219,87 "Odd-20-S-15";
381 0 0 380,2760 "Odd-20-B-14";
382 0 0 380,2761 "Odd-20-A-14";
383 0 1 382,381 "Odd-20-S-14";
384 0 0 383,2762 "Odd-20-B-13";
385 0 0 383,2763 "Odd-20-A-13";
386 0 1 385,384 "Odd-20-S-13";
387 0 0 386,2764 "Odd-20-B-12";
388 0 0 386,2765 "Odd-20-A-12";
389 0 1 388,387 "Odd-20-S-12";
390 0 0 389,2766 "Odd-20-B-11";
391 0 0 389,2767 "Odd-20-A-11";
392 0 1 391,390 "Odd-20-S-11";
393 0 0 392,2768 "Odd-20-B-10";
394 0 0 377,2759 "Odd-19-A-15";
395 0 1 379,393 "Odd-20-S-10";
396 0 0 395,2770 "Odd-20-B-9";
397 0 0 395,2771 "Odd-20-A-9";
398 0 1 397,396 "Odd-20-S-9";
399 0 0 398,2772 "Odd-20-B-8";
400 0 0 398,2773 "Odd-20-A-8";
401 0 1 400,399 "Odd-20-S-8";
402 0 0 401,2774 "Odd-20-B-7";
403 0 0 401,2775 "Odd-20-A-7";
404 0 1 403,402 "Odd-20-S-7";
405 0 0 404,2776 "Odd-20-B-6";
406 0 0 404,2777 "Odd-20-A-6";
407 0 1 406,405 "Odd-20-S-6";
408 0 0 422,2788 "Odd-19-B-0";
409 0 0 465,2779 "Odd-19-A-5";
410 0 1 409,423 "Odd-19-S-5";
411 0 0 410,2780 "Odd-19-B-4";
412 0 0 410,2781 "Odd-19-A-4";
413 0 1 412,411 "Odd-19-S-4";
414 0 0 413,2782 "Odd-19-B-3";
415 0 0 413,2783 "Odd-19-A-3";
416 0 1 415,414 "Odd-19-S-3";
417 0 0 416,2784 "Odd-19-B-2";
418 0 0 416,2785 "Odd-19-A-2";
419 0 1 418,417 "Odd-19-S-2";
420 0 0 419,2786 "Odd-19-B-1";
421 0 0 419,2787 "Odd-19-A-1";
422 0 1 421,420 "Odd-19-S-1";
423 0 0 465,2778 "Odd-19-B-5";
424 0 0 422,2789 "Odd-19-A-0";
425 0 1 424,408 "Odd-19-S-0";
426 0 1 2171,2752,2750,2748,2746,2744,2742,2740,2738,2736,2734,2732,2730 "Odd-18-Z";
427 0 0 426,2754 "Odd-18-B-17";
428 0 0 426,2755 "Odd-18-A-17";
429 0 1 428,427 "Odd-18-S-17";
430 0 0 429,2756 "Odd-18-B-16";
431 0 0 429,2757 "Odd-18-A-16";
432 0 1 431,430 "Odd-18-S-16";
433 0 0 432,2758 "Odd-18-B-15";
434 0 0 432,2759 "Odd-18-A-15";
435 0 1 434,433 "Odd-18-S-15";
436 0 0 435,2760 "Odd-18-B-14";
437 0 0 450,2769 "Odd-19-A-10";
438 0 1 394,378 "Odd-19-S-15";
439 0 0 438,2760 "Odd-19-B-14";
440 0 0 438,2761 "Odd-19-A-14";
441 0 1 440,439 "Odd-19-S-14";
442 0 0 441,2762 "Odd-19-B-13";
443 0 0 441,2763 "Odd-19-A-13";
444 0 1 443,442 "Odd-19-S-13";
445 0 0 444,2764 "Odd-19-B-12";
446 0 0 444,2765 "Odd-19-A-12";
447 0 1 446,445 "Odd-19-S-12";
448 0 0 447,2766 "Odd-19-B-11";
449 0 0 447,2767 "Odd-19-A-11";
450 0 1 449,448 "Odd-19-S-11";
451 0 0 450,2768 "Odd-19-B-10";
452 0 1 785,784 "Odd-24-S-6";
453 0 1 437,451 "Odd-19-S-10";
454 0 0 453,2770 "Odd-19-B-9";
455 0 0 453,2771 "Odd-19-A-9";
456 0 1 455,454 "Odd-19-S-9";
457 0 0 456,2772 "Odd-19-B-8";
458 0 0 456,2773 "Odd-19-A-8";
459 0 1 458,457 "Odd-19-S-8";
460 0 0 459,2774 "Odd-19-B-7";
461 0 0 459,2775 "Odd-19-A-7";
462 0 1 461,460 "Odd-19-S-7";
463 0 0 462,2776 "Odd-19-B-6";
464 0 0 462,2777 "Odd-19-A-6";
465 0 1 464,463 "Odd-19-S-6";
466 0 0 479,2781 "Odd-28-A-4";
467 0 1 481,524 "Odd-28-S-9";
468 0 0 467,2772 "Odd-28-B-8";
469 0 0 467,2773 "Odd-28-A-8";
470 0 1 469,468 "Odd-28-S-8";
471 0 0 470,2774 "Odd-28-B-7";
472 0 0 470,2775 "Odd-28-A-7";
473 0 1 472,471 "Odd-28-S-7";
474 0 0 473,2776 "Odd-28-B-6";
475 0 0 473,2777 "Odd-28-A-6";
476 0 1 475,474 "Odd-28-S-6";
477 0 0 476,2778 "Odd-28-B-5";
478 0 0 476,2779 "Odd-28-A-5";
479 0 1 478,477 "Odd-28-S-5";
480 0 0 479,2780 "Odd-28-B-4";
481 0 0 523,2771 "Odd-28-A-9";
482 0 1 466,480 "Odd-28-S-4";
483 0 0 482,2782 "Odd-28-B-3";
484 0 0 482,2783 "Odd-28-A-3";
485 0 1 484,483 "Odd-28-S-3";
486 0 0 485,2784 "Odd-28-B-2";
487 0 0 485,2785 "Odd-28-A-2";
488 0 1 487,486 "Odd-28-S-2";
489 0 0 488,2786 "Odd-28-B-1";
490 0 0 488,2787 "Odd-28-A-1";
491 0 1 490,489 "Odd-28-S-1";
492 0 0 491,2788 "Odd-28-B-0";
493 0 0 491,2789 "Odd-28-A-0";
494 0 1 493,492 "Odd-28-S-0";
495 0 1 1805,2734,2732,2730 "Odd-27-Z";
496 0 1 510,509 "Odd-28-S-14";
497 0 0 569,2752 "Odd-28-B-18";
498 0 0 569,2753 "Odd-28-A-18";
499 0 1 498,497 "Odd-28-S-18";
500 0 0 499,2754 "Odd-28-B-17";
501 0 0 499,2755 "Odd-28-A-17";
502 0 1 501,500 "Odd-28-S-17";
503 0 0 502,2756 "Odd-28-B-16";
504 0 0 502,2757 "Odd-28-A-16";
505 0 1 504,503 "Odd-28-S-16";
506 0 0 505,2758 "Odd-28-B-15";
507 0 0 505,2759 "Odd-28-A-15";
508 0 1 507,506 "Odd-28-S-15";
509 0 0 508,2760 "Odd-28-B-14";
510 0 0 508,2761 "Odd-28-A-14";
511 0 0 495,2736 "Odd-27-B-26";
512 0 0 496,2762 "Odd-28-B-13";
513 0 0 496,2763 "Odd-28-A-13";
514 0 1 513,512 "Odd-28-S-13";
515 0 0 514,2764 "Odd-28-B-12";
516 0 0 514,2765 "Odd-28-A-12";
517 0 1 516,515 "Odd-28-S-12";
518 0 0 517,2766 "Odd-28-B-11";
519 0 0 517,2767 "Odd-28-A-11";
520 0 1 519,518 "Odd-28-S-11";
521 0 0 520,2768 "Odd-28-B-10";
522 0 0 520,2769 "Odd-28-A-10";
523 0 1 522,521 "Odd-28-S-10";
524 0 0 523,2770 "Odd-28-B-9";
525 0 1 539,538 "Odd-27-S-12";
526 0 0 540,2756 "Odd-27-B-16";
527 0 0 540,2757 "Odd-27-A-16";
528 0 1 527,526 "Odd-27-S-16";
529 0 0 528,2758 "Odd-27-B-15";
530 0 0 528,2759 "Odd-27-A-15";
531 0 1 530,529 "Odd-27-S-15";
532 0 0 531,2760 "Odd-27-B-14";
533 0 0 531,2761 "Odd-27-A-14";
534 0 1 533,532 "Odd-27-S-14";
535 0 0 534,2762 "Odd-27-B-13";
536 0 0 534,2763 "Odd-27-A-13";
537 0 1 536,535 "Odd-27-S-13";
538 0 0 537,2764 "Odd-27-B-12";
539 0 0 537,2765 "Odd-27-A-12";
540 0 1 582,581 "Odd-27-S-17";
541 0 0 525,2766 "Odd-27-B-11";
542 0 0 525,2767 "Odd-27-A-11";
543 0 1 542,541 "Odd-27-S-11";
544 0 0 543,2768 "Odd-27-B-10";
545 0 0 543,2769 "Odd-27-A-10";
546 0 1 545,544 "Odd-27-S-10";
547 0 0 546,2770 "Odd-27-B-9";
548 0 0 546,2771 "Odd-27-A-9";
549 0 1 548,547 "Odd-27-S-9";
550 0 0 549,2772 "Odd-27-B-8";
551 0 0 549,2773 "Odd-27-A-8";
552 0 1 551,550 "Odd-27-S-8";
553 0 0 552,2774 "Odd-27-B-7";
554 0 0 568,2746 "Odd-27-B-21";
555 0 0 495,2737 "Odd-27-A-26";
556 0 1 555,511 "Odd-27-S-26";
557 0 0 556,2738 "Odd-27-B-25";
558 0 0 556,2739 "Odd-27-A-25";
559 0 1 558,557 "Odd-27-S-25";
560 0 0 559,2740 "Odd-27-B-24";
561 0 0 559,2741 "Odd-27-A-24";
562 0 1 561,560 "Odd-27-S-24";
563 0 0 562,2742 "Odd-27-B-23";
564 0 0 562,2743 "Odd-27-A-23";
565 0 1 564,563 "Odd-27-S-23";
566 0 0 565,2744 "Odd-27-B-22";
567 0 0 565,2745 "Odd-27-A-22";
568 0 1 567,566 "Odd-27-S-22";
569 0 1 669,668 "Odd-28-S-19";
570 0 0 568,2747 "Odd-27-A-21";
571 0 1 570,554 "Odd-27-S-21";
572 0 0 571,2748 "Odd-27-B-20";
573 0 0 571,2749 "Odd-27-A-20";
574 0 1 573,572 "Odd-27-S-20";
575 0 0 574,2750 "Odd-27-B-19";
576 0 0 574,2751 "Odd-27-A-19";
577 0 1 576,575 "Odd-27-S-19";
578 0 0 577,2752 "Odd-27-B-18";
579 0 0 577,2753 "Odd-27-A-18";
580 0 1 579,578 "Odd-27-S-18";
581 0 0 580,2754 "Odd-27-B-17";
582 0 0 580,2755 "Odd-27-A-17";
583 0 0 597,2760 "Odd-29-B-14";
584 0 0 640,2751 "Odd-29-A-19";
585 0 1 584,598 "Odd-29-S-19";
586 0 0 585,2752 "Odd-29-B-18";
587 0 0 585,2753 "Odd-29-A-18";
588 0 1 587,586 "Odd-29-S-18";
589 0 0 588,2754 "Odd-29-B-17";
590 0 0 588,2755 "Odd-29-A-17";
591 0 1 590,589 "Odd-29-S-17";
592 0 0 591,2756 "Odd-29-B-16";
593 0 0 591,2757 "Odd-29-A-16";
594 0 1 593,592 "Odd-29-S-16";
595 0 0 594,2758 "Odd-29-B-15";
596 0 0 594,2759 "Odd-29-A-15";
597 0 1 596,595 "Odd-29-S-15";
598 0 0 640,2750 "Odd-29-B-19";
599 0 0 597,2761 "Odd-29-A-14";
600 0 1 599,583 "Odd-29-S-14";
601 0 0 600,2762 "Odd-29-B-13";
602 0 0 600,2763 "Odd-29-A-13";
603 0 1 602,601 "Odd-29-S-13";
604 0 0 603,2764 "Odd-29-B-12";
605 0 0 603,2765 "Odd-29-A-12";
606 0 1 605,604 "Odd-29-S-12";
607 0 0 606,2766 "Odd-29-B-11";
608 0 0 606,2767 "Odd-29-A-11";
609 0 1 608,607 "Odd-29-S-11";
610 0 0 609,2768 "Odd-29-B-10";
611 0 0 609,2769 "Odd-29-A-10";
612 0 0 625,2741 "Odd-29-A-24";
613 0 1 1693,2730 "Odd-29-Z";
614 0 0 613,2732 "Odd-29-B-28";
615 0 0 613,2733 "Odd-29-A-28";
616 0 1 615,614 "Odd-29-S-28";
617 0 0 616,2734 "Odd-29-B-27";
618 0 0 616,2735 "Odd-29-A-27";
619 0 1 618,617 "Odd-29-S-27";
620 0 0 619,2736 "Odd-29-B-26";
621 0 0 619,2737 "Odd-29-A-26";
622 0 1 621,620 "Odd-29-S-26";
623 0 0 622,2738 "Odd-29-B-25";
624 0 0 622,2739 "Odd-29-A-25";
625 0 1 624,623 "Odd-29-S-25";
626 0 0 625,2740 "Odd-29-B-24";
627 0 1 611,610 "Odd-29-S-10";
628 0 1 612,626 "Odd-29-S-24";
629 0 0 628,2742 "Odd-29-B-23";
630 0 0 628,2743 "Odd-29-A-23";
631 0 1 630,629 "Odd-29-S-23";
632 0 0 631,2744 "Odd-29-B-22";
633 0 0 631,2745 "Odd-29-A-22";
634 0 1 633,632 "Odd-29-S-22";
635 0 0 634,2746 "Odd-29-B-21";
636 0 0 634,2747 "Odd-29-A-21";
637 0 1 636,635 "Odd-29-S-21";
638 0 0 637,2748 "Odd-29-B-20";
639 0 0 637,2749 "Odd-29-A-20";
640 0 1 639,638 "Odd-29-S-20";
641 0 0 655,2742 "Odd-28-B-23";
642 0 1 656,698 "Odd-29-S-0";
643 0 1 1675,2732,2730 "Odd-28-Z";
644 0 0 643,2734 "Odd-28-B-27";
645 0 0 643,2735 "Odd-28-A-27";
646 0 1 645,644 "Odd-28-S-27";
647 0 0 646,2736 "Odd-28-B-26";
648 0 0 646,2737 "Odd-28-A-26";
649 0 1 648,647 "Odd-28-S-26";
650 0 0 649,2738 "Odd-28-B-25";
651 0 0 649,2739 "Odd-28-A-25";
652 0 1 651,650 "Odd-28-S-25";
653 0 0 652,2740 "Odd-28-B-24";
654 0 0 652,2741 "Odd-28-A-24";
655 0 1 654,653 "Odd-28-S-24";
656 0 0 697,2789 "Odd-29-A-0";
657 0 0 655,2743 "Odd-28-A-23";
658 0 1 657,641 "Odd-28-S-23";
659 0 0 658,2744 "Odd-28-B-22";
660 0 0 658,2745 "Odd-28-A-22";
661 0 1 660,659 "Odd-28-S-22";
662 0 0 661,2746 "Odd-28-B-21";
663 0 0 661,2747 "Odd-28-A-21";
664 0 1 663,662 "Odd-28-S-21";
665 0 0 664,2748 "Odd-28-B-20";
666 0 0 664,2749 "Odd-28-A-20";
667 0 1 666,665 "Odd-28-S-20";
668 0 0 667,2750 "Odd-28-B-19";
669 0 0 667,2751 "Odd-28-A-19";
670 0 1 684,683 "Odd-29-S-5";
671 0 0 627,2770 "Odd-29-B-9";
672 0 0 627,2771 "Odd-29-A-9";
673 0 1 672,671 "Odd-29-S-9";
674 0 0 673,2772 "Odd-29-B-8";
675 0 0 673,2773 "Odd-29-A-8";
676 0 1 675,674 "Odd-29-S-8";
677 0 0 676,2774 "Odd-29-B-7";
678 0 0 676,2775 "Odd-29-A-7";
679 0 1 678,677 "Odd-29-S-7";
680 0 0 679,2776 "Odd-29-B-6";
681 0 0 679,2777 "Odd-29-A-6";
682 0 1 681,680 "Odd-29-S-6";
683 0 0 682,2778 "Odd-29-B-5";
684 0 0 682,2779 "Odd-29-A-5";
685 0 0 552,2775 "Odd-27-A-7";
686 0 0 670,2780 "Odd-29-B-4";
687 0 0 670,2781 "Odd-29-A-4";
688 0 1 687,686 "Odd-29-S-4";
689 0 0 688,2782 "Odd-29-B-3";
690 0 0 688,2783 "Odd-29-A-3";
691 0 1 690,689 "Odd-29-S-3";
692 0 0 691,2784 "Odd-29-B-2";
693 0 0 691,2785 "Odd-29-A-2";
694 0 1 693,692 "Odd-29-S-2";
695 0 0 694,2786 "Odd-29-B-1";
696 0 0 694,2787 "Odd-29-A-1";
697 0 1 696,695 "Odd-29-S-1";
698 0 0 697,2788 "Odd-29-B-0";
699 0 0 713,2778 "Odd-25-B-5";
700 0 0 756,2769 "Odd-25-A-10";
701 0 1 700,714 "Odd-25-S-10";
702 0 0 701,2770 "Odd-25-B-9";
703 0 0 701,2771 "Odd-25-A-9";
704 0 1 703,702 "Odd-25-S-9";
705 0 0 704,2772 "Odd-25-B-8";
706 0 0 704,2773 "Odd-25-A-8";
707 0 1 706,705 "Odd-25-S-8";
708 0 0 707,2774 "Odd-25-B-7";
709 0 0 707,2775 "Odd-25-A-7";
710 0 1 709,708 "Odd-25-S-7";
711 0 0 710,2776 "Odd-25-B-6";
712 0 0 710,2777 "Odd-25-A-6";
713 0 1 712,711 "Odd-25-S-6";
714 0 0 756,2768 "Odd-25-B-10";
715 0 0 713,2779 "Odd-25-A-5";
716 0 1 715,699 "Odd-25-S-5";
717 0 0 716,2780 "Odd-25-B-4";
718 0 0 716,2781 "Odd-25-A-4";
719 0 1 718,717 "Odd-25-S-4";
720 0 0 719,2782 "Odd-25-B-3";
721 0 0 719,2783 "Odd-25-A-3";
722 0 1 721,720 "Odd-25-S-3";
723 0 0 722,2784 "Odd-25-B-2";
724 0 0 722,2785 "Odd-25-A-2";
725 0 1 724,723 "Odd-25-S-2";
726 0 0 725,2786 "Odd-25-B-1";
727 0 0 725,2787 "Odd-25-A-1";
728 0 0 741,2759 "Odd-25-A-15";
729 0 1 801,901 "Odd-25-S-20";
730 0 0 729,2750 "Odd-25-B-19";
731 0 0 729,2751 "Odd-25-A-19";
732 0 1 731,730 "Odd-25-S-19";
733 0 0 732,2752 "Odd-25-B-18";
734 0 0 732,2753 "Odd-25-A-18";
735 0 1 734,733 "Odd-25-S-18";
736 0 0 735,2754 "Odd-25-B-17";
737 0 0 735,2755 "Odd-25-A-17";
738 0 1 737,736 "Odd-25-S-17";
739 0 0 738,2756 "Odd-25-B-16";
740 0 0 738,2757 "Odd-25-A-16";
741 0 1 740,739 "Odd-25-S-16";
742 0 0 741,2758 "Odd-25-B-15";
743 0 1 727,726 "Odd-25-S-1";
744 0 1 728,742 "Odd-25-S-15";
745 0 0 744,2760 "Odd-25-B-14";
746 0 0 744,2761 "Odd-25-A-14";
747 0 1 746,745 "Odd-25-S-14";
748 0 0 747,2762 "Odd-25-B-13";
749 0 0 747,2763 "Odd-25-A-13";
750 0 1 749,748 "Odd-25-S-13";
751 0 0 750,2764 "Odd-25-B-12";
752 0 0 750,2765 "Odd-25-A-12";
753 0 1 752,751 "Odd-25-S-12";
754 0 0 753,2766 "Odd-25-B-11";
755 0 0 753,2767 "Odd-25-A-11";
756 0 1 755,754 "Odd-25-S-11";
757 0 0 771,2768 "Odd-24-B-10";
758 0 0 814,2759 "Odd-24-A-15";
759 0 1 758,772 "Odd-24-S-15";
760 0 0 759,2760 "Odd-24-B-14";
761 0 0 759,2761 "Odd-24-A-14";
762 0 1 761,760 "Odd-24-S-14";
763 0 0 762,2762 "Odd-24-B-13";
764 0 0 762,2763 "Odd-24-A-13";
765 0 1 764,763 "Odd-24-S-13";
766 0 0 765,2764 "Odd-24-B-12";
767 0 0 765,2765 "Odd-24-A-12";
768 0 1 767,766 "Odd-24-S-12";
769 0 0 768,2766 "Odd-24-B-11";
770 0 0 768,2767 "Odd-24-A-11";
771 0 1 770,769 "Odd-24-S-11";
772 0 0 814,2758 "Odd-24-B-15";
773 0 0 771,2769 "Odd-24-A-10";
774 0 1 773,757 "Odd-24-S-10";
775 0 0 774,2770 "Odd-24-B-9";
776 0 0 774,2771 "Odd-24-A-9";
777 0 1 776,775 "Odd-24-S-9";
778 0 0 777,2772 "Odd-24-B-8";
779 0 0 777,2773 "Odd-24-A-8";
780 0 1 779,778 "Odd-24-S-8";
781 0 0 780,2774 "Odd-24-B-7";
782 0 0 780,2775 "Odd-24-A-7";
783 0 1 782,781 "Odd-24-S-7";
784 0 0 783,2776 "Odd-24-B-6";
785 0 0 783,2777 "Odd-24-A-6";
786 0 0 799,2749 "Odd-24-A-20";
787 0 0 743,2788 "Odd-25-B-0";
788 0 0 743,2789 "Odd-25-A-0";
789 0 1 788,787 "Odd-25-S-0";
790 0 1 2460,2740,2738,2736,2734,2732,2730 "Odd-24-Z";
791 0 0 790,2742 "Odd-24-B-23";
792 0 0 790,2743 "Odd-24-A-23";
793 0 1 792,791 "Odd-24-S-23";
794 0 0 793,2744 "Odd-24-B-22";
795 0 0 793,2745 "Odd-24-A-22";
796 0 1 795,794 "Odd-24-S-22";
797 0 0 796,2746 "Odd-24-B-21";
798 0 0 796,2747 "Odd-24-A-21";
799 0 1 798,797 "Odd-24-S-21";
800 0 0 799,2748 "Odd-24-B-20";
801 0 0 900,2749 "Odd-25-A-20";
802 0 1 786,800 "Odd-24-S-20";
803 0 0 802,2750 "Odd-24-B-19";
804 0 0 802,2751 "Odd-24-A-19";
805 0 1 804,803 "Odd-24-S-19";
806 0 0 805,2752 "Odd-24-B-18";
807 0 0 805,2753 "Odd-24-A-18";
808 0 1 807,806 "Odd-24-S-18";
809 0 0 808,2754 "Odd-24-B-17";
810 0 0 808,2755 "Odd-24-A-17";
811 0 1 810,809 "Odd-24-S-17";
812 0 0 811,2756 "Odd-24-B-16";
813 0 0 811,2757 "Odd-24-A-16";
814 0 1 813,812 "Odd-24-S-16";
815 0 1 829,828 "Odd-26-S-19";
816 0 0 830,2742 "Odd-26-B-23";
817 0 0 830,2743 "Odd-26-A-23";
818 0 1 817,816 "Odd-26-S-23";
819 0 0 818,2744 "Odd-26-B-22";
820 0 0 818,2745 "Odd-26-A-22";
821 0 1 820,819 "Odd-26-S-22";
822 0 0 821,2746 "Odd-26-B-21";
823 0 0 821,2747 "Odd-26-A-21";
824 0 1 823,822 "Odd-26-S-21";
825 0 0 824,2748 "Odd-26-B-20";
826 0 0 824,2749 "Odd-26-A-20";
827 0 1 826,825 "Odd-26-S-20";
828 0 0 827,2750 "Odd-26-B-19";
829 0 0 827,2751 "Odd-26-A-19";
830 0 1 872,871 "Odd-26-S-24";
831 0 0 815,2752 "Odd-26-B-18";
832 0 0 815,2753 "Odd-26-A-18";
833 0 1 832,831 "Odd-26-S-18";
834 0 0 833,2754 "Odd-26-B-17";
835 0 0 833,2755 "Odd-26-A-17";
836 0 1 835,834 "Odd-26-S-17";
837 0 0 836,2756 "Odd-26-B-16";
838 0 0 836,2757 "Odd-26-A-16";
839 0 1 838,837 "Odd-26-S-16";
840 0 0 839,2758 "Odd-26-B-15";
841 0 0 839,2759 "Odd-26-A-15";
842 0 1 841,840 "Odd-26-S-15";
843 0 0 842,2760 "Odd-26-B-14";
844 0 0 857,2785 "Odd-27-A-2";
845 0 1 685,553 "Odd-27-S-7";
846 0 0 845,2776 "Odd-27-B-6";
847 0 0 845,2777 "Odd-27-A-6";
848 0 1 847,846 "Odd-27-S-6";
849 0 0 848,2778 "Odd-27-B-5";
850 0 0 848,2779 "Odd-27-A-5";
851 0 1 850,849 "Odd-27-S-5";
852 0 0 851,2780 "Odd-27-B-4";
853 0 0 851,2781 "Odd-27-A-4";
854 0 1 853,852 "Odd-27-S-4";
855 0 0 854,2782 "Odd-27-B-3";
856 0 0 854,2783 "Odd-27-A-3";
857 0 1 856,855 "Odd-27-S-3";
858 0 0 857,2784 "Odd-27-B-2";
859 0 0 842,2761 "Odd-26-A-14";
860 0 1 844,858 "Odd-27-S-2";
861 0 0 860,2786 "Odd-27-B-1";
862 0 0 860,2787 "Odd-27-A-1";
863 0 1 862,861 "Odd-27-S-1";
864 0 0 863,2788 "Odd-27-B-0";
865 0 0 863,2789 "Odd-27-A-0";
866 0 1 865,864 "Odd-27-S-0";
867 0 1 1398,2736,2734,2732,2730 "Odd-26-Z";
868 0 0 867,2738 "Odd-26-B-25";
869 0 0 867,2739 "Odd-26-A-25";
870 0 1 869,868 "Odd-26-S-25";
871 0 0 870,2740 "Odd-26-B-24";
872 0 0 870,2741 "Odd-26-A-24";
873 0 1 1482,2738,2736,2734,2732,2730 "Odd-25-Z";
874 0 0 930,2781 "Odd-26-A-4";
875 0 1 874,888 "Odd-26-S-4";
876 0 0 875,2782 "Odd-26-B-3";
877 0 0 875,2783 "Odd-26-A-3";
878 0 1 877,876 "Odd-26-S-3";
879 0 0 878,2784 "Odd-26-B-2";
880 0 0 878,2785 "Odd-26-A-2";
881 0 1 880,879 "Odd-26-S-2";
882 0 0 881,2786 "Odd-26-B-1";
883 0 0 881,2787 "Odd-26-A-1";
884 0 1 883,882 "Odd-26-S-1";
885 0 0 884,2788 "Odd-26-B-0";
886 0 0 884,2789 "Odd-26-A-0";
887 0 1 886,885 "Odd-26-S-0";
888 0 0 930,2780 "Odd-26-B-4";
889 0 0 873,2740 "Odd-25-B-24";
890 0 0 873,2741 "Odd-25-A-24";
891 0 1 890,889 "Odd-25-S-24";
892 0 0 891,2742 "Odd-25-B-23";
893 0 0 891,2743 "Odd-25-A-23";
894 0 1 893,892 "Odd-25-S-23";
895 0 0 894,2744 "Odd-25-B-22";
896 0 0 894,2745 "Odd-25-A-22";
897 0 1 896,895 "Odd-25-S-22";
898 0 0 897,2746 "Odd-25-B-21";
899 0 0 897,2747 "Odd-25-A-21";
900 0 1 899,898 "Odd-25-S-21";
901 0 0 900,2748 "Odd-25-B-20";
902 0 0 915,2771 "Odd-26-A-9";
903 0 1 859,843 "Odd-26-S-14";
904 0 0 903,2762 "Odd-26-B-13";
905 0 0 903,2763 "Odd-26-A-13";
906 0 1 905,904 "Odd-26-S-13";
907 0 0 906,2764 "Odd-26-B-12";
908 0 0 906,2765 "Odd-26-A-12";
909 0 1 908,907 "Odd-26-S-12";
910 0 0 909,2766 "Odd-26-B-11";
911 0 0 909,2767 "Odd-26-A-11";
912 0 1 911,910 "Odd-26-S-11";
913 0 0 912,2768 "Odd-26-B-10";
914 0 0 912,2769 "Odd-26-A-10";
915 0 1 914,913 "Odd-26-S-10";
916 0 0 915,2770 "Odd-26-B-9";
917 0 0 75,2751 "Odd-20-A-19";
918 0 1 902,916 "Odd-26-S-9";
919 0 0 918,2772 "Odd-26-B-8";
920 0 0 918,2773 "Odd-26-A-8";
921 0 1 920,919 "Odd-26-S-8";
922 0 0 921,2774 "Odd-26-B-7";
923 0 0 921,2775 "Odd-26-A-7";
924 0 1 923,922 "Odd-26-S-7";
925 0 0 924,2776 "Odd-26-B-6";
926 0 0 924,2777 "Odd-26-A-6";
927 0 1 926,925 "Odd-26-S-6";
928 0 0 927,2778 "Odd-26-B-5";
929 0 0 927,2779 "Odd-26-A-5";
930 0 1 929,928 "Odd-26-S-5";
931 0 0 948,2762 "Odd-14-B-13";
932 0 1 947,994 "Odd-6-S-5";
933 0 0 932,2780 "Odd-6-B-4";
934 0 0 932,2781 "Odd-6-A-4";
935 0 1 934,933 "Odd-6-S-4";
936 0 0 935,2782 "Odd-6-B-3";
937 0 0 939,2781 "Odd-9-A-4";
938 0 0 939,2780 "Odd-9-B-4";
939 0 1 940,941 "Odd-9-S-5";
940 0 0 942,2779 "Odd-9-A-5";
941 0 0 942,2778 "Odd-9-B-5";
942 0 1 943,949 "Odd-9-S-6";
943 0 0 950,2777 "Odd-9-A-6";
944 0 0 945,2764 "Odd-14-B-12";
945 0 1 946,931 "Odd-14-S-13";
946 0 0 948,2763 "Odd-14-A-13";
947 0 0 993,2779 "Odd-6-A-5";
948 0 1 2002,2760,2758,2756,2754,2752,2750,2748,2746,2744,2742,2740,2738,2736,2734,2732,2730 "Odd-14-Z";
949 0 0 950,2776 "Odd-9-B-6";
950 0 1 951,952 "Odd-9-S-7";
951 0 0 953,2775 "Odd-9-A-7";
952 0 0 953,2774 "Odd-9-B-7";
953 0 1 954,955 "Odd-9-S-8";
954 0 0 956,2773 "Odd-9-A-8";
955 0 0 956,2772 "Odd-9-B-8";
956 0 1 1412,2770,2768,2766,2764,2762,2760,2758,2756,2754,2752,2750,2748,2746,2744,2742,2740,2738,2736,2734,2732,2730 "Odd-9-Z";
957 0 1 958,1027 "Odd-10-S-0";
958 0 0 1055,2789 "Odd-10-A-0";
959 0 1 992,991 "Odd-12-S-6";
960 0 0 959,2778 "Odd-12-B-5";
961 0 0 959,2779 "Odd-12-A-5";
962 0 1 961,960 "Odd-12-S-5";
963 0 1 978,977 "Odd-7-S-0";
964 0 0 966,2767 "Odd-14-A-11";
965 0 0 966,2766 "Odd-14-B-11";
966 0 1 967,944 "Odd-14-S-12";
967 0 0 945,2765 "Odd-14-A-12";
968 0 0 1183,2782 "Odd-7-B-3";
969 0 0 1183,2783 "Odd-7-A-3";
970 0 1 969,968 "Odd-7-S-3";
971 0 0 970,2784 "Odd-7-B-2";
972 0 0 970,2785 "Odd-7-A-2";
973 0 1 972,971 "Odd-7-S-2";
974 0 0 973,2786 "Odd-7-B-1";
975 0 0 973,2787 "Odd-7-A-1";
976 0 1 975,974 "Odd-7-S-1";
977 0 0 976,2788 "Odd-7-B-0";
978 0 0 976,2789 "Odd-7-A-0";
979 0 0 962,2780 "Odd-12-B-4";
980 0 0 1172,2769 "Odd-12-A-10";
981 0 1 980,1173 "Odd-12-S-10";
982 0 0 981,2770 "Odd-12-B-9";
983 0 0 981,2771 "Odd-12-A-9";
984 0 1 983,982 "Odd-12-S-9";
985 0 0 984,2772 "Odd-12-B-8";
986 0 0 984,2773 "Odd-12-A-8";
987 0 1 986,985 "Odd-12-S-8";
988 0 0 987,2774 "Odd-12-B-7";
989 0 0 987,2775 "Odd-12-A-7";
990 0 1 989,988 "Odd-12-S-7";
991 0 0 990,2776 "Odd-12-B-6";
992 0 0 990,2777 "Odd-12-A-6";
993 0 1 1674,2776,2774,2772,2770,2768,2766,2764,2762,2760,2758,2756,2754,2752,2750,2748,2746,2744,2742,2740,2738,2736,2734,2732,2730 "Odd-6-Z";
994 0 0 993,2778 "Odd-6-B-5";
995 0 0 1226,2775 "Odd-10-A-7";
996 0 0 998,2785 "Odd-10-A-2";
997 0 0 998,2784 "Odd-10-B-2";
998 0 1 999,1000 "Odd-10-S-3";
999 0 0 1001,2783 "Odd-10-A-3";
1000 0 0 1001,2782 "Odd-10-B-3";
1001 0 1 1002,1003 "Odd-10-S-4";
1002 0 0 1004,2781 "Odd-10-A-4";
1003 0 0 1004,2780 "Odd-10-B-4";
1004 0 1 1005,1006 "Odd-10-S-5";
1005 0 0 1007,2779 "Odd-10-A-5";
1006 0 0 1007,2778 "Odd-10-B-5";
1007 0 1 1008,1009 "Odd-10-S-6";
1008 0 0 1010,2777 "Odd-10-A-6";
1009 0 0 1010,2776 "Odd-10-B-6";
1010 0 1 995,1253 "Odd-10-S-7";
1011 0 1 996,997 "Odd-10-S-2";
1012 0 1 1654,2778,2776,2774,2772,2770,2768,2766,2764,2762,2760,2758,2756,2754,2752,2750,2748,2746,2744,2742,2740,2738,2736,2734,2732,2730 "Odd-5-Z";
1013 0 0 1012,2780 "Odd-5-B-4";
1014 0 0 1012,2781 "Odd-5-A-4";
1015 0 1 1014,1013 "Odd-5-S-4";
1016 0 0 1015,2782 "Odd-5-B-3";
1017 0 0 1015,2783 "Odd-5-A-3";
1018 0 1 1017,1016 "Odd-5-S-3";
1019 0 0 1018,2784 "Odd-5-B-2";
1020 0 0 1018,2785 "Odd-5-A-2";
1021 0 1 1020,1019 "Odd-5-S-2";
1022 0 0 1021,2786 "Odd-5-B-1";
1023 0 0 1021,2787 "Odd-5-A-1";
1024 0 1 1023,1022 "Odd-5-S-1";
1025 0 0 1024,2788 "Odd-5-B-0";
1026 0 0 1024,2789 "Odd-5-A-0";
1027 0 0 1055,2788 "Odd-10-B-0";
1028 0 0 962,2781 "Odd-12-A-4";
1029 0 1 1028,979 "Odd-12-S-4";
1030 0 0 1029,2782 "Odd-12-B-3";
1031 0 0 1029,2783 "Odd-12-A-3";
1032 0 1 1031,1030 "Odd-12-S-3";
1033 0 1 1269,1266 "Odd-15-S-0";
1034 0 0 1032,2784 "Odd-12-B-2";
1035 0 0 1032,2785 "Odd-12-A-2";
1036 0 1 1035,1034 "Odd-12-S-2";
1037 0 0 1036,2786 "Odd-12-B-1";
1038 0 0 1036,2787 "Odd-12-A-1";
1039 0 1 1038,1037 "Odd-12-S-1";
1040 0 0 1039,2788 "Odd-12-B-0";
1041 0 0 1039,2789 "Odd-12-A-0";
1042 0 1 1041,1040 "Odd-12-S-0";
1043 0 1 964,965 "Odd-14-S-11";
1044 0 0 935,2783 "Odd-6-A-3";
1045 0 1 1044,936 "Odd-6-S-3";
1046 0 0 1045,2784 "Odd-6-B-2";
1047 0 0 1045,2785 "Odd-6-A-2";
1048 0 1 1047,1046 "Odd-6-S-2";
1049 0 0 1048,2786 "Odd-6-B-1";
1050 0 0 1048,2787 "Odd-6-A-1";
1051 0 1 1050,1049 "Odd-6-S-1";
1052 0 0 1051,2788 "Odd-6-B-0";
1053 0 0 1051,2789 "Odd-6-A-0";
1054 0 1 1053,1052 "Odd-6-S-0";
1055 0 1 1056,1057 "Odd-10-S-1";
1056 0 0 1011,2787 "Odd-10-A-1";
1057 0 0 1011,2786 "Odd-10-B-1";
1058 0 0 1075,2768 "Odd-13-B-10";
1059 0 0 1060,2778 "Odd-13-B-5";
1060 0 1 1061,1062 "Odd-13-S-6";
1061 0 0 1063,2777 "Odd-13-A-6";
1062 0 0 1063,2776 "Odd-13-B-6";
1063 0 1 1064,1065 "Odd-13-S-7";
1064 0 0 1066,2775 "Odd-13-A-7";
1065 0 0 1066,2774 "Odd-13-B-7";
1066 0 1 1067,1068 "Odd-13-S-8";
1067 0 0 1069,2773 "Odd-13-A-8";
1068 0 0 1069,2772 "Odd-13-B-8";
1069 0 1 1070,1071 "Odd-13-S-9";
1070 0 0 1072,2771 "Odd-13-A-9";
1071 0 0 1072,2770 "Odd-13-B-9";
1072 0 1 1073,1058 "Odd-13-S-10";
1073 0 0 1075,2769 "Odd-13-A-10";
1074 0 0 1060,2779 "Odd-13-A-5";
1075 0 1 1076,1077 "Odd-13-S-11";
1076 0 0 1078,2767 "Odd-13-A-11";
1077 0 0 1078,2766 "Odd-13-B-11";
1078 0 1 1079,1080 "Odd-13-S-12";
1079 0 0 1081,2765 "Odd-13-A-12";
1080 0 0 1081,2764 "Odd-13-B-12";
1081 0 1 2669,2762,2760,2758,2756,2754,2752,2750,2748,2746,2744,2742,2740,2738,2736,2734,2732,2730 "Odd-13-Z";
1082 0 1 1108,1107 "Odd-8-S-0";
1083 0 0 1085,2777 "Odd-8-A-6";
1084 0 0 1085,2776 "Odd-8-B-6";
1085 0 1 1086,1087 "Odd-8-S-7";
1086 0 0 1088,2775 "Odd-8-A-7";
1087 0 0 1088,2774 "Odd-8-B-7";
1088 0 1 1952,2772,2770,2768,2766,2764,2762,2760,2758,2756,2754,2752,2750,2748,2746,2744,2742,2740,2738,2736,2734,2732,2730 "Odd-8-Z";
1089 0 1 1106,1155 "Odd-9-S-0";
1090 0 1 1105,1104 "Odd-8-S-1";
1091 0 1 1083,1084 "Odd-8-S-6";
1092 0 0 1091,2778 "Odd-8-B-5";
1093 0 0 1091,2779 "Odd-8-A-5";
1094 0 1 1093,1092 "Odd-8-S-5";
1095 0 0 1094,2780 "Odd-8-B-4";
1096 0 0 1094,2781 "Odd-8-A-4";
1097 0 1 1096,1095 "Odd-8-S-4";
1098 0 0 1097,2782 "Odd-8-B-3";
1099 0 0 1097,2783 "Odd-8-A-3";
1100 0 1 1099,1098 "Odd-8-S-3";
1101 0 0 1100,2784 "Odd-8-B-2";
1102 0 0 1100,2785 "Odd-8-A-2";
1103 0 1 1102,1101 "Odd-8-S-2";
1104 0 0 1103,2786 "Odd-8-B-1";
1105 0 0 1103,2787 "Odd-8-A-1";
1106 0 0 1156,2789 "Odd-9-A-0";
1107 0 0 1090,2788 "Odd-8-B-0";
1108 0 0 1090,2789 "Odd-8-A-0";
1109 0 1 1110,1111 "Odd-13-S-1";
1110 0 0 1112,2787 "Odd-13-A-1";
1111 0 0 1112,2786 "Odd-13-B-1";
1112 0 1 1113,1114 "Odd-13-S-2";
1113 0 0 1115,2785 "Odd-13-A-2";
1114 0 0 1115,2784 "Odd-13-B-2";
1115 0 1 1116,1117 "Odd-13-S-3";
1116 0 0 1118,2783 "Odd-13-A-3";
1117 0 0 1118,2782 "Odd-13-B-3";
1118 0 1 1119,1120 "Odd-13-S-4";
1119 0 0 1121,2781 "Odd-13-A-4";
1120 0 0 1121,2780 "Odd-13-B-4";
1121 0 1 1074,1059 "Odd-13-S-5";
1122 0 0 1139,2778 "Odd-14-B-5";
1123 0 0 1124,2788 "Odd-14-B-0";
1124 0 1 1125,1126 "Odd-14-S-1";
1125 0 0 1127,2787 "Odd-14-A-1";
1126 0 0 1127,2786 "Odd-14-B-1";
1127 0 1 1128,1129 "Odd-14-S-2";
1128 0 0 1130,2785 "Odd-14-A-2";
1129 0 0 1130,2784 "Odd-14-B-2";
1130 0 1 1131,1132 "Odd-14-S-3";
1131 0 0 1133,2783 "Odd-14-A-3";
1132 0 0 1133,2782 "Odd-14-B-3";
1133 0 1 1134,1135 "Odd-14-S-4";
1134 0 0 1136,2781 "Odd-14-A-4";
1135 0 0 1136,2780 "Odd-14-B-4";
1136 0 1 1137,1122 "Odd-14-S-5";
1137 0 0 1139,2779 "Odd-14-A-5";
1138 0 0 1124,2789 "Odd-14-A-0";
1139 0 1 1140,1141 "Odd-14-S-6";
1140 0 0 1142,2777 "Odd-14-A-6";
1141 0 0 1142,2776 "Odd-14-B-6";
1142 0 1 1143,1144 "Odd-14-S-7";
1143 0 0 1145,2775 "Odd-14-A-7";
1144 0 0 1145,2774 "Odd-14-B-7";
1145 0 1 1146,1147 "Odd-14-S-8";
1146 0 0 1148,2773 "Odd-14-A-8";
1147 0 0 1148,2772 "Odd-14-B-8";
1148 0 1 1149,1150 "Odd-14-S-9";
1149 0 0 1151,2771 "Odd-14-A-9";
1150 0 0 1151,2770 "Odd-14-B-9";
1151 0 1 1152,1153 "Odd-14-S-10";
1152 0 0 1043,2769 "Odd-14-A-10";
1153 0 0 1043,2768 "Odd-14-B-10";
1154 0 0 1169,2766 "Odd-12-B-11";
1155 0 0 1156,2788 "Odd-9-B-0";
1156 0 1 1157,1158 "Odd-9-S-1";
1157 0 0 1159,2787 "Odd-9-A-1";
1158 0 0 1159,2786 "Odd-9-B-1";
1159 0 1 1160,1161 "Odd-9-S-2";
1160 0 0 1162,2785 "Odd-9-A-2";
1161 0 0 1162,2784 "Odd-9-B-2";
1162 0 1 1163,1164 "Odd-9-S-3";
1163 0 0 1165,2783 "Odd-9-A-3";
1164 0 0 1165,2782 "Odd-9-B-3";
1165 0 1 937,938 "Odd-9-S-4";
1166 0 0 1109,2788 "Odd-13-B-0";
1167 0 0 1109,2789 "Odd-13-A-0";
1168 0 1 1167,1166 "Odd-13-S-0";
1169 0 1 2355,2764,2762,2760,2758,2756,2754,2752,2750,2748,2746,2744,2742,2740,2738,2736,2734,2732,2730 "Odd-12-Z";
1170 0 0 1225,2772 "Odd-16-B-8";
1171 0 0 1169,2767 "Odd-12-A-11";
1172 0 1 1171,1154 "Odd-12-S-11";
1173 0 0 1172,2768 "Odd-12-B-10";
1174 0 1 1927,2774,2772,2770,2768,2766,2764,2762,2760,2758,2756,2754,2752,2750,2748,2746,2744,2742,2740,2738,2736,2734,2732,2730 "Odd-7-Z";
1175 0 0 1174,2776 "Odd-7-B-6";
1176 0 0 1174,2777 "Odd-7-A-6";
1177 0 1 1176,1175 "Odd-7-S-6";
1178 0 0 1177,2778 "Odd-7-B-5";
1179 0 0 1177,2779 "Odd-7-A-5";
1180 0 1 1179,1178 "Odd-7-S-5";
1181 0 0 1180,2780 "Odd-7-B-4";
1182 0 0 1180,2781 "Odd-7-A-4";
1183 0 1 1182,1181 "Odd-7-S-4";
1184 0 1 1138,1123 "Odd-14-S-0";
1185 0 1 1194,1193 "Odd-11-S-10";
1186 0 0 1195,2788 "Odd-4-B-0";
1187 0 0 1188,2786 "Odd-11-B-1";
1188 0 1 1189,1190 "Odd-11-S-2";
1189 0 0 1191,2785 "Odd-11-A-2";
1190 0 0 1191,2784 "Odd-11-B-2";
1191 0 1 1200,1201 "Odd-11-S-3";
1192 0 1 2459,2766,2764,2762,2760,2758,2756,2754,2752,2750,2748,2746,2744,2742,2740,2738,2736,2734,2732,2730 "Odd-11-Z";
1193 0 0 1192,2768 "Odd-11-B-10";
1194 0 0 1192,2769 "Odd-11-A-10";
1195 0 1 1223,1222 "Odd-4-S-1";
1196 0 0 1185,2770 "Odd-11-B-9";
1197 0 0 1185,2771 "Odd-11-A-9";
1198 0 1 1197,1196 "Odd-11-S-9";
1199 0 0 1198,2772 "Odd-11-B-8";
1200 0 0 1202,2783 "Odd-11-A-3";
1201 0 0 1202,2782 "Odd-11-B-3";
1202 0 1 1203,1204 "Odd-11-S-4";
1203 0 0 1243,2781 "Odd-11-A-4";
1204 0 0 1243,2780 "Odd-11-B-4";
1205 0 0 1217,2789 "Odd-2-A-0";
1206 0 1 1207,1208 "Odd-1-S-0";
1207 0 0 1209,2789 "Odd-1-A-0";
1208 0 0 1209,2788 "Odd-1-B-0";
1209 0 1 1707,2786,2784,2782,2780,2778,2776,2774,2772,2770,2768,2766,2764,2762,2760,2758,2756,2754,2752,2750,2748,2746,2744,2742,2740,2738,2736,2734,2732,2730 "Odd-1-Z";
1210 0 1 1211,1212 "Odd-11-S-0";
1211 0 0 1213,2789 "Odd-11-A-0";
1212 0 0 1213,2788 "Odd-11-B-0";
1213 0 1 1221,1187 "Odd-11-S-1";
1214 0 1 1205,1216 "Odd-2-S-0";
1215 0 1 1244,1245 "Odd-3-S-0";
1216 0 0 1217,2788 "Odd-2-B-0";
1217 0 1 1218,1219 "Odd-2-S-1";
1218 0 0 1220,2787 "Odd-2-A-1";
1219 0 0 1220,2786 "Odd-2-B-1";
1220 0 1 1715,2784,2782,2780,2778,2776,2774,2772,2770,2768,2766,2764,2762,2760,2758,2756,2754,2752,2750,2748,2746,2744,2742,2740,2738,2736,2734,2732,2730 "Odd-2-Z";
1221 0 0 1188,2787 "Odd-11-A-1";
1222 0 0 1311,2786 "Odd-4-B-1";
1223 0 0 1311,2787 "Odd-4-A-1";
1224 0 1 1233,1186 "Odd-4-S-0";
1225 0 1 320,319 "Odd-16-S-9";
1226 0 1 1227,1228 "Odd-10-S-8";
1227 0 0 1229,2773 "Odd-10-A-8";
1228 0 0 1229,2772 "Odd-10-B-8";
1229 0 1 1230,1231 "Odd-10-S-9";
1230 0 0 1232,2771 "Odd-10-A-9";
1231 0 0 1232,2770 "Odd-10-B-9";
1232 0 1 1466,2768,2766,2764,2762,2760,2758,2756,2754,2752,2750,2748,2746,2744,2742,2740,2738,2736,2734,2732,2730 "Odd-10-Z";
1233 0 0 1195,2789 "Odd-4-A-0";
1234 0 1 1235,1199 "Odd-11-S-8";
1235 0 0 1198,2773 "Odd-11-A-8";
1236 0 1 1237,1238 "Odd-16-S-0";
1237 0 0 1239,2789 "Odd-16-A-0";
1238 0 0 1239,2788 "Odd-16-B-0";
1239 0 1 1240,1241 "Odd-16-S-1";
1240 0 0 1242,2787 "Odd-16-A-1";
1241 0 0 1242,2786 "Odd-16-B-1";
1242 0 1 1305,1314 "Odd-16-S-2";
1243 0 1 1254,1255 "Odd-11-S-5";
1244 0 0 1246,2789 "Odd-3-A-0";
1245 0 0 1246,2788 "Odd-3-B-0";
1246 0 1 1247,1248 "Odd-3-S-1";
1247 0 0 1249,2787 "Odd-3-A-1";
1248 0 0 1249,2786 "Odd-3-B-1";
1249 0 1 1250,1251 "Odd-3-S-2";
1250 0 0 1252,2785 "Odd-3-A-2";
1251 0 0 1252,2784 "Odd-3-B-2";
1252 0 1 1678,2782,2780,2778,2776,2774,2772,2770,2768,2766,2764,2762,2760,2758,2756,2754,2752,2750,2748,2746,2744,2742,2740,2738,2736,2734,2732,2730 "Odd-3-Z";
1253 0 0 1226,2774 "Odd-10-B-7";
1254 0 0 1256,2779 "Odd-11-A-5";
1255 0 0 1256,2778 "Odd-11-B-5";
1256 0 1 1257,1258 "Odd-11-S-6";
1257 0 0 1259,2777 "Odd-11-A-6";
1258 0 0 1259,2776 "Odd-11-B-6";
1259 0 1 1260,1261 "Odd-11-S-7";
1260 0 0 1234,2775 "Odd-11-A-7";
1261 0 0 1234,2774 "Odd-11-B-7";
1262 0 0 1273,2770 "Odd-15-B-9";
1263 0 1 1272,1300 "Odd-15-S-5";
1264 0 0 1263,2780 "Odd-15-B-4";
1265 0 1 1298,1297 "Odd-15-S-1";
1266 0 0 1265,2788 "Odd-15-B-0";
1267 0 0 1263,2781 "Odd-15-A-4";
1268 0 1 1267,1264 "Odd-15-S-4";
1269 0 0 1265,2789 "Odd-15-A-0";
1270 0 1 1315,1316 "Odd-16-S-7";
1271 0 0 1273,2771 "Odd-15-A-9";
1272 0 0 1299,2779 "Odd-15-A-5";
1273 0 1 1274,1275 "Odd-15-S-10";
1274 0 0 1276,2769 "Odd-15-A-10";
1275 0 0 1276,2768 "Odd-15-B-10";
1276 0 1 1277,1292 "Odd-15-S-11";
1277 0 0 1278,2767 "Odd-15-A-11";
1278 0 1 1279,1280 "Odd-15-S-12";
1279 0 0 1281,2765 "Odd-15-A-12";
1280 0 0 1281,2764 "Odd-15-B-12";
1281 0 1 1322,1319 "Odd-15-S-13";
1282 0 0 1268,2783 "Odd-15-A-3";
1283 0 0 1285,2775 "Odd-15-A-7";
1284 0 0 1285,2774 "Odd-15-B-7";
1285 0 1 1286,1287 "Odd-15-S-8";
1286 0 0 1288,2773 "Odd-15-A-8";
1287 0 0 1288,2772 "Odd-15-B-8";
1288 0 1 1271,1262 "Odd-15-S-9";
1289 0 1 1283,1284 "Odd-15-S-7";
1290 0 0 1289,2776 "Odd-15-B-6";
1291 0 0 1289,2777 "Odd-15-A-6";
1292 0 0 1278,2766 "Odd-15-B-11";
1293 0 1 1282,1332 "Odd-15-S-3";
1294 0 0 1293,2784 "Odd-15-B-2";
1295 0 0 1293,2785 "Odd-15-A-2";
1296 0 1 1295,1294 "Odd-15-S-2";
1297 0 0 1296,2786 "Odd-15-B-1";
1298 0 0 1296,2787 "Odd-15-A-1";
1299 0 1 1291,1290 "Odd-15-S-6";
1300 0 0 1299,2778 "Odd-15-B-5";
1301 0 0 1308,2785 "Odd-4-A-2";
1302 0 1 1692,2780,2778,2776,2774,2772,2770,2768,2766,2764,2762,2760,2758,2756,2754,2752,2750,2748,2746,2744,2742,2740,2738,2736,2734,2732,2730 "Odd-4-Z";
1303 0 1 1702,2788,2786,2784,2782,2780,2778,2776,2774,2772,2770,2768,2766,2764,2762,2760,2758,2756,2754,2752,2750,2748,2746,2744,2742,2740,2738,2736,2734,2732,2730 "Odd-0-Z";
1304 0 1 1026,1025 "Odd-5-S-0";
1305 0 0 1313,2785 "Odd-16-A-2";
1306 0 0 1225,2773 "Odd-16-A-8";
1307 0 0 1302,2783 "Odd-4-A-3";
1308 0 1 1307,1310 "Odd-4-S-3";
1309 0 0 1308,2784 "Odd-4-B-2";
1310 0 0 1302,2782 "Odd-4-B-3";
1311 0 1 1301,1309 "Odd-4-S-2";
1312 0 0 1334,2783 "Odd-16-A-3";
1313 0 1 1312,1329 "Odd-16-S-3";
1314 0 0 1313,2784 "Odd-16-B-2";
1315 0 0 1317,2775 "Odd-16-A-7";
1316 0 0 1317,2774 "Odd-16-B-7";
1317 0 1 1306,1170 "Odd-16-S-8";
1318 0 0 1327,2779 "Odd-16-A-5";
1319 0 0 1320,2762 "Odd-15-B-13";
1320 0 1 1321,1323 "Odd-15-S-14";
1321 0 0 1324,2761 "Odd-15-A-14";
1322 0 0 1320,2763 "Odd-15-A-13";
1323 0 0 1324,2760 "Odd-15-B-14";
1324 0 1 2314,2758,2756,2754,2752,2750,2748,2746,2744,2742,2740,2738,2736,2734,2732,2730 "Odd-15-Z";
1325 0 0 1270,2776 "Odd-16-B-6";
1326 0 0 1270,2777 "Odd-16-A-6";
1327 0 1 1326,1325 "Odd-16-S-6";
1328 0 0 1327,2778 "Odd-16-B-5";
1329 0 0 1334,2782 "Odd-16-B-3";
1330 0 1 1318,1328 "Odd-16-S-5";
1331 0 0 1330,2780 "Odd-16-B-4";
1332 0 0 1268,2782 "Odd-15-B-3";
1333 0 0 1330,2781 "Odd-16-A-4";
1334 0 1 1333,1331 "Odd-16-S-4";
1335 1 1 1336,2749 "Even-26-B-20";
1336 1 0 1337,1338 "Even-26-S-21";
1337 1 1 1411,2746 "Even-26-A-21";
1338 1 1 1411,2747 "Even-26-B-21";
1339 1 0 1340,1341 "Even-26-S-18";
1340 1 1 1342,2752 "Even-26-A-18";
1341 1 1 1342,2753 "Even-26-B-18";
1342 1 0 1343,1344 "Even-26-S-19";
1343 1 1 1345,2750 "Even-26-A-19";
1344 1 1 1345,2751 "Even-26-B-19";
1345 1 0 1346,1335 "Even-26-S-20";
1346 1 1 1336,2748 "Even-26-A-20";
1347 1 1 1357,2764 "Even-26-A-12";
1348 1 0 1361,1362 "Even-26-S-14";
1349 1 1 1393,2775 "Even-11-B-7";
1350 1 0 1351,1352 "Even-26-S-11";
1351 1 1 1354,2766 "Even-26-A-11";
1352 1 1 1354,2767 "Even-26-B-11";
1353 1 1 2451,2772 "Even-11-A-8";
1354 1 0 1347,1356 "Even-26-S-12";
1355 1 1 1350,2769 "Even-26-B-10";
1356 1 1 1357,2765 "Even-26-B-12";
1357 1 0 1358,1359 "Even-26-S-13";
1358 1 1 1348,2762 "Even-26-A-13";
1359 1 1 1348,2763 "Even-26-B-13";
1360 1 1 1339,2755 "Even-26-B-17";
1361 1 1 1363,2760 "Even-26-A-14";
1362 1 1 1363,2761 "Even-26-B-14";
1363 1 0 1364,1365 "Even-26-S-15";
1364 1 1 1366,2758 "Even-26-A-15";
1365 1 1 1366,2759 "Even-26-B-15";
1366 1 0 1367,1368 "Even-26-S-16";
1367 1 1 1369,2756 "Even-26-A-16";
1368 1 1 1369,2757 "Even-26-B-16";
1369 1 0 1370,1360 "Even-26-S-17";
1370 1 1 1339,2754 "Even-26-A-17";
1371 1 1 1384,2789 "Even-9-B-0";
1372 1 0 1385,1423 "Even-9-S-5";
1373 1 1 1372,2781 "Even-9-B-4";
1374 1 1 1372,2780 "Even-9-A-4";
1375 1 0 1374,1373 "Even-9-S-4";
1376 1 1 1375,2783 "Even-9-B-3";
1377 1 1 1375,2782 "Even-9-A-3";
1378 1 0 1377,1376 "Even-9-S-3";
1379 1 1 1378,2785 "Even-9-B-2";
1380 1 1 1378,2784 "Even-9-A-2";
1381 1 0 1380,1379 "Even-9-S-2";
1382 1 1 1381,2787 "Even-9-B-1";
1383 1 1 1381,2786 "Even-9-A-1";
1384 1 0 1383,1382 "Even-9-S-1";
1385 1 1 1422,2778 "Even-9-A-5";
1386 1 1 1384,2788 "Even-9-A-0";
1387 1 0 1386,1371 "Even-9-S-0";
1388 1 0 1389,1390 "Even-11-S-5";
1389 1 1 1391,2778 "Even-11-A-5";
1390 1 1 1391,2779 "Even-11-B-5";
1391 1 0 1394,1395 "Even-11-S-6";
1392 1 0 2500,2499 "Even-24-S-13";
1393 1 0 1353,2458 "Even-11-S-8";
1394 1 1 1396,2776 "Even-11-A-6";
1395 1 1 1396,2777 "Even-11-B-6";
1396 1 0 1397,1349 "Even-11-S-7";
1397 1 1 1393,2774 "Even-11-A-7";
1398 1 0 2797,887 "Odd-26-T";
1399 1 1 1401,2744 "Even-26-A-22";
1400 1 1 1401,2745 "Even-26-B-22";
1401 1 0 1402,1403 "Even-26-S-23";
1402 1 1 1404,2742 "Even-26-A-23";
1403 1 1 1404,2743 "Even-26-B-23";
1404 1 0 1405,1406 "Even-26-S-24";
1405 1 1 1407,2740 "Even-26-A-24";
1406 1 1 1407,2741 "Even-26-B-24";
1407 1 0 1408,1409 "Even-26-S-25";
1408 1 1 1410,2738 "Even-26-A-25";
1409 1 1 1410,2739 "Even-26-B-25";
1410 1 0 2720,2735,2733,2731 "Even-26-Z";
1411 1 0 1399,1400 "Even-26-S-22";
1412 1 0 2831,1089 "Odd-9-T";
1413 1 0 2707,2769,2767,2765,2763,2761,2759,2757,2755,2753,2751,2749,2747,2745,2743,2741,2739,2737,2735,2733,2731 "Even-9-Z";
1414 1 1 1413,2773 "Even-9-B-8";
1415 1 1 1413,2772 "Even-9-A-8";
1416 1 0 1415,1414 "Even-9-S-8";
1417 1 1 1416,2775 "Even-9-B-7";
1418 1 1 1416,2774 "Even-9-A-7";
1419 1 0 1418,1417 "Even-9-S-7";
1420 1 1 1419,2777 "Even-9-B-6";
1421 1 1 1419,2776 "Even-9-A-6";
1422 1 0 1421,1420 "Even-9-S-6";
1423 1 1 1422,2779 "Even-9-B-5";
1424 1 0 1467,1468 "Even-25-S-20";
1425 1 1 1462,2788 "Even-26-A-0";
1426 1 0 1425,1434 "Even-26-S-0";
1427 1 1 1428,2755 "Even-25-B-17";
1428 1 0 1429,1430 "Even-25-S-18";
1429 1 1 1431,2752 "Even-25-A-18";
1430 1 1 1431,2753 "Even-25-B-18";
1431 1 0 1432,1433 "Even-25-S-19";
1432 1 1 1424,2750 "Even-25-A-19";
1433 1 1 1424,2751 "Even-25-B-19";
1434 1 1 1462,2789 "Even-26-B-0";
1435 1 0 1436,1437 "Even-10-S-0";
1436 1 1 1438,2788 "Even-10-A-0";
1437 1 1 1438,2789 "Even-10-B-0";
1438 1 0 1439,1440 "Even-10-S-1";
1439 1 1 1441,2786 "Even-10-A-1";
1440 1 1 1441,2787 "Even-10-B-1";
1441 1 0 1442,1443 "Even-10-S-2";
1442 1 1 1454,2784 "Even-10-A-2";
1443 1 1 1454,2785 "Even-10-B-2";
1444 1 1 1453,2783 "Even-26-B-3";
1445 1 1 1447,2756 "Even-25-A-16";
1446 1 1 1447,2757 "Even-25-B-16";
1447 1 0 1448,1427 "Even-25-S-17";
1448 1 1 1428,2754 "Even-25-A-17";
1449 1 1 1556,2778 "Even-26-A-5";
1450 1 0 1449,1557 "Even-26-S-5";
1451 1 1 1450,2781 "Even-26-B-4";
1452 1 1 1450,2780 "Even-26-A-4";
1453 1 0 1452,1451 "Even-26-S-4";
1454 1 0 1484,1485 "Even-10-S-3";
1455 1 1 1453,2782 "Even-26-A-3";
1456 1 0 1455,1444 "Even-26-S-3";
1457 1 1 1456,2785 "Even-26-B-2";
1458 1 1 1456,2784 "Even-26-A-2";
1459 1 0 1458,1457 "Even-26-S-2";
1460 1 1 1459,2787 "Even-26-B-1";
1461 1 1 1459,2786 "Even-26-A-1";
1462 1 0 1461,1460 "Even-26-S-1";
1463 1 1 1475,2744 "Even-25-A-22";
1464 1 1 1465,2771 "Even-10-B-9";
1465 1 0 2721,2767,2765,2763,2761,2759,2757,2755,2753,2751,2749,2747,2745,2743,2741,2739,2737,2735,2733,2731 "Even-10-Z";
1466 1 0 2829,957 "Odd-10-T";
1467 1 1 1469,2748 "Even-25-A-20";
1468 1 1 1469,2749 "Even-25-B-20";
1469 1 0 1470,1471 "Even-25-S-21";
1470 1 1 1472,2746 "Even-25-A-21";
1471 1 1 1472,2747 "Even-25-B-21";
1472 1 0 1463,1474 "Even-25-S-22";
1473 1 1 1465,2770 "Even-10-A-9";
1474 1 1 1475,2745 "Even-25-B-22";
1475 1 0 1476,1477 "Even-25-S-23";
1476 1 1 1478,2742 "Even-25-A-23";
1477 1 1 1478,2743 "Even-25-B-23";
1478 1 0 1479,1480 "Even-25-S-24";
1479 1 1 1481,2740 "Even-25-A-24";
1480 1 1 1481,2741 "Even-25-B-24";
1481 1 0 2724,2737,2735,2733,2731 "Even-25-Z";
1482 1 0 2799,789 "Odd-25-T";
1483 1 1 1495,2776 "Even-10-A-6";
1484 1 1 1486,2782 "Even-10-A-3";
1485 1 1 1486,2783 "Even-10-B-3";
1486 1 0 1487,1488 "Even-10-S-4";
1487 1 1 1489,2780 "Even-10-A-4";
1488 1 1 1489,2781 "Even-10-B-4";
1489 1 0 1490,1491 "Even-10-S-5";
1490 1 1 1492,2778 "Even-10-A-5";
1491 1 1 1492,2779 "Even-10-B-5";
1492 1 0 1483,1494 "Even-10-S-6";
1493 1 0 1445,1446 "Even-25-S-16";
1494 1 1 1495,2777 "Even-10-B-6";
1495 1 0 1496,1497 "Even-10-S-7";
1496 1 1 1498,2774 "Even-10-A-7";
1497 1 1 1498,2775 "Even-10-B-7";
1498 1 0 1499,1500 "Even-10-S-8";
1499 1 1 1501,2772 "Even-10-A-8";
1500 1 1 1501,2773 "Even-10-B-8";
1501 1 0 1473,1464 "Even-10-S-9";
1502 1 0 1513,1514 "Even-25-S-3";
1503 1 0 1504,1505 "Even-25-S-0";
1504 1 1 1506,2788 "Even-25-A-0";
1505 1 1 1506,2789 "Even-25-B-0";
1506 1 0 1507,1508 "Even-25-S-1";
1507 1 1 1509,2786 "Even-25-A-1";
1508 1 1 1509,2787 "Even-25-B-1";
1509 1 0 1510,1511 "Even-25-S-2";
1510 1 1 1502,2784 "Even-25-A-2";
1511 1 1 1502,2785 "Even-25-B-2";
1512 1 0 1540,1539 "Even-11-S-0";
1513 1 1 1515,2782 "Even-25-A-3";
1514 1 1 1515,2783 "Even-25-B-3";
1515 1 0 1516,1517 "Even-25-S-4";
1516 1 1 1518,2780 "Even-25-A-4";
1517 1 1 1518,2781 "Even-25-B-4";
1518 1 0 1519,1520 "Even-25-S-5";
1519 1 1 1521,2778 "Even-25-A-5";
1520 1 1 1521,2779 "Even-25-B-5";
1521 1 0 1532,1562 "Even-25-S-6";
1522 1 0 1531,1530 "Even-11-S-3";
1523 1 0 1571,1355 "Even-26-S-10";
1524 1 1 1523,2771 "Even-26-B-9";
1525 1 1 1523,2770 "Even-26-A-9";
1526 1 0 1525,1524 "Even-26-S-9";
1527 1 1 1388,2781 "Even-11-B-4";
1528 1 1 1388,2780 "Even-11-A-4";
1529 1 0 1528,1527 "Even-11-S-4";
1530 1 1 1529,2783 "Even-11-B-3";
1531 1 1 1529,2782 "Even-11-A-3";
1532 1 1 1563,2776 "Even-25-A-6";
1533 1 1 1522,2785 "Even-11-B-2";
1534 1 1 1522,2784 "Even-11-A-2";
1535 1 0 1534,1533 "Even-11-S-2";
1536 1 1 1535,2787 "Even-11-B-1";
1537 1 1 1535,2786 "Even-11-A-1";
1538 1 0 1537,1536 "Even-11-S-1";
1539 1 1 1538,2789 "Even-11-B-0";
1540 1 1 1538,2788 "Even-11-A-0";
1541 1 1 1550,2775 "Even-26-B-7";
1542 1 0 1543,1544 "Even-25-S-13";
1543 1 1 1545,2762 "Even-25-A-13";
1544 1 1 1545,2763 "Even-25-B-13";
1545 1 0 1546,1547 "Even-25-S-14";
1546 1 1 1558,2760 "Even-25-A-14";
1547 1 1 1558,2761 "Even-25-B-14";
1548 1 1 1526,2773 "Even-26-B-8";
1549 1 1 1526,2772 "Even-26-A-8";
1550 1 0 1549,1548 "Even-26-S-8";
1551 1 1 1542,2765 "Even-25-B-12";
1552 1 1 1550,2774 "Even-26-A-7";
1553 1 0 1552,1541 "Even-26-S-7";
1554 1 1 1553,2777 "Even-26-B-6";
1555 1 1 1553,2776 "Even-26-A-6";
1556 1 0 1555,1554 "Even-26-S-6";
1557 1 1 1556,2779 "Even-26-B-5";
1558 1 0 1559,1560 "Even-25-S-15";
1559 1 1 1493,2758 "Even-25-A-15";
1560 1 1 1493,2759 "Even-25-B-15";
1561 1 1 1572,2771 "Even-25-B-9";
1562 1 1 1563,2777 "Even-25-B-6";
1563 1 0 1564,1565 "Even-25-S-7";
1564 1 1 1566,2774 "Even-25-A-7";
1565 1 1 1566,2775 "Even-25-B-7";
1566 1 0 1567,1568 "Even-25-S-8";
1567 1 1 1569,2772 "Even-25-A-8";
1568 1 1 1569,2773 "Even-25-B-8";
1569 1 0 1570,1561 "Even-25-S-9";
1570 1 1 1572,2770 "Even-25-A-9";
1571 1 1 1350,2768 "Even-26-A-10";
1572 1 0 1573,1574 "Even-25-S-10";
1573 1 1 1575,2768 "Even-25-A-10";
1574 1 1 1575,2769 "Even-25-B-10";
1575 1 0 1576,1577 "Even-25-S-11";
1576 1 1 1578,2766 "Even-25-A-11";
1577 1 1 1578,2767 "Even-25-B-11";
1578 1 0 1579,1551 "Even-25-S-12";
1579 1 1 1542,2764 "Even-25-A-12";
1580 1 1 1593,2789 "Even-5-B-0";
1581 1 1 1592,2785 "Even-29-B-2";
1582 1 1 1592,2784 "Even-29-A-2";
1583 1 0 1582,1581 "Even-29-S-2";
1584 1 1 1583,2787 "Even-29-B-1";
1585 1 1 1583,2786 "Even-29-A-1";
1586 1 0 1585,1584 "Even-29-S-1";
1587 1 1 1586,2789 "Even-29-B-0";
1588 1 1 1586,2788 "Even-29-A-0";
1589 1 0 1588,1587 "Even-29-S-0";
1590 1 0 1591,1580 "Even-5-S-0";
1591 1 1 1593,2788 "Even-5-A-0";
1592 1 0 1627,1626 "Even-29-S-3";
1593 1 0 1594,1595 "Even-5-S-1";
1594 1 1 1596,2786 "Even-5-A-1";
1595 1 1 1596,2787 "Even-5-B-1";
1596 1 0 1597,1598 "Even-5-S-2";
1597 1 1 1599,2784 "Even-5-A-2";
1598 1 1 1599,2785 "Even-5-B-2";
1599 1 0 1600,1601 "Even-5-S-3";
1600 1 1 1602,2782 "Even-5-A-3";
1601 1 1 1602,2783 "Even-5-B-3";
1602 1 0 1603,1616 "Even-5-S-4";
1603 1 1 1653,2780 "Even-5-A-4";
1604 1 0 1615,1614 "Even-29-S-7";
1605 1 1 1664,2769 "Even-29-B-10";
1606 1 1 1664,2768 "Even-29-A-10";
1607 1 0 1606,1605 "Even-29-S-10";
1608 1 1 1607,2771 "Even-29-B-9";
1609 1 1 1607,2770 "Even-29-A-9";
1610 1 0 1609,1608 "Even-29-S-9";
1611 1 1 1610,2773 "Even-29-B-8";
1612 1 1 1610,2772 "Even-29-A-8";
1613 1 0 1612,1611 "Even-29-S-8";
1614 1 1 1613,2775 "Even-29-B-7";
1615 1 1 1613,2774 "Even-29-A-7";
1616 1 1 1653,2781 "Even-5-B-4";
1617 1 1 1604,2777 "Even-29-B-6";
1618 1 1 1604,2776 "Even-29-A-6";
1619 1 0 1618,1617 "Even-29-S-6";
1620 1 1 1619,2779 "Even-29-B-5";
1621 1 1 1619,2778 "Even-29-A-5";
1622 1 0 1621,1620 "Even-29-S-5";
1623 1 1 1622,2781 "Even-29-B-4";
1624 1 1 1622,2780 "Even-29-A-4";
1625 1 0 1624,1623 "Even-29-S-4";
1626 1 1 1625,2783 "Even-29-B-3";
1627 1 1 1625,2782 "Even-29-A-3";
1628 1 0 1639,1638 "Even-28-S-24";
1629 1 1 1640,2735 "Even-28-B-27";
1630 1 1 1640,2734 "Even-28-A-27";
1631 1 0 1630,1629 "Even-28-S-27";
1632 1 1 1631,2737 "Even-28-B-26";
1633 1 1 1631,2736 "Even-28-A-26";
1634 1 0 1633,1632 "Even-28-S-26";
1635 1 1 1634,2739 "Even-28-B-25";
1636 1 1 1634,2738 "Even-28-A-25";
1637 1 0 1636,1635 "Even-28-S-25";
1638 1 1 1637,2741 "Even-28-B-24";
1639 1 1 1637,2740 "Even-28-A-24";
1640 1 0 2710,2731 "Even-28-Z";
1641 1 1 1628,2743 "Even-28-B-23";
1642 1 1 1628,2742 "Even-28-A-23";
1643 1 0 1642,1641 "Even-28-S-23";
1644 1 1 1643,2745 "Even-28-B-22";
1645 1 1 1643,2744 "Even-28-A-22";
1646 1 0 1645,1644 "Even-28-S-22";
1647 1 1 1646,2747 "Even-28-B-21";
1648 1 1 1646,2746 "Even-28-A-21";
1649 1 0 1648,1647 "Even-28-S-21";
1650 1 1 1649,2749 "Even-28-B-20";
1651 1 1 1649,2748 "Even-28-A-20";
1652 1 0 1665,1666 "Even-6-S-3";
1653 1 0 2727,2777,2775,2773,2771,2769,2767,2765,2763,2761,2759,2757,2755,2753,2751,2749,2747,2745,2743,2741,2739,2737,2735,2733,2731 "Even-5-Z";
1654 1 0 2839,1304 "Odd-5-T";
1655 1 0 1656,1657 "Even-6-S-0";
1656 1 1 1658,2788 "Even-6-A-0";
1657 1 1 1658,2789 "Even-6-B-0";
1658 1 0 1659,1660 "Even-6-S-1";
1659 1 1 1661,2786 "Even-6-A-1";
1660 1 1 1661,2787 "Even-6-B-1";
1661 1 0 1662,1663 "Even-6-S-2";
1662 1 1 1652,2784 "Even-6-A-2";
1663 1 1 1652,2785 "Even-6-B-2";
1664 1 0 1747,1746 "Even-29-S-11";
1665 1 1 1667,2782 "Even-6-A-3";
1666 1 1 1667,2783 "Even-6-B-3";
1667 1 0 1668,1669 "Even-6-S-4";
1668 1 1 1670,2780 "Even-6-A-4";
1669 1 1 1670,2781 "Even-6-B-4";
1670 1 0 1671,1672 "Even-6-S-5";
1671 1 1 1673,2778 "Even-6-A-5";
1672 1 1 1673,2779 "Even-6-B-5";
1673 1 0 2726,2775,2773,2771,2769,2767,2765,2763,2761,2759,2757,2755,2753,2751,2749,2747,2745,2743,2741,2739,2737,2735,2733,2731 "Even-6-Z";
1674 1 0 2837,1054 "Odd-6-T";
1675 1 0 2793,494 "Odd-28-T";
1676 1 0 1689,1690 "Even-4-S-3";
1677 1 0 2703,2781,2779,2777,2775,2773,2771,2769,2767,2765,2763,2761,2759,2757,2755,2753,2751,2749,2747,2745,2743,2741,2739,2737,2735,2733,2731 "Even-3-Z";
1678 1 0 2843,1215 "Odd-3-T";
1679 1 0 1680,1681 "Even-4-S-0";
1680 1 1 1682,2788 "Even-4-A-0";
1681 1 1 1682,2789 "Even-4-B-0";
1682 1 0 1683,1684 "Even-4-S-1";
1683 1 1 1685,2786 "Even-4-A-1";
1684 1 1 1685,2787 "Even-4-B-1";
1685 1 0 1686,1687 "Even-4-S-2";
1686 1 1 1676,2784 "Even-4-A-2";
1687 1 1 1676,2785 "Even-4-B-2";
1688 1 1 1677,2785 "Even-3-B-2";
1689 1 1 1691,2782 "Even-4-A-3";
1690 1 1 1691,2783 "Even-4-B-3";
1691 1 0 2704,2779,2777,2775,2773,2771,2769,2767,2765,2763,2761,2759,2757,2755,2753,2751,2749,2747,2745,2743,2741,2739,2737,2735,2733,2731 "Even-4-Z";
1692 1 0 2841,1224 "Odd-4-T";
1693 1 0 2791,642 "Odd-29-T";
1694 1 0 2717 "Even-29-Z";
1695 1 1 1694,2733 "Even-29-B-28";
1696 1 1 1694,2732 "Even-29-A-28";
1697 1 0 1696,1695 "Even-29-S-28";
1698 1 1 1697,2735 "Even-29-B-27";
1699 1 1 1697,2734 "Even-29-A-27";
1700 1 1 1714,2786 "Even-2-A-1";
1701 1 0 2705,2787,2785,2783,2781,2779,2777,2775,2773,2771,2769,2767,2765,2763,2761,2759,2757,2755,2753,2751,2749,2747,2745,2743,2741,2739,2737,2735,2733,2731 "Even-0-Z";
1702 1 0 2849,1303 "Odd-0-T";
1703 1 0 1704,1705 "Even-1-S-0";
1704 1 1 1706,2788 "Even-1-A-0";
1705 1 1 1706,2789 "Even-1-B-0";
1706 1 0 2701,2785,2783,2781,2779,2777,2775,2773,2771,2769,2767,2765,2763,2761,2759,2757,2755,2753,2751,2749,2747,2745,2743,2741,2739,2737,2735,2733,2731 "Even-1-Z";
1707 1 0 2847,1206 "Odd-1-T";
1708 1 0 1709,1710 "Even-2-S-0";
1709 1 1 1711,2788 "Even-2-A-0";
1710 1 1 1711,2789 "Even-2-B-0";
1711 1 0 1700,1713 "Even-2-S-1";
1712 1 0 1699,1698 "Even-29-S-27";
1713 1 1 1714,2787 "Even-2-B-1";
1714 1 0 2706,2783,2781,2779,2777,2775,2773,2771,2769,2767,2765,2763,2761,2759,2757,2755,2753,2751,2749,2747,2745,2743,2741,2739,2737,2735,2733,2731 "Even-2-Z";
1715 1 0 2845,1214 "Odd-2-T";
1716 1 0 1717,1718 "Even-3-S-0";
1717 1 1 1719,2788 "Even-3-A-0";
1718 1 1 1719,2789 "Even-3-B-0";
1719 1 0 1720,1721 "Even-3-S-1";
1720 1 1 1722,2786 "Even-3-A-1";
1721 1 1 1722,2787 "Even-3-B-1";
1722 1 0 1723,1688 "Even-3-S-2";
1723 1 1 1677,2784 "Even-3-A-2";
1724 1 0 1735,1734 "Even-29-S-15";
1725 1 1 1736,2753 "Even-29-B-18";
1726 1 1 1736,2752 "Even-29-A-18";
1727 1 0 1726,1725 "Even-29-S-18";
1728 1 1 1727,2755 "Even-29-B-17";
1729 1 1 1727,2754 "Even-29-A-17";
1730 1 0 1729,1728 "Even-29-S-17";
1731 1 1 1730,2757 "Even-29-B-16";
1732 1 1 1730,2756 "Even-29-A-16";
1733 1 0 1732,1731 "Even-29-S-16";
1734 1 1 1733,2759 "Even-29-B-15";
1735 1 1 1733,2758 "Even-29-A-15";
1736 1 0 1771,1770 "Even-29-S-19";
1737 1 1 1724,2761 "Even-29-B-14";
1738 1 1 1724,2760 "Even-29-A-14";
1739 1 0 1738,1737 "Even-29-S-14";
1740 1 1 1739,2763 "Even-29-B-13";
1741 1 1 1739,2762 "Even-29-A-13";
1742 1 0 1741,1740 "Even-29-S-13";
1743 1 1 1742,2765 "Even-29-B-12";
1744 1 1 1742,2764 "Even-29-A-12";
1745 1 0 1744,1743 "Even-29-S-12";
1746 1 1 1745,2767 "Even-29-B-11";
1747 1 1 1745,2766 "Even-29-A-11";
1748 1 0 1759,1758 "Even-29-S-23";
1749 1 1 1712,2737 "Even-29-B-26";
1750 1 1 1712,2736 "Even-29-A-26";
1751 1 0 1750,1749 "Even-29-S-26";
1752 1 1 1751,2739 "Even-29-B-25";
1753 1 1 1751,2738 "Even-29-A-25";
1754 1 0 1753,1752 "Even-29-S-25";
1755 1 1 1754,2741 "Even-29-B-24";
1756 1 1 1754,2740 "Even-29-A-24";
1757 1 0 1756,1755 "Even-29-S-24";
1758 1 1 1757,2743 "Even-29-B-23";
1759 1 1 1757,2742 "Even-29-A-23";
1760 1 0 1651,1650 "Even-28-S-20";
1761 1 1 1748,2745 "Even-29-B-22";
1762 1 1 1748,2744 "Even-29-A-22";
1763 1 0 1762,1761 "Even-29-S-22";
1764 1 1 1763,2747 "Even-29-B-21";
1765 1 1 1763,2746 "Even-29-A-21";
1766 1 0 1765,1764 "Even-29-S-21";
1767 1 1 1766,2749 "Even-29-B-20";
1768 1 1 1766,2748 "Even-29-A-20";
1769 1 0 1768,1767 "Even-29-S-20";
1770 1 1 1769,2751 "Even-29-B-19";
1771 1 1 1769,2750 "Even-29-A-19";
1772 1 1 1782,2752 "Even-27-A-18";
1773 1 0 1784,1819 "Even-27-S-22";
1774 1 1 1773,2747 "Even-27-B-21";
1775 1 1 1773,2746 "Even-27-A-21";
1776 1 0 1775,1774 "Even-27-S-21";
1777 1 1 1776,2749 "Even-27-B-20";
1778 1 1 1776,2748 "Even-27-A-20";
1779 1 0 1778,1777 "Even-27-S-20";
1780 1 1 1779,2751 "Even-27-B-19";
1781 1 1 1779,2750 "Even-27-A-19";
1782 1 0 1781,1780 "Even-27-S-19";
1783 1 1 1782,2753 "Even-27-B-18";
1784 1 1 1818,2744 "Even-27-A-22";
1785 1 0 1772,1783 "Even-27-S-18";
1786 1 1 1785,2755 "Even-27-B-17";
1787 1 1 1785,2754 "Even-27-A-17";
1788 1 0 1787,1786 "Even-27-S-17";
1789 1 1 1788,2757 "Even-27-B-16";
1790 1 1 1788,2756 "Even-27-A-16";
1791 1 0 1790,1789 "Even-27-S-16";
1792 1 1 1791,2759 "Even-27-B-15";
1793 1 1 1791,2758 "Even-27-A-15";
1794 1 0 1793,1792 "Even-27-S-15";
1795 1 1 1794,2761 "Even-27-B-14";
1796 1 1 1806,2736 "Even-27-A-26";
1797 1 1 1799,2780 "Even-8-A-4";
1798 1 1 1799,2781 "Even-8-B-4";
1799 1 0 1800,1801 "Even-8-S-5";
1800 1 1 1802,2778 "Even-8-A-5";
1801 1 1 1802,2779 "Even-8-B-5";
1802 1 0 1803,1804 "Even-8-S-6";
1803 1 1 1840,2776 "Even-8-A-6";
1804 1 1 1840,2777 "Even-8-B-6";
1805 1 0 2795,866 "Odd-27-T";
1806 1 0 2714,2733,2731 "Even-27-Z";
1807 1 1 1806,2737 "Even-27-B-26";
1808 1 1 1794,2760 "Even-27-A-14";
1809 1 0 1796,1807 "Even-27-S-26";
1810 1 1 1809,2739 "Even-27-B-25";
1811 1 1 1809,2738 "Even-27-A-25";
1812 1 0 1811,1810 "Even-27-S-25";
1813 1 1 1812,2741 "Even-27-B-24";
1814 1 1 1812,2740 "Even-27-A-24";
1815 1 0 1814,1813 "Even-27-S-24";
1816 1 1 1815,2743 "Even-27-B-23";
1817 1 1 1815,2742 "Even-27-A-23";
1818 1 0 1817,1816 "Even-27-S-23";
1819 1 1 1818,2745 "Even-27-B-22";
1820 1 1 1830,2784 "Even-27-A-2";
1821 1 0 1832,1867 "Even-27-S-6";
1822 1 1 1821,2779 "Even-27-B-5";
1823 1 1 1821,2778 "Even-27-A-5";
1824 1 0 1823,1822 "Even-27-S-5";
1825 1 1 1824,2781 "Even-27-B-4";
1826 1 1 1824,2780 "Even-27-A-4";
1827 1 0 1826,1825 "Even-27-S-4";
1828 1 1 1827,2783 "Even-27-B-3";
1829 1 1 1827,2782 "Even-27-A-3";
1830 1 0 1829,1828 "Even-27-S-3";
1831 1 1 1830,2785 "Even-27-B-2";
1832 1 1 1866,2776 "Even-27-A-6";
1833 1 0 1820,1831 "Even-27-S-2";
1834 1 1 1833,2787 "Even-27-B-1";
1835 1 1 1833,2786 "Even-27-A-1";
1836 1 0 1835,1834 "Even-27-S-1";
1837 1 1 1836,2789 "Even-27-B-0";
1838 1 1 1836,2788 "Even-27-A-0";
1839 1 0 1838,1837 "Even-27-S-0";
1840 1 0 1841,1842 "Even-8-S-7";
1841 1 1 1843,2774 "Even-8-A-7";
1842 1 1 1843,2775 "Even-8-B-7";
1843 1 0 2712,2771,2769,2767,2765,2763,2761,2759,2757,2755,2753,2751,2749,2747,2745,2743,2741,2739,2737,2735,2733,2731 "Even-8-Z";
1844 1 1 1854,2768 "Even-27-A-10";
1845 1 0 1808,1795 "Even-27-S-14";
1846 1 1 1845,2763 "Even-27-B-13";
1847 1 1 1845,2762 "Even-27-A-13";
1848 1 0 1847,1846 "Even-27-S-13";
1849 1 1 1848,2765 "Even-27-B-12";
1850 1 1 1848,2764 "Even-27-A-12";
1851 1 0 1850,1849 "Even-27-S-12";
1852 1 1 1851,2767 "Even-27-B-11";
1853 1 1 1851,2766 "Even-27-A-11";
1854 1 0 1853,1852 "Even-27-S-11";
1855 1 1 1854,2769 "Even-27-B-10";
1856 1 0 1797,1798 "Even-8-S-4";
1857 1 0 1844,1855 "Even-27-S-10";
1858 1 1 1857,2771 "Even-27-B-9";
1859 1 1 1857,2770 "Even-27-A-9";
1860 1 0 1859,1858 "Even-27-S-9";
1861 1 1 1860,2773 "Even-27-B-8";
1862 1 1 1860,2772 "Even-27-A-8";
1863 1 0 1862,1861 "Even-27-S-8";
1864 1 1 1863,2775 "Even-27-B-7";
1865 1 1 1863,2774 "Even-27-A-7";
1866 1 0 1865,1864 "Even-27-S-7";
1867 1 1 1866,2777 "Even-27-B-6";
1868 1 0 1879,1878 "Even-28-S-8";
1869 1 1 1880,2767 "Even-28-B-11";
1870 1 1 1880,2766 "Even-28-A-11";
1871 1 0 1870,1869 "Even-28-S-11";
1872 1 1 1871,2769 "Even-28-B-10";
1873 1 1 1871,2768 "Even-28-A-10";
1874 1 0 1873,1872 "Even-28-S-10";
1875 1 1 1874,2771 "Even-28-B-9";
1876 1 1 1874,2770 "Even-28-A-9";
1877 1 0 1876,1875 "Even-28-S-9";
1878 1 1 1877,2773 "Even-28-B-8";
1879 1 1 1877,2772 "Even-28-A-8";
1880 1 0 1915,1914 "Even-28-S-12";
1881 1 1 1868,2775 "Even-28-B-7";
1882 1 1 1868,2774 "Even-28-A-7";
1883 1 0 1882,1881 "Even-28-S-7";
1884 1 1 1883,2777 "Even-28-B-6";
1885 1 1 1883,2776 "Even-28-A-6";
1886 1 0 1885,1884 "Even-28-S-6";
1887 1 1 1886,2779 "Even-28-B-5";
1888 1 1 1886,2778 "Even-28-A-5";
1889 1 0 1888,1887 "Even-28-S-5";
1890 1 1 1889,2781 "Even-28-B-4";
1891 1 1 1889,2780 "Even-28-A-4";
1892 1 0 1903,1902 "Even-28-S-16";
1893 1 1 1760,2751 "Even-28-B-19";
1894 1 1 1760,2750 "Even-28-A-19";
1895 1 0 1894,1893 "Even-28-S-19";
1896 1 1 1895,2753 "Even-28-B-18";
1897 1 1 1895,2752 "Even-28-A-18";
1898 1 0 1897,1896 "Even-28-S-18";
1899 1 1 1898,2755 "Even-28-B-17";
1900 1 1 1898,2754 "Even-28-A-17";
1901 1 0 1900,1899 "Even-28-S-17";
1902 1 1 1901,2757 "Even-28-B-16";
1903 1 1 1901,2756 "Even-28-A-16";
1904 1 0 1891,1890 "Even-28-S-4";
1905 1 1 1892,2759 "Even-28-B-15";
1906 1 1 1892,2758 "Even-28-A-15";
1907 1 0 1906,1905 "Even-28-S-15";
1908 1 1 1907,2761 "Even-28-B-14";
1909 1 1 1907,2760 "Even-28-A-14";
1910 1 0 1909,1908 "Even-28-S-14";
1911 1 1 1910,2763 "Even-28-B-13";
1912 1 1 1910,2762 "Even-28-A-13";
1913 1 0 1912,1911 "Even-28-S-13";
1914 1 1 1913,2765 "Even-28-B-12";
1915 1 1 1913,2764 "Even-28-A-12";
1916 1 0 1929,1930 "Even-8-S-0";
1917 1 0 1918,1919 "Even-7-S-4";
1918 1 1 1920,2780 "Even-7-A-4";
1919 1 1 1920,2781 "Even-7-B-4";
1920 1 0 1921,1922 "Even-7-S-5";
1921 1 1 1923,2778 "Even-7-A-5";
1922 1 1 1923,2779 "Even-7-B-5";
1923 1 0 1924,1925 "Even-7-S-6";
1924 1 1 1926,2776 "Even-7-A-6";
1925 1 1 1926,2777 "Even-7-B-6";
1926 1 0 2711,2773,2771,2769,2767,2765,2763,2761,2759,2757,2755,2753,2751,2749,2747,2745,2743,2741,2739,2737,2735,2733,2731 "Even-7-Z";
1927 1 0 2835,963 "Odd-7-T";
1928 1 1 1917,2783 "Even-7-B-3";
1929 1 1 1931,2788 "Even-8-A-0";
1930 1 1 1931,2789 "Even-8-B-0";
1931 1 0 1932,1933 "Even-8-S-1";
1932 1 1 1934,2786 "Even-8-A-1";
1933 1 1 1934,2787 "Even-8-B-1";
1934 1 0 1935,1936 "Even-8-S-2";
1935 1 1 1937,2784 "Even-8-A-2";
1936 1 1 1937,2785 "Even-8-B-2";
1937 1 0 1938,1939 "Even-8-S-3";
1938 1 1 1856,2782 "Even-8-A-3";
1939 1 1 1856,2783 "Even-8-B-3";
1940 1 0 1951,1950 "Even-28-S-0";
1941 1 1 1904,2783 "Even-28-B-3";
1942 1 1 1904,2782 "Even-28-A-3";
1943 1 0 1942,1941 "Even-28-S-3";
1944 1 1 1943,2785 "Even-28-B-2";
1945 1 1 1943,2784 "Even-28-A-2";
1946 1 0 1945,1944 "Even-28-S-2";
1947 1 1 1946,2787 "Even-28-B-1";
1948 1 1 1946,2786 "Even-28-A-1";
1949 1 0 1948,1947 "Even-28-S-1";
1950 1 1 1949,2789 "Even-28-B-0";
1951 1 1 1949,2788 "Even-28-A-0";
1952 1 0 2833,1082 "Odd-8-T";
1953 1 0 1954,1955 "Even-7-S-0";
1954 1 1 1956,2788 "Even-7-A-0";
1955 1 1 1956,2789 "Even-7-B-0";
1956 1 0 1957,1958 "Even-7-S-1";
1957 1 1 1959,2786 "Even-7-A-1";
1958 1 1 1959,2787 "Even-7-B-1";
1959 1 0 1960,1961 "Even-7-S-2";
1960 1 1 1962,2784 "Even-7-A-2";
1961 1 1 1962,2785 "Even-7-B-2";
1962 1 0 1963,1928 "Even-7-S-3";
1963 1 1 1917,2782 "Even-7-A-3";
1964 1 1 1974,2758 "Even-20-A-15";
1965 1 1 2010,2752 "Even-20-A-18";
1966 1 0 1965,1976 "Even-20-S-18";
1967 1 1 1966,2755 "Even-20-B-17";
1968 1 1 1966,2754 "Even-20-A-17";
1969 1 1 2006,2767 "Even-16-B-11";
1970 1 0 1968,1967 "Even-20-S-17";
1971 1 1 2006,2766 "Even-16-A-11";
1972 1 1 1970,2757 "Even-20-B-16";
1973 1 1 1970,2756 "Even-20-A-16";
1974 1 0 1973,1972 "Even-20-S-16";
1975 1 1 1974,2759 "Even-20-B-15";
1976 1 1 2010,2753 "Even-20-B-18";
1977 1 0 1964,1975 "Even-20-S-15";
1978 1 1 1977,2761 "Even-20-B-14";
1979 1 1 1977,2760 "Even-20-A-14";
1980 1 0 1979,1978 "Even-20-S-14";
1981 1 1 1980,2763 "Even-20-B-13";
1982 1 1 1980,2762 "Even-20-A-13";
1983 1 0 1982,1981 "Even-20-S-13";
1984 1 1 1983,2765 "Even-20-B-12";
1985 1 1 1983,2764 "Even-20-A-12";
1986 1 0 1985,1984 "Even-20-S-12";
1987 1 1 1986,2767 "Even-20-B-11";
1988 1 0 2715,2759,2757,2755,2753,2751,2749,2747,2745,2743,2741,2739,2737,2735,2733,2731 "Even-14-Z";
1989 1 1 1994,2766 "Even-14-A-11";
1990 1 1 1994,2767 "Even-14-B-11";
1991 1 0 2119,2104 "Even-16-S-14";
1992 1 1 1991,2763 "Even-16-B-13";
1993 1 1 1991,2762 "Even-16-A-13";
1994 1 0 1995,1996 "Even-14-S-12";
1995 1 1 1997,2764 "Even-14-A-12";
1996 1 1 1997,2765 "Even-14-B-12";
1997 1 0 1998,1999 "Even-14-S-13";
1998 1 1 1988,2762 "Even-14-A-13";
1999 1 1 1988,2763 "Even-14-B-13";
2000 1 1 1986,2766 "Even-20-A-11";
2001 1 0 1993,1992 "Even-16-S-13";
2002 1 0 2821,1184 "Odd-14-T";
2003 1 1 2001,2765 "Even-16-B-12";
2004 1 1 2001,2764 "Even-16-A-12";
2005 1 0 2809,367 "Odd-20-T";
2006 1 0 2004,2003 "Even-16-S-12";
2007 1 0 2709,2747,2745,2743,2741,2739,2737,2735,2733,2731 "Even-20-Z";
2008 1 1 2007,2751 "Even-20-B-19";
2009 1 1 2007,2750 "Even-20-A-19";
2010 1 0 2009,2008 "Even-20-S-19";
2011 1 1 2022,2787 "Even-20-B-1";
2012 1 1 2056,2778 "Even-20-A-5";
2013 1 0 2012,2023 "Even-20-S-5";
2014 1 1 2013,2781 "Even-20-B-4";
2015 1 1 2013,2780 "Even-20-A-4";
2016 1 0 2015,2014 "Even-20-S-4";
2017 1 1 2016,2783 "Even-20-B-3";
2018 1 1 2016,2782 "Even-20-A-3";
2019 1 0 2018,2017 "Even-20-S-3";
2020 1 1 2019,2785 "Even-20-B-2";
2021 1 1 2019,2784 "Even-20-A-2";
2022 1 0 2021,2020 "Even-20-S-2";
2023 1 1 2056,2779 "Even-20-B-5";
2024 1 1 2022,2786 "Even-20-A-1";
2025 1 0 2024,2011 "Even-20-S-1";
2026 1 1 2025,2789 "Even-20-B-0";
2027 1 1 2025,2788 "Even-20-A-0";
2028 1 0 2027,2026 "Even-20-S-0";
2029 1 0 2053,2052 "Even-16-S-9";
2030 1 1 2029,2773 "Even-16-B-8";
2031 1 1 2029,2772 "Even-16-A-8";
2032 1 0 2031,2030 "Even-16-S-8";
2033 1 1 2032,2775 "Even-16-B-7";
2034 1 1 2044,2772 "Even-20-A-8";
2035 1 0 2000,1987 "Even-20-S-11";
2036 1 1 2035,2769 "Even-20-B-10";
2037 1 1 2035,2768 "Even-20-A-10";
2038 1 0 2037,2036 "Even-20-S-10";
2039 1 1 2038,2771 "Even-20-B-9";
2040 1 0 1971,1969 "Even-16-S-11";
2041 1 1 2040,2769 "Even-16-B-10";
2042 1 1 2040,2768 "Even-16-A-10";
2043 1 1 2038,2770 "Even-20-A-9";
2044 1 0 2043,2039 "Even-20-S-9";
2045 1 1 2044,2773 "Even-20-B-8";
2046 1 0 1989,1990 "Even-14-S-11";
2047 1 0 2034,2045 "Even-20-S-8";
2048 1 1 2047,2775 "Even-20-B-7";
2049 1 1 2047,2774 "Even-20-A-7";
2050 1 0 2049,2048 "Even-20-S-7";
2051 1 0 2042,2041 "Even-16-S-10";
2052 1 1 2051,2771 "Even-16-B-9";
2053 1 1 2051,2770 "Even-16-A-9";
2054 1 1 2050,2777 "Even-20-B-6";
2055 1 1 2050,2776 "Even-20-A-6";
2056 1 0 2055,2054 "Even-20-S-6";
2057 1 0 2068,2067 "Even-21-S-14";
2058 1 1 2069,2755 "Even-21-B-17";
2059 1 1 2069,2754 "Even-21-A-17";
2060 1 0 2059,2058 "Even-21-S-17";
2061 1 1 2060,2757 "Even-21-B-16";
2062 1 1 2060,2756 "Even-21-A-16";
2063 1 0 2062,2061 "Even-21-S-16";
2064 1 1 2063,2759 "Even-21-B-15";
2065 1 1 2063,2758 "Even-21-A-15";
2066 1 0 2065,2064 "Even-21-S-15";
2067 1 1 2066,2761 "Even-21-B-14";
2068 1 1 2066,2760 "Even-21-A-14";
2069 1 0 2103,2102 "Even-21-S-18";
2070 1 1 2057,2763 "Even-21-B-13";
2071 1 1 2057,2762 "Even-21-A-13";
2072 1 0 2071,2070 "Even-21-S-13";
2073 1 1 2072,2765 "Even-21-B-12";
2074 1 1 2072,2764 "Even-21-A-12";
2075 1 0 2074,2073 "Even-21-S-12";
2076 1 1 2075,2767 "Even-21-B-11";
2077 1 1 2075,2766 "Even-21-A-11";
2078 1 0 2077,2076 "Even-21-S-11";
2079 1 1 2078,2769 "Even-21-B-10";
2080 1 1 2078,2768 "Even-21-A-10";
2081 1 0 2807,59 "Odd-21-T";
2082 1 1 2083,2781 "Even-14-B-4";
2083 1 0 2084,2085 "Even-14-S-5";
2084 1 1 2086,2778 "Even-14-A-5";
2085 1 1 2086,2779 "Even-14-B-5";
2086 1 0 2087,2088 "Even-14-S-6";
2087 1 1 2089,2776 "Even-14-A-6";
2088 1 1 2089,2777 "Even-14-B-6";
2089 1 0 2090,2091 "Even-14-S-7";
2090 1 1 2117,2774 "Even-14-A-7";
2091 1 1 2117,2775 "Even-14-B-7";
2092 1 0 2815,299 "Odd-17-T";
2093 1 0 2080,2079 "Even-21-S-10";
2094 1 0 2817,1236 "Odd-16-T";
2095 1 0 2713,2745,2743,2741,2739,2737,2735,2733,2731 "Even-21-Z";
2096 1 1 2095,2749 "Even-21-B-20";
2097 1 1 2095,2748 "Even-21-A-20";
2098 1 0 2097,2096 "Even-21-S-20";
2099 1 1 2098,2751 "Even-21-B-19";
2100 1 1 2098,2750 "Even-21-A-19";
2101 1 0 2100,2099 "Even-21-S-19";
2102 1 1 2101,2753 "Even-21-B-18";
2103 1 1 2101,2752 "Even-21-A-18";
2104 1 1 2115,2761 "Even-16-B-14";
2105 1 0 2116,2149 "Even-21-S-2";
2106 1 0 2729,2755,2753,2751,2749,2747,2745,2743,2741,2739,2737,2735,2733,2731 "Even-16-Z";
2107 1 1 2105,2787 "Even-21-B-1";
2108 1 1 2106,2759 "Even-16-B-15";
2109 1 1 2105,2786 "Even-21-A-1";
2110 1 0 2109,2107 "Even-21-S-1";
2111 1 1 2110,2789 "Even-21-B-0";
2112 1 1 2110,2788 "Even-21-A-0";
2113 1 0 2112,2111 "Even-21-S-0";
2114 1 1 2106,2758 "Even-16-A-15";
2115 1 0 2114,2108 "Even-16-S-15";
2116 1 1 2148,2784 "Even-21-A-2";
2117 1 0 2118,2120 "Even-14-S-8";
2118 1 1 2121,2772 "Even-14-A-8";
2119 1 1 2115,2760 "Even-16-A-14";
2120 1 1 2121,2773 "Even-14-B-8";
2121 1 0 2122,2123 "Even-14-S-9";
2122 1 1 2124,2770 "Even-14-A-9";
2123 1 1 2124,2771 "Even-14-B-9";
2124 1 0 2125,2126 "Even-14-S-10";
2125 1 1 2046,2768 "Even-14-A-10";
2126 1 1 2046,2769 "Even-14-B-10";
2127 1 0 2138,2137 "Even-21-S-6";
2128 1 1 2093,2771 "Even-21-B-9";
2129 1 1 2093,2770 "Even-21-A-9";
2130 1 0 2129,2128 "Even-21-S-9";
2131 1 1 2130,2773 "Even-21-B-8";
2132 1 1 2130,2772 "Even-21-A-8";
2133 1 0 2132,2131 "Even-21-S-8";
2134 1 1 2133,2775 "Even-21-B-7";
2135 1 1 2133,2774 "Even-21-A-7";
2136 1 0 2135,2134 "Even-21-S-7";
2137 1 1 2136,2777 "Even-21-B-6";
2138 1 1 2136,2776 "Even-21-A-6";
2139 1 1 2032,2774 "Even-16-A-7";
2140 1 1 2127,2779 "Even-21-B-5";
2141 1 1 2127,2778 "Even-21-A-5";
2142 1 0 2141,2140 "Even-21-S-5";
2143 1 1 2142,2781 "Even-21-B-4";
2144 1 1 2142,2780 "Even-21-A-4";
2145 1 0 2144,2143 "Even-21-S-4";
2146 1 1 2145,2783 "Even-21-B-3";
2147 1 1 2145,2782 "Even-21-A-3";
2148 1 0 2147,2146 "Even-21-S-3";
2149 1 1 2148,2785 "Even-21-B-2";
2150 1 1 2163,2789 "Even-16-B-0";
2151 1 0 2196,2179 "Even-16-S-3";
2152 1 1 2162,2789 "Even-19-B-0";
2153 1 1 2162,2788 "Even-19-A-0";
2154 1 0 2153,2152 "Even-19-S-0";
2155 1 1 2151,2785 "Even-16-B-2";
2156 1 1 2151,2784 "Even-16-A-2";
2157 1 0 2158,2159 "Even-18-S-0";
2158 1 1 2167,2788 "Even-18-A-0";
2159 1 1 2167,2789 "Even-18-B-0";
2160 1 0 2161,2150 "Even-16-S-0";
2161 1 1 2163,2788 "Even-16-A-0";
2162 1 0 2195,2194 "Even-19-S-1";
2163 1 0 2164,2165 "Even-16-S-1";
2164 1 1 2166,2786 "Even-16-A-1";
2165 1 1 2166,2787 "Even-16-B-1";
2166 1 0 2156,2155 "Even-16-S-2";
2167 1 0 2168,2169 "Even-18-S-1";
2168 1 1 2170,2786 "Even-18-A-1";
2169 1 1 2170,2787 "Even-18-B-1";
2170 1 0 2172,2227 "Even-18-S-2";
2171 1 0 2813,247 "Odd-18-T";
2172 1 1 2228,2784 "Even-18-A-2";
2173 1 0 2700,2751,2749,2747,2745,2743,2741,2739,2737,2735,2733,2731 "Even-18-Z";
2174 1 1 2184,2780 "Even-19-A-4";
2175 1 0 2232,2311 "Even-19-S-7";
2176 1 1 2175,2777 "Even-19-B-6";
2177 1 1 2293,2780 "Even-16-A-4";
2178 1 0 2177,2295 "Even-16-S-4";
2179 1 1 2178,2783 "Even-16-B-3";
2180 1 1 2175,2776 "Even-19-A-6";
2181 1 0 2180,2176 "Even-19-S-6";
2182 1 1 2181,2779 "Even-19-B-5";
2183 1 1 2181,2778 "Even-19-A-5";
2184 1 0 2183,2182 "Even-19-S-5";
2185 1 1 2184,2781 "Even-19-B-4";
2186 1 1 2173,2755 "Even-18-B-17";
2187 1 0 2174,2185 "Even-19-S-4";
2188 1 1 2187,2783 "Even-19-B-3";
2189 1 1 2187,2782 "Even-19-A-3";
2190 1 0 2189,2188 "Even-19-S-3";
2191 1 1 2190,2785 "Even-19-B-2";
2192 1 1 2190,2784 "Even-19-A-2";
2193 1 0 2192,2191 "Even-19-S-2";
2194 1 1 2193,2787 "Even-19-B-1";
2195 1 1 2193,2786 "Even-19-A-1";
2196 1 1 2178,2782 "Even-16-A-3";
2197 1 0 2208,2207 "Even-18-S-7";
2198 1 1 2209,2769 "Even-18-B-10";
2199 1 1 2209,2768 "Even-18-A-10";
2200 1 0 2199,2198 "Even-18-S-10";
2201 1 1 2200,2771 "Even-18-B-9";
2202 1 1 2200,2770 "Even-18-A-9";
2203 1 0 2202,2201 "Even-18-S-9";
2204 1 1 2203,2773 "Even-18-B-8";
2205 1 1 2203,2772 "Even-18-A-8";
2206 1 0 2205,2204 "Even-18-S-8";
2207 1 1 2206,2775 "Even-18-B-7";
2208 1 1 2206,2774 "Even-18-A-7";
2209 1 0 2242,2241 "Even-18-S-11";
2210 1 1 2197,2777 "Even-18-B-6";
2211 1 1 2197,2776 "Even-18-A-6";
2212 1 0 2211,2210 "Even-18-S-6";
2213 1 1 2212,2779 "Even-18-B-5";
2214 1 1 2212,2778 "Even-18-A-5";
2215 1 0 2214,2213 "Even-18-S-5";
2216 1 1 2215,2781 "Even-18-B-4";
2217 1 1 2215,2780 "Even-18-A-4";
2218 1 0 2217,2216 "Even-18-S-4";
2219 1 1 2218,2783 "Even-18-B-3";
2220 1 1 2231,2761 "Even-18-B-14";
2221 1 1 2173,2754 "Even-18-A-17";
2222 1 0 2221,2186 "Even-18-S-17";
2223 1 1 2222,2757 "Even-18-B-16";
2224 1 1 2222,2756 "Even-18-A-16";
2225 1 0 2224,2223 "Even-18-S-16";
2226 1 1 2225,2759 "Even-18-B-15";
2227 1 1 2228,2785 "Even-18-B-2";
2228 1 0 2229,2219 "Even-18-S-3";
2229 1 1 2218,2782 "Even-18-A-3";
2230 1 1 2225,2758 "Even-18-A-15";
2231 1 0 2230,2226 "Even-18-S-15";
2232 1 1 2310,2774 "Even-19-A-7";
2233 1 1 2231,2760 "Even-18-A-14";
2234 1 0 2233,2220 "Even-18-S-14";
2235 1 1 2234,2763 "Even-18-B-13";
2236 1 1 2234,2762 "Even-18-A-13";
2237 1 0 2236,2235 "Even-18-S-13";
2238 1 1 2237,2765 "Even-18-B-12";
2239 1 1 2237,2764 "Even-18-A-12";
2240 1 0 2239,2238 "Even-18-S-12";
2241 1 1 2240,2767 "Even-18-B-11";
2242 1 1 2240,2766 "Even-18-A-11";
2243 1 1 2257,2766 "Even-15-A-11";
2244 1 1 2245,2775 "Even-15-B-7";
2245 1 0 2246,2247 "Even-15-S-8";
2246 1 1 2248,2772 "Even-15-A-8";
2247 1 1 2248,2773 "Even-15-B-8";
2248 1 0 2249,2250 "Even-15-S-9";
2249 1 1 2251,2770 "Even-15-A-9";
2250 1 1 2251,2771 "Even-15-B-9";
2251 1 0 2252,2253 "Even-15-S-10";
2252 1 1 2254,2768 "Even-15-A-10";
2253 1 1 2254,2769 "Even-15-B-10";
2254 1 0 2243,2256 "Even-15-S-11";
2255 1 1 2245,2774 "Even-15-A-7";
2256 1 1 2257,2767 "Even-15-B-11";
2257 1 0 2258,2259 "Even-15-S-12";
2258 1 1 2260,2764 "Even-15-A-12";
2259 1 1 2260,2765 "Even-15-B-12";
2260 1 0 2261,2262 "Even-15-S-13";
2261 1 1 2263,2762 "Even-15-A-13";
2262 1 1 2263,2763 "Even-15-B-13";
2263 1 0 2264,2265 "Even-15-S-14";
2264 1 1 2278,2760 "Even-15-A-14";
2265 1 1 2278,2761 "Even-15-B-14";
2266 1 1 2279,2783 "Even-15-B-3";
2267 1 0 2268,2269 "Even-15-S-0";
2268 1 1 2270,2788 "Even-15-A-0";
2269 1 1 2270,2789 "Even-15-B-0";
2270 1 0 2271,2272 "Even-15-S-1";
2271 1 1 2273,2786 "Even-15-A-1";
2272 1 1 2273,2787 "Even-15-B-1";
2273 1 0 2274,2275 "Even-15-S-2";
2274 1 1 2276,2784 "Even-15-A-2";
2275 1 1 2276,2785 "Even-15-B-2";
2276 1 0 2277,2266 "Even-15-S-3";
2277 1 1 2279,2782 "Even-15-A-3";
2278 1 0 2708,2757,2755,2753,2751,2749,2747,2745,2743,2741,2739,2737,2735,2733,2731 "Even-15-Z";
2279 1 0 2280,2281 "Even-15-S-4";
2280 1 1 2282,2780 "Even-15-A-4";
2281 1 1 2282,2781 "Even-15-B-4";
2282 1 0 2283,2284 "Even-15-S-5";
2283 1 1 2285,2778 "Even-15-A-5";
2284 1 1 2285,2779 "Even-15-B-5";
2285 1 0 2286,2287 "Even-15-S-6";
2286 1 1 2288,2776 "Even-15-A-6";
2287 1 1 2288,2777 "Even-15-B-6";
2288 1 0 2255,2244 "Even-15-S-7";
2289 1 0 2300,2299 "Even-19-S-11";
2290 1 0 2301,2334 "Even-19-S-14";
2291 1 1 2290,2763 "Even-19-B-13";
2292 1 1 2290,2762 "Even-19-A-13";
2293 1 0 2327,2325 "Even-16-S-5";
2294 1 0 2292,2291 "Even-19-S-13";
2295 1 1 2293,2781 "Even-16-B-4";
2296 1 1 2294,2765 "Even-19-B-12";
2297 1 1 2294,2764 "Even-19-A-12";
2298 1 0 2297,2296 "Even-19-S-12";
2299 1 1 2298,2767 "Even-19-B-11";
2300 1 1 2298,2766 "Even-19-A-11";
2301 1 1 2333,2760 "Even-19-A-14";
2302 1 1 2289,2769 "Even-19-B-10";
2303 1 1 2289,2768 "Even-19-A-10";
2304 1 0 2303,2302 "Even-19-S-10";
2305 1 1 2304,2771 "Even-19-B-9";
2306 1 1 2304,2770 "Even-19-A-9";
2307 1 0 2306,2305 "Even-19-S-9";
2308 1 1 2307,2773 "Even-19-B-8";
2309 1 1 2307,2772 "Even-19-A-8";
2310 1 0 2309,2308 "Even-19-S-8";
2311 1 1 2310,2775 "Even-19-B-7";
2312 1 1 2322,2754 "Even-19-A-17";
2313 1 0 2139,2033 "Even-16-S-7";
2314 1 0 2819,1033 "Odd-15-T";
2315 1 1 2313,2777 "Even-16-B-6";
2316 1 1 2313,2776 "Even-16-A-6";
2317 1 0 2811,425 "Odd-19-T";
2318 1 0 2316,2315 "Even-16-S-6";
2319 1 0 2728,2749,2747,2745,2743,2741,2739,2737,2735,2733,2731 "Even-19-Z";
2320 1 1 2319,2753 "Even-19-B-18";
2321 1 1 2319,2752 "Even-19-A-18";
2322 1 0 2321,2320 "Even-19-S-18";
2323 1 1 2322,2755 "Even-19-B-17";
2324 1 1 2083,2780 "Even-14-A-4";
2325 1 1 2318,2779 "Even-16-B-5";
2326 1 0 2312,2323 "Even-19-S-17";
2327 1 1 2318,2778 "Even-16-A-5";
2328 1 1 2326,2757 "Even-19-B-16";
2329 1 1 2326,2756 "Even-19-A-16";
2330 1 0 2329,2328 "Even-19-S-16";
2331 1 1 2330,2759 "Even-19-B-15";
2332 1 1 2330,2758 "Even-19-A-15";
2333 1 0 2332,2331 "Even-19-S-15";
2334 1 1 2333,2761 "Even-19-B-14";
2335 1 0 2348,2349 "Even-12-S-10";
2336 1 1 2338,2776 "Even-12-A-6";
2337 1 1 2338,2777 "Even-12-B-6";
2338 1 0 2339,2340 "Even-12-S-7";
2339 1 1 2341,2774 "Even-12-A-7";
2340 1 1 2341,2775 "Even-12-B-7";
2341 1 0 2342,2343 "Even-12-S-8";
2342 1 1 2344,2772 "Even-12-A-8";
2343 1 1 2344,2773 "Even-12-B-8";
2344 1 0 2345,2346 "Even-12-S-9";
2345 1 1 2335,2770 "Even-12-A-9";
2346 1 1 2335,2771 "Even-12-B-9";
2347 1 0 2336,2337 "Even-12-S-6";
2348 1 1 2350,2768 "Even-12-A-10";
2349 1 1 2350,2769 "Even-12-B-10";
2350 1 0 2351,2352 "Even-12-S-11";
2351 1 1 2353,2766 "Even-12-A-11";
2352 1 1 2353,2767 "Even-12-B-11";
2353 1 0 2722,2763,2761,2759,2757,2755,2753,2751,2749,2747,2745,2743,2741,2739,2737,2735,2733,2731 "Even-12-Z";
2354 1 1 2356,2781 "Even-17-B-4";
2355 1 0 2825,1042 "Odd-12-T";
2356 1 0 2357,2405 "Even-17-S-5";
2357 1 1 2406,2778 "Even-17-A-5";
2358 1 0 2371,2372 "Even-12-S-3";
2359 1 1 2378,2782 "Even-17-A-3";
2360 1 1 2378,2783 "Even-17-B-3";
2361 1 0 2362,2363 "Even-12-S-0";
2362 1 1 2364,2788 "Even-12-A-0";
2363 1 1 2364,2789 "Even-12-B-0";
2364 1 0 2365,2366 "Even-12-S-1";
2365 1 1 2367,2786 "Even-12-A-1";
2366 1 1 2367,2787 "Even-12-B-1";
2367 1 0 2368,2369 "Even-12-S-2";
2368 1 1 2358,2784 "Even-12-A-2";
2369 1 1 2358,2785 "Even-12-B-2";
2370 1 0 2803,176 "Odd-23-T";
2371 1 1 2373,2782 "Even-12-A-3";
2372 1 1 2373,2783 "Even-12-B-3";
2373 1 0 2374,2375 "Even-12-S-4";
2374 1 1 2376,2780 "Even-12-A-4";
2375 1 1 2376,2781 "Even-12-B-4";
2376 1 0 2377,2379 "Even-12-S-5";
2377 1 1 2347,2778 "Even-12-A-5";
2378 1 0 2380,2354 "Even-17-S-4";
2379 1 1 2347,2779 "Even-12-B-5";
2380 1 1 2356,2780 "Even-17-A-4";
2381 1 1 2394,2777 "Even-17-B-6";
2382 1 1 2426,2756 "Even-23-A-16";
2383 1 0 2382,2393 "Even-23-S-16";
2384 1 1 2383,2759 "Even-23-B-15";
2385 1 1 2383,2758 "Even-23-A-15";
2386 1 0 2385,2384 "Even-23-S-15";
2387 1 1 2386,2761 "Even-23-B-14";
2388 1 1 2386,2760 "Even-23-A-14";
2389 1 0 2388,2387 "Even-23-S-14";
2390 1 1 2389,2763 "Even-23-B-13";
2391 1 1 2389,2762 "Even-23-A-13";
2392 1 0 2391,2390 "Even-23-S-13";
2393 1 1 2426,2757 "Even-23-B-16";
2394 1 0 2395,2640 "Even-17-S-7";
2395 1 1 2641,2774 "Even-17-A-7";
2396 1 1 2392,2765 "Even-23-B-12";
2397 1 1 2392,2764 "Even-23-A-12";
2398 1 0 2397,2396 "Even-23-S-12";
2399 1 1 2398,2767 "Even-23-B-11";
2400 1 1 2398,2766 "Even-23-A-11";
2401 1 0 2400,2399 "Even-23-S-11";
2402 1 1 2401,2768 "Even-23-A-10";
2403 1 0 2402,2508 "Even-23-S-10";
2404 1 1 2414,2748 "Even-23-A-20";
2405 1 1 2406,2779 "Even-17-B-5";
2406 1 0 2407,2381 "Even-17-S-6";
2407 1 1 2394,2776 "Even-17-A-6";
2408 1 0 2719,2741,2739,2737,2735,2733,2731 "Even-23-Z";
2409 1 1 2408,2745 "Even-23-B-22";
2410 1 1 2408,2744 "Even-23-A-22";
2411 1 0 2410,2409 "Even-23-S-22";
2412 1 1 2411,2747 "Even-23-B-21";
2413 1 1 2411,2746 "Even-23-A-21";
2414 1 0 2413,2412 "Even-23-S-21";
2415 1 1 2414,2749 "Even-23-B-20";
2416 1 0 2359,2360 "Even-17-S-3";
2417 1 0 2404,2415 "Even-23-S-20";
2418 1 1 2417,2751 "Even-23-B-19";
2419 1 1 2417,2750 "Even-23-A-19";
2420 1 0 2419,2418 "Even-23-S-19";
2421 1 1 2420,2753 "Even-23-B-18";
2422 1 1 2420,2752 "Even-23-A-18";
2423 1 0 2422,2421 "Even-23-S-18";
2424 1 1 2423,2755 "Even-23-B-17";
2425 1 1 2423,2754 "Even-23-A-17";
2426 1 0 2425,2424 "Even-23-S-17";
2427 1 1 2440,2787 "Even-17-B-1";
2428 1 1 2430,2788 "Even-17-A-0";
2429 1 1 2430,2789 "Even-17-B-0";
2430 1 0 2438,2427 "Even-17-S-1";
2431 1 0 2439,2472 "Even-24-S-20";
2432 1 1 2431,2751 "Even-24-B-19";
2433 1 1 2431,2750 "Even-24-A-19";
2434 1 0 2433,2432 "Even-24-S-19";
2435 1 1 2434,2753 "Even-24-B-18";
2436 1 1 2434,2752 "Even-24-A-18";
2437 1 0 2436,2435 "Even-24-S-18";
2438 1 1 2440,2786 "Even-17-A-1";
2439 1 1 2471,2748 "Even-24-A-20";
2440 1 0 2494,2495 "Even-17-S-2";
2441 1 1 2437,2755 "Even-24-B-17";
2442 1 1 2437,2754 "Even-24-A-17";
2443 1 0 2442,2441 "Even-24-S-17";
2444 1 1 2443,2757 "Even-24-B-16";
2445 1 1 2443,2756 "Even-24-A-16";
2446 1 0 2445,2444 "Even-24-S-16";
2447 1 1 2446,2759 "Even-24-B-15";
2448 1 1 2446,2758 "Even-24-A-15";
2449 1 0 2448,2447 "Even-24-S-15";
2450 1 0 2723,2739,2737,2735,2733,2731 "Even-24-Z";
2451 1 0 2452,2453 "Even-11-S-9";
2452 1 1 2454,2770 "Even-11-A-9";
2453 1 1 2454,2771 "Even-11-B-9";
2454 1 0 2455,2456 "Even-11-S-10";
2455 1 1 2457,2768 "Even-11-A-10";
2456 1 1 2457,2769 "Even-11-B-10";
2457 1 0 2725,2765,2763,2761,2759,2757,2755,2753,2751,2749,2747,2745,2743,2741,2739,2737,2735,2733,2731 "Even-11-Z";
2458 1 1 2451,2773 "Even-11-B-8";
2459 1 0 2827,1210 "Odd-11-T";
2460 1 0 2801,164 "Odd-24-T";
2461 1 0 2428,2429 "Even-17-S-0";
2462 1 1 2449,2761 "Even-24-B-14";
2463 1 1 2450,2743 "Even-24-B-23";
2464 1 1 2450,2742 "Even-24-A-23";
2465 1 0 2464,2463 "Even-24-S-23";
2466 1 1 2465,2745 "Even-24-B-22";
2467 1 1 2465,2744 "Even-24-A-22";
2468 1 0 2467,2466 "Even-24-S-22";
2469 1 1 2468,2747 "Even-24-B-21";
2470 1 1 2468,2746 "Even-24-A-21";
2471 1 0 2470,2469 "Even-24-S-21";
2472 1 1 2471,2749 "Even-24-B-20";
2473 1 1 2484,2785 "Even-24-B-2";
2474 1 1 2518,2776 "Even-24-A-6";
2475 1 0 2474,2485 "Even-24-S-6";
2476 1 1 2475,2779 "Even-24-B-5";
2477 1 1 2475,2778 "Even-24-A-5";
2478 1 0 2477,2476 "Even-24-S-5";
2479 1 1 2478,2781 "Even-24-B-4";
2480 1 1 2478,2780 "Even-24-A-4";
2481 1 0 2480,2479 "Even-24-S-4";
2482 1 1 2481,2783 "Even-24-B-3";
2483 1 1 2481,2782 "Even-24-A-3";
2484 1 0 2483,2482 "Even-24-S-3";
2485 1 1 2518,2777 "Even-24-B-6";
2486 1 1 2484,2784 "Even-24-A-2";
2487 1 0 2486,2473 "Even-24-S-2";
2488 1 1 2487,2787 "Even-24-B-1";
2489 1 1 2487,2786 "Even-24-A-1";
2490 1 0 2489,2488 "Even-24-S-1";
2491 1 1 2490,2789 "Even-24-B-0";
2492 1 1 2490,2788 "Even-24-A-0";
2493 1 0 2492,2491 "Even-24-S-0";
2494 1 1 2416,2784 "Even-17-A-2";
2495 1 1 2416,2785 "Even-17-B-2";
2496 1 1 2506,2768 "Even-24-A-10";
2497 1 1 2449,2760 "Even-24-A-14";
2498 1 0 2497,2462 "Even-24-S-14";
2499 1 1 2498,2763 "Even-24-B-13";
2500 1 1 2498,2762 "Even-24-A-13";
2501 1 1 1392,2765 "Even-24-B-12";
2502 1 1 1392,2764 "Even-24-A-12";
2503 1 0 2502,2501 "Even-24-S-12";
2504 1 1 2503,2767 "Even-24-B-11";
2505 1 1 2503,2766 "Even-24-A-11";
2506 1 0 2505,2504 "Even-24-S-11";
2507 1 1 2506,2769 "Even-24-B-10";
2508 1 1 2401,2769 "Even-23-B-10";
2509 1 0 2496,2507 "Even-24-S-10";
2510 1 1 2509,2771 "Even-24-B-9";
2511 1 1 2509,2770 "Even-24-A-9";
2512 1 0 2511,2510 "Even-24-S-9";
2513 1 1 2512,2773 "Even-24-B-8";
2514 1 1 2512,2772 "Even-24-A-8";
2515 1 0 2514,2513 "Even-24-S-8";
2516 1 1 2515,2775 "Even-24-B-7";
2517 1 1 2515,2774 "Even-24-A-7";
2518 1 0 2517,2516 "Even-24-S-7";
2519 1 0 2530,2529 "Even-22-S-10";
2520 1 1 2531,2763 "Even-22-B-13";
2521 1 1 2531,2762 "Even-22-A-13";
2522 1 0 2521,2520 "Even-22-S-13";
2523 1 1 2522,2765 "Even-22-B-12";
2524 1 1 2522,2764 "Even-22-A-12";
2525 1 0 2524,2523 "Even-22-S-12";
2526 1 1 2525,2767 "Even-22-B-11";
2527 1 1 2525,2766 "Even-22-A-11";
2528 1 0 2527,2526 "Even-22-S-11";
2529 1 1 2528,2769 "Even-22-B-10";
2530 1 1 2528,2768 "Even-22-A-10";
2531 1 0 2564,2563 "Even-22-S-14";
2532 1 1 2519,2771 "Even-22-B-9";
2533 1 1 2519,2770 "Even-22-A-9";
2534 1 0 2533,2532 "Even-22-S-9";
2535 1 1 2534,2773 "Even-22-B-8";
2536 1 1 2534,2772 "Even-22-A-8";
2537 1 0 2536,2535 "Even-22-S-8";
2538 1 1 2537,2775 "Even-22-B-7";
2539 1 1 2537,2774 "Even-22-A-7";
2540 1 0 2539,2538 "Even-22-S-7";
2541 1 0 2554,2589 "Even-17-S-13";
2542 1 0 2553,2552 "Even-22-S-17";
2543 1 1 2678,2749 "Even-22-B-20";
2544 1 1 2403,2771 "Even-23-B-9";
2545 1 0 2600,2543 "Even-22-S-20";
2546 1 1 2545,2751 "Even-22-B-19";
2547 1 1 2545,2750 "Even-22-A-19";
2548 1 0 2547,2546 "Even-22-S-19";
2549 1 1 2548,2753 "Even-22-B-18";
2550 1 1 2548,2752 "Even-22-A-18";
2551 1 0 2550,2549 "Even-22-S-18";
2552 1 1 2551,2755 "Even-22-B-17";
2553 1 1 2551,2754 "Even-22-A-17";
2554 1 1 2577,2762 "Even-17-A-13";
2555 1 1 2542,2757 "Even-22-B-16";
2556 1 1 2541,2764 "Even-17-A-12";
2557 1 1 2542,2756 "Even-22-A-16";
2558 1 1 2541,2765 "Even-17-B-12";
2559 1 0 2557,2555 "Even-22-S-16";
2560 1 1 2559,2759 "Even-22-B-15";
2561 1 1 2559,2758 "Even-22-A-15";
2562 1 0 2561,2560 "Even-22-S-15";
2563 1 1 2562,2761 "Even-22-B-14";
2564 1 1 2562,2760 "Even-22-A-14";
2565 1 0 2702,2753,2751,2749,2747,2745,2743,2741,2739,2737,2735,2733,2731 "Even-17-Z";
2566 1 1 2568,2760 "Even-17-A-14";
2567 1 1 2568,2761 "Even-17-B-14";
2568 1 0 2569,2570 "Even-17-S-15";
2569 1 1 2571,2758 "Even-17-A-15";
2570 1 1 2571,2759 "Even-17-B-15";
2571 1 0 2575,2576 "Even-17-S-16";
2572 1 0 2573,2574 "Even-14-S-0";
2573 1 1 2578,2788 "Even-14-A-0";
2574 1 1 2578,2789 "Even-14-B-0";
2575 1 1 2565,2756 "Even-17-A-16";
2576 1 1 2565,2757 "Even-17-B-16";
2577 1 0 2566,2567 "Even-17-S-14";
2578 1 0 2579,2580 "Even-14-S-1";
2579 1 1 2581,2786 "Even-14-A-1";
2580 1 1 2581,2787 "Even-14-B-1";
2581 1 0 2582,2583 "Even-14-S-2";
2582 1 1 2584,2784 "Even-14-A-2";
2583 1 1 2584,2785 "Even-14-B-2";
2584 1 0 2585,2586 "Even-14-S-3";
2585 1 1 2587,2782 "Even-14-A-3";
2586 1 1 2587,2783 "Even-14-B-3";
2587 1 0 2324,2082 "Even-14-S-4";
2588 1 1 2598,2782 "Even-22-A-3";
2589 1 1 2577,2763 "Even-17-B-13";
2590 1 1 2540,2777 "Even-22-B-6";
2591 1 1 2540,2776 "Even-22-A-6";
2592 1 0 2591,2590 "Even-22-S-6";
2593 1 1 2592,2779 "Even-22-B-5";
2594 1 1 2592,2778 "Even-22-A-5";
2595 1 0 2594,2593 "Even-22-S-5";
2596 1 1 2595,2781 "Even-22-B-4";
2597 1 1 2595,2780 "Even-22-A-4";
2598 1 0 2597,2596 "Even-22-S-4";
2599 1 1 2598,2783 "Even-22-B-3";
2600 1 1 2678,2748 "Even-22-A-20";
2601 1 0 2588,2599 "Even-22-S-3";
2602 1 1 2601,2785 "Even-22-B-2";
2603 1 1 2601,2784 "Even-22-A-2";
2604 1 0 2603,2602 "Even-22-S-2";
2605 1 1 2604,2787 "Even-22-B-1";
2606 1 1 2604,2786 "Even-22-A-1";
2607 1 0 2606,2605 "Even-22-S-1";
2608 1 1 2607,2789 "Even-22-B-0";
2609 1 1 2607,2788 "Even-22-A-0";
2610 1 0 2609,2608 "Even-22-S-0";
2611 1 1 2625,2770 "Even-17-A-9";
2612 1 1 2656,2784 "Even-23-A-2";
2613 1 0 2612,2623 "Even-23-S-2";
2614 1 1 2613,2787 "Even-23-B-1";
2615 1 1 2613,2786 "Even-23-A-1";
2616 1 0 2615,2614 "Even-23-S-1";
2617 1 1 2616,2789 "Even-23-B-0";
2618 1 1 2616,2788 "Even-23-A-0";
2619 1 0 2618,2617 "Even-23-S-0";
2620 1 1 2622,2772 "Even-17-A-8";
2621 1 1 2622,2773 "Even-17-B-8";
2622 1 0 2611,2624 "Even-17-S-9";
2623 1 1 2656,2785 "Even-23-B-2";
2624 1 1 2625,2771 "Even-17-B-9";
2625 1 0 2657,2670 "Even-17-S-10";
2626 1 0 2627,2628 "Even-13-S-0";
2627 1 1 2629,2788 "Even-13-A-0";
2628 1 1 2629,2789 "Even-13-B-0";
2629 1 0 2630,2646 "Even-13-S-1";
2630 1 1 2632,2786 "Even-13-A-1";
2631 1 0 2556,2558 "Even-17-S-12";
2632 1 0 2633,2680 "Even-13-S-2";
2633 1 1 2668,2784 "Even-13-A-2";
2634 1 1 2644,2776 "Even-23-A-6";
2635 1 1 2403,2770 "Even-23-A-9";
2636 1 0 2635,2544 "Even-23-S-9";
2637 1 1 2636,2773 "Even-23-B-8";
2638 1 1 2636,2772 "Even-23-A-8";
2639 1 0 2638,2637 "Even-23-S-8";
2640 1 1 2641,2775 "Even-17-B-7";
2641 1 0 2620,2621 "Even-17-S-8";
2642 1 1 2639,2775 "Even-23-B-7";
2643 1 1 2639,2774 "Even-23-A-7";
2644 1 0 2643,2642 "Even-23-S-7";
2645 1 1 2644,2777 "Even-23-B-6";
2646 1 1 2632,2787 "Even-13-B-1";
2647 1 0 2634,2645 "Even-23-S-6";
2648 1 1 2647,2779 "Even-23-B-5";
2649 1 1 2647,2778 "Even-23-A-5";
2650 1 0 2649,2648 "Even-23-S-5";
2651 1 1 2650,2781 "Even-23-B-4";
2652 1 1 2650,2780 "Even-23-A-4";
2653 1 0 2652,2651 "Even-23-S-4";
2654 1 1 2653,2783 "Even-23-B-3";
2655 1 1 2653,2782 "Even-23-A-3";
2656 1 0 2655,2654 "Even-23-S-3";
2657 1 1 2671,2768 "Even-17-A-10";
2658 1 0 2659,2660 "Even-13-S-10";
2659 1 1 2661,2768 "Even-13-A-10";
2660 1 1 2661,2769 "Even-13-B-10";
2661 1 0 2662,2663 "Even-13-S-11";
2662 1 1 2664,2766 "Even-13-A-11";
2663 1 1 2664,2767 "Even-13-B-11";
2664 1 0 2665,2666 "Even-13-S-12";
2665 1 1 2667,2764 "Even-13-A-12";
2666 1 1 2667,2765 "Even-13-B-12";
2667 1 0 2718,2761,2759,2757,2755,2753,2751,2749,2747,2745,2743,2741,2739,2737,2735,2733,2731 "Even-13-Z";
2668 1 0 2681,2682 "Even-13-S-3";
2669 1 0 2823,1168 "Odd-13-T";
2670 1 1 2671,2769 "Even-17-B-10";
2671 1 0 2673,2677 "Even-17-S-11";
2672 1 0 2805,10 "Odd-22-T";
2673 1 1 2631,2766 "Even-17-A-11";
2674 1 0 2716,2743,2741,2739,2737,2735,2733,2731 "Even-22-Z";
2675 1 1 2674,2747 "Even-22-B-21";
2676 1 1 2674,2746 "Even-22-A-21";
2677 1 1 2631,2767 "Even-17-B-11";
2678 1 0 2676,2675 "Even-22-S-21";
2679 1 1 2658,2770 "Even-13-A-9";
2680 1 1 2668,2785 "Even-13-B-2";
2681 1 1 2683,2782 "Even-13-A-3";
2682 1 1 2683,2783 "Even-13-B-3";
2683 1 0 2684,2685 "Even-13-S-4";
2684 1 1 2686,2780 "Even-13-A-4";
2685 1 1 2686,2781 "Even-13-B-4";
2686 1 0 2687,2688 "Even-13-S-5";
2687 1 1 2689,2778 "Even-13-A-5";
2688 1 1 2689,2779 "Even-13-B-5";
2689 1 0 2690,2691 "Even-13-S-6";
2690 1 1 2692,2776 "Even-13-A-6";
2691 1 1 2692,2777 "Even-13-B-6";
2692 1 0 2693,2694 "Even-13-S-7";
2693 1 1 2695,2774 "Even-13-A-7";
2694 1 1 2695,2775 "Even-13-B-7";
2695 1 0 2696,2697 "Even-13-S-8";
2696 1 1 2698,2772 "Even-13-A-8";
2697 1 1 2698,2773 "Even-13-B-8";
2698 1 0 2679,2699 "Even-13-S-9";
2699 1 1 2658,2771 "Even-13-B-9";
2700 2 1 2812,2157 "Even-18-T";
2701 2 1 2846,1703 "Even-1-T";
2702 2 1 2814,2461 "Even-17-T";
2703 2 1 2842,1716 "Even-3-T";
2704 2 1 2840,1679 "Even-4-T";
2705 2 1 2848,1701 "Even-0-T";
2706 2 1 2844,1708 "Even-2-T";
2707 2 1 2830,1387 "Even-9-T";
2708 2 1 2818,2267 "Even-15-T";
2709 2 1 2808,2028 "Even-20-T";
2710 2 1 2792,1940 "Even-28-T";
2711 2 1 2834,1953 "Even-7-T";
2712 2 1 2832,1916 "Even-8-T";
2713 2 1 2806,2113 "Even-21-T";
2714 2 1 2794,1839 "Even-27-T";
2715 2 1 2820,2572 "Even-14-T";
2716 2 1 2804,2610 "Even-22-T";
2717 2 1 2790,1589 "Even-29-T";
2718 2 1 2822,2626 "Even-13-T";
2719 2 1 2802,2619 "Even-23-T";
2720 2 1 2796,1426 "Even-26-T";
2721 2 1 2828,1435 "Even-10-T";
2722 2 1 2824,2361 "Even-12-T";
2723 2 1 2800,2493 "Even-24-T";
2724 2 1 2798,1503 "Even-25-T";
2725 2 1 2826,1512 "Even-11-T";
2726 2 1 2836,1655 "Even-6-T";
2727 2 1 2838,1590 "Even-5-T";
2728 2 1 2810,2154 "Even-19-T";
2729 2 1 2816,2160 "Even-16-T";
2730 3 1 2717 "Even-29-L";
2731 4 0 1693 "Odd-29-L";
2732 5 1 2710 "Even-28-L";
2733 6 0 1675 "Odd-28-L";
2734 7 1 2714 "Even-27-L";
2735 8 0 1805 "Odd-27-L";
2736 9 1 2720 "Even-26-L";
2737 10 0 1398 "Odd-26-L";
2738 11 1 2724 "Even-25-L";
2739 12 0 1482 "Odd-25-L";
2740 13 1 2723 "Even-24-L";
2741 14 0 2460 "Odd-24-L";
2742 15 1 2719 "Even-23-L";
2743 16 0 2370 "Odd-23-L";
2744 17 1 2716 "Even-22-L";
2745 18 0 2672 "Odd-22-L";
2746 19 1 2713 "Even-21-L";
2747 20 0 2081 "Odd-21-L";
2748 21 1 2709 "Even-20-L";
2749 22 0 2005 "Odd-20-L";
2750 23 1 2728 "Even-19-L";
2751 24 0 2317 "Odd-19-L";
2752 25 1 2700 "Even-18-L";
2753 26 0 2171 "Odd-18-L";
2754 27 1 2702 "Even-17-L";
2755 28 0 2092 "Odd-17-L";
2756 29 1 2729 "Even-16-L";
2757 30 0 2094 "Odd-16-L";
2758 31 1 2708 "Even-15-L";
2759 32 0 2314 "Odd-15-L";
2760 33 1 2715 "Even-14-L";
2761 34 0 2002 "Odd-14-L";
2762 35 1 2718 "Even-13-L";
2763 36 0 2669 "Odd-13-L";
2764 37 1 2722 "Even-12-L";
2765 38 0 2355 "Odd-12-L";
2766 39 1 2725 "Even-11-L";
2767 40 0 2459 "Odd-11-L";
2768 41 1 2721 "Even-10-L";
2769 42 0 1466 "Odd-10-L";
2770 43 1 2707 "Even-9-L";
2771 44 0 1412 "Odd-9-L";
2772 45 1 2712 "Even-8-L";
2773 46 0 1952 "Odd-8-L";
2774 47 1 2711 "Even-7-L";
2775 48 0 1927 "Odd-7-L";
2776 49 1 2726 "Even-6-L";
2777 50 0 1674 "Odd-6-L";
2778 51 1 2727 "Even-5-L";
2779 52 0 1654 "Odd-5-L";
2780 53 1 2704 "Even-4-L";
2781 54 0 1692 "Odd-4-L";
2782 55 1 2703 "Even-3-L";
2783 56 0 1678 "Odd-3-L";
2784 57 1 2706 "Even-2-L";
2785 58 0 1715 "Odd-2-L";
2786 59 1 2701 "Even-1-L";
2787 60 0 1707 "Odd-1-L";
2788 61 1 2705 "Even-0-L";
2789 62 0 1702 "Odd-0-L";
2790 64 0 2732 "Even-29-H";
2791 65 1 2733 "Odd-29-H";
2792 66 0 2734 "Even-28-H";
2793 67 1 2735 "Odd-28-H";
2794 68 0 2736 "Even-27-H";
2795 69 1 2737 "Odd-27-H";
2796 70 0 2738 "Even-26-H";
2797 71 1 2739 "Odd-26-H";
2798 72 0 2740 "Even-25-H";
2799 73 1 2741 "Odd-25-H";
2800 74 0 2742 "Even-24-H";
2801 75 1 2743 "Odd-24-H";
2802 76 0 2744 "Even-23-H";
2803 77 1 2745 "Odd-23-H";
2804 78 0 2746 "Even-22-H";
2805 79 1 2747 "Odd-22-H";
2806 80 0 2748 "Even-21-H";
2807 81 1 2749 "Odd-21-H";
2808 82 0 2750 "Even-20-H";
2809 83 1 2751 "Odd-20-H";
2810 84 0 2752 "Even-19-H";
2811 85 1 2753 "Odd-19-H";
2812 86 0 2754 "Even-18-H";
2813 87 1 2755 "Odd-18-H";
2814 88 0 2756 "Even-17-H";
2815 89 1 2757 "Odd-17-H";
2816 90 0 2758 "Even-16-H";
2817 91 1 2759 "Odd-16-H";
2818 92 0 2760 "Even-15-H";
2819 93 1 2761 "Odd-15-H";
2820 94 0 2762 "Even-14-H";
2821 95 1 2763 "Odd-14-H";
2822 96 0 2764 "Even-13-H";
2823 97 1 2765 "Odd-13-H";
2824 98 0 2766 "Even-12-H";
2825 99 1 2767 "Odd-12-H";
2826 100 0 2768 "Even-11-H";
2827 101 1 2769 "Odd-11-H";
2828 102 0 2770 "Even-10-H";
2829 103 1 2771 "Odd-10-H";
2830 104 0 2772 "Even-9-H";
2831 105 1 2773 "Odd-9-H";
2832 106 0 2774 "Even-8-H";
2833 107 1 2775 "Odd-8-H";
2834 108 0 2776 "Even-7-H";
2835 109 1 2777 "Odd-7-H";
2836 110 0 2778 "Even-6-H";
2837 111 1 2779 "Odd-6-H";
2838 112 0 2780 "Even-5-H";
2839 113 1 2781 "Odd-5-H";
2840 114 0 2782 "Even-4-H";
2841 115 1 2783 "Odd-4-H";
2842 116 0 2784 "Even-3-H";
2843 117 1 2785 "Odd-3-H";
2844 118 0 2786 "Even-2-H";
2845 119 1 2787 "Odd-2-H";
2846 120 0 2788 "Even-1-H";
2847 121 1 2789 "Odd-1-H";
2848 122 0 2730 "Even-0-H";
2849 123 1 2731 "Odd-0-H";
