parity 100;
0 0 0 14,85 "Odd-3-A-2";
1 0 0 2,88 "Odd-1-B-0";
2 0 1 60,86,84,82,80 "Odd-1-Z";
3 0 1 4,5 "Odd-3-S-0";
4 0 0 6,89 "Odd-3-A-0";
5 0 0 6,88 "Odd-3-B-0";
6 0 1 7,8 "Odd-3-S-1";
7 0 0 9,87 "Odd-3-A-1";
8 0 0 9,86 "Odd-3-B-1";
9 0 1 0,15 "Odd-3-S-2";
10 0 0 2,89 "Odd-1-A-0";
11 0 1 69,84,82,80 "Odd-2-Z";
12 0 0 11,86 "Odd-2-B-1";
13 0 0 11,87 "Odd-2-A-1";
14 0 1 38,82,80 "Odd-3-Z";
15 0 0 14,84 "Odd-3-B-2";
16 0 1 17,18 "Odd-2-S-0";
17 0 0 19,89 "Odd-2-A-0";
18 0 0 19,88 "Odd-2-B-0";
19 0 1 13,12 "Odd-2-S-1";
20 0 0 28,87 "Odd-4-A-1";
21 0 1 52,80 "Odd-4-Z";
22 0 0 21,82 "Odd-4-B-3";
23 0 0 21,83 "Odd-4-A-3";
24 0 1 23,22 "Odd-4-S-3";
25 0 0 24,84 "Odd-4-B-2";
26 0 0 24,85 "Odd-4-A-2";
27 0 1 55,88,86,84,82,80 "Odd-0-Z";
28 0 1 26,25 "Odd-4-S-2";
29 0 0 28,86 "Odd-4-B-1";
30 0 1 20,29 "Odd-4-S-1";
31 0 0 30,88 "Odd-4-B-0";
32 0 0 30,89 "Odd-4-A-0";
33 0 1 32,31 "Odd-4-S-0";
34 0 1 10,1 "Odd-1-S-0";
35 1 1 37,85 "Even-3-B-2";
36 1 1 53,87 "Even-3-B-1";
37 1 0 79,81 "Even-3-Z";
38 1 0 93,3 "Odd-3-T";
39 1 0 40,41 "Even-4-S-0";
40 1 1 42,88 "Even-4-A-0";
41 1 1 42,89 "Even-4-B-0";
42 1 0 43,44 "Even-4-S-1";
43 1 1 45,86 "Even-4-A-1";
44 1 1 45,87 "Even-4-B-1";
45 1 0 46,47 "Even-4-S-2";
46 1 1 48,84 "Even-4-A-2";
47 1 1 48,85 "Even-4-B-2";
48 1 0 49,50 "Even-4-S-3";
49 1 1 51,82 "Even-4-A-3";
50 1 1 51,83 "Even-4-B-3";
51 1 0 75 "Even-4-Z";
52 1 0 91,33 "Odd-4-T";
53 1 0 68,35 "Even-3-S-2";
54 1 0 76,87,85,83,81 "Even-0-Z";
55 1 0 99,27 "Odd-0-T";
56 1 0 57,58 "Even-1-S-0";
57 1 1 59,88 "Even-1-A-0";
58 1 1 59,89 "Even-1-B-0";
59 1 0 77,85,83,81 "Even-1-Z";
60 1 0 97,34 "Odd-1-T";
61 1 0 62,63 "Even-2-S-0";
62 1 1 64,88 "Even-2-A-0";
63 1 1 64,89 "Even-2-B-0";
64 1 0 65,66 "Even-2-S-1";
65 1 1 67,86 "Even-2-A-1";
66 1 1 67,87 "Even-2-B-1";
67 1 0 78,83,81 "Even-2-Z";
68 1 1 37,84 "Even-3-A-2";
69 1 0 95,16 "Odd-2-T";
70 1 1 53,86 "Even-3-A-1";
71 1 0 70,36 "Even-3-S-1";
72 1 1 71,89 "Even-3-B-0";
73 1 0 74,72 "Even-3-S-0";
74 1 1 71,88 "Even-3-A-0";
75 2 1 90,39 "Even-4-T";
76 2 1 98,54 "Even-0-T";
77 2 1 96,56 "Even-1-T";
78 2 1 94,61 "Even-2-T";
79 2 1 92,73 "Even-3-T";
80 3 1 75 "Even-4-L";
81 4 0 52 "Odd-4-L";
82 5 1 79 "Even-3-L";
83 6 0 38 "Odd-3-L";
84 7 1 78 "Even-2-L";
85 8 0 69 "Odd-2-L";
86 9 1 77 "Even-1-L";
87 10 0 60 "Odd-1-L";
88 11 1 76 "Even-0-L";
89 12 0 55 "Odd-0-L";
90 14 0 82 "Even-4-H";
91 15 1 83 "Odd-4-H";
92 16 0 84 "Even-3-H";
93 17 1 85 "Odd-3-H";
94 18 0 86 "Even-2-H";
95 19 1 87 "Odd-2-H";
96 20 0 88 "Even-1-H";
97 21 1 89 "Odd-1-H";
98 22 0 80 "Even-0-H";
99 23 1 81 "Odd-0-H";
