parity 138;
0 0 0 3,123 "Odd-4-A-1";
1 0 0 30,121 "Odd-4-A-2";
2 0 1 46,47 "Odd-5-S-1";
3 0 1 1,45 "Odd-4-S-2";
4 0 0 2,124 "Odd-5-B-0";
5 0 1 6,7 "Odd-2-S-0";
6 0 0 8,125 "Odd-2-A-0";
7 0 0 8,124 "Odd-2-B-0";
8 0 1 9,10 "Odd-2-S-1";
9 0 0 11,123 "Odd-2-A-1";
10 0 0 11,122 "Odd-2-B-1";
11 0 1 76,120,118,116,114 "Odd-2-Z";
12 0 0 2,125 "Odd-5-A-0";
13 0 1 12,4 "Odd-5-S-0";
14 0 0 3,122 "Odd-4-B-1";
15 0 1 75,114 "Odd-5-Z";
16 0 1 0,14 "Odd-4-S-1";
17 0 0 16,124 "Odd-4-B-0";
18 0 0 16,125 "Odd-4-A-0";
19 0 1 18,17 "Odd-4-S-0";
20 0 1 21,22 "Odd-3-S-0";
21 0 0 23,125 "Odd-3-A-0";
22 0 0 23,124 "Odd-3-B-0";
23 0 1 24,25 "Odd-3-S-1";
24 0 0 26,123 "Odd-3-A-1";
25 0 0 26,122 "Odd-3-B-1";
26 0 1 27,28 "Odd-3-S-2";
27 0 0 29,121 "Odd-3-A-2";
28 0 0 29,120 "Odd-3-B-2";
29 0 1 98,118,116,114 "Odd-3-Z";
30 0 1 42,43 "Odd-4-S-3";
31 0 1 32,33 "Odd-5-S-3";
32 0 0 35,119 "Odd-5-A-3";
33 0 0 35,118 "Odd-5-B-3";
34 0 1 89,124,122,120,118,116,114 "Odd-0-Z";
35 0 1 36,37 "Odd-5-S-4";
36 0 0 15,117 "Odd-5-A-4";
37 0 0 15,116 "Odd-5-B-4";
38 0 0 31,120 "Odd-5-B-2";
39 0 0 31,121 "Odd-5-A-2";
40 0 1 50,41 "Odd-1-S-0";
41 0 0 49,124 "Odd-1-B-0";
42 0 0 44,119 "Odd-4-A-3";
43 0 0 44,118 "Odd-4-B-3";
44 0 1 65,116,114 "Odd-4-Z";
45 0 0 30,120 "Odd-4-B-2";
46 0 0 48,123 "Odd-5-A-1";
47 0 0 48,122 "Odd-5-B-1";
48 0 1 39,38 "Odd-5-S-2";
49 0 1 84,122,120,118,116,114 "Odd-1-Z";
50 0 0 49,125 "Odd-1-A-0";
51 1 1 60,120 "Even-4-A-2";
52 1 1 70,123 "Even-5-B-1";
53 1 0 51,59 "Even-4-S-2";
54 1 1 70,122 "Even-5-A-1";
55 1 1 53,123 "Even-4-B-1";
56 1 0 54,52 "Even-5-S-1";
57 1 1 53,122 "Even-4-A-1";
58 1 0 57,55 "Even-4-S-1";
59 1 1 60,121 "Even-4-B-2";
60 1 0 61,62 "Even-4-S-3";
61 1 1 63,118 "Even-4-A-3";
62 1 1 63,119 "Even-4-B-3";
63 1 0 108,115 "Even-4-Z";
64 1 1 95,118 "Even-5-A-3";
65 1 0 129,19 "Odd-4-T";
66 1 0 64,94 "Even-5-S-3";
67 1 1 56,125 "Even-5-B-0";
68 1 1 56,124 "Even-5-A-0";
69 1 0 68,67 "Even-5-S-0";
70 1 0 71,72 "Even-5-S-2";
71 1 1 66,120 "Even-5-A-2";
72 1 1 66,121 "Even-5-B-2";
73 1 1 80,124 "Even-2-A-0";
74 1 0 107,91 "Even-3-S-0";
75 1 0 127,13 "Odd-5-T";
76 1 0 133,5 "Odd-2-T";
77 1 0 112,119,117,115 "Even-2-Z";
78 1 1 77,123 "Even-2-B-1";
79 1 1 77,122 "Even-2-A-1";
80 1 0 79,78 "Even-2-S-1";
81 1 1 80,125 "Even-2-B-0";
82 1 1 58,124 "Even-4-A-0";
83 1 0 73,81 "Even-2-S-0";
84 1 0 135,40 "Odd-1-T";
85 1 0 111,121,119,117,115 "Even-1-Z";
86 1 1 85,125 "Even-1-B-0";
87 1 1 85,124 "Even-1-A-0";
88 1 0 87,86 "Even-1-S-0";
89 1 0 137,34 "Odd-0-T";
90 1 0 110,123,121,119,117,115 "Even-0-Z";
91 1 1 106,125 "Even-3-B-0";
92 1 1 58,125 "Even-4-B-0";
93 1 0 82,92 "Even-4-S-0";
94 1 1 95,119 "Even-5-B-3";
95 1 0 96,97 "Even-5-S-4";
96 1 1 99,116 "Even-5-A-4";
97 1 1 99,117 "Even-5-B-4";
98 1 0 131,20 "Odd-3-T";
99 1 0 109 "Even-5-Z";
100 1 0 113,117,115 "Even-3-Z";
101 1 1 100,121 "Even-3-B-2";
102 1 1 100,120 "Even-3-A-2";
103 1 0 102,101 "Even-3-S-2";
104 1 1 103,123 "Even-3-B-1";
105 1 1 103,122 "Even-3-A-1";
106 1 0 105,104 "Even-3-S-1";
107 1 1 106,124 "Even-3-A-0";
108 2 1 128,93 "Even-4-T";
109 2 1 126,69 "Even-5-T";
110 2 1 136,90 "Even-0-T";
111 2 1 134,88 "Even-1-T";
112 2 1 132,83 "Even-2-T";
113 2 1 130,74 "Even-3-T";
114 3 1 109 "Even-5-L";
115 4 0 75 "Odd-5-L";
116 5 1 108 "Even-4-L";
117 6 0 65 "Odd-4-L";
118 7 1 113 "Even-3-L";
119 8 0 98 "Odd-3-L";
120 9 1 112 "Even-2-L";
121 10 0 76 "Odd-2-L";
122 11 1 111 "Even-1-L";
123 12 0 84 "Odd-1-L";
124 13 1 110 "Even-0-L";
125 14 0 89 "Odd-0-L";
126 16 0 116 "Even-5-H";
127 17 1 117 "Odd-5-H";
128 18 0 118 "Even-4-H";
129 19 1 119 "Odd-4-H";
130 20 0 120 "Even-3-H";
131 21 1 121 "Odd-3-H";
132 22 0 122 "Even-2-H";
133 23 1 123 "Odd-2-H";
134 24 0 124 "Even-1-H";
135 25 1 125 "Odd-1-H";
136 26 0 114 "Even-0-H";
137 27 1 115 "Odd-0-H";
