parity 182;
0 0 1 44,14 "Odd-4-S-1";
1 0 0 15,164 "Odd-5-B-1";
2 0 0 15,165 "Odd-5-A-1";
3 0 1 2,1 "Odd-5-S-1";
4 0 0 3,166 "Odd-5-B-0";
5 0 0 3,167 "Odd-5-A-0";
6 0 1 5,4 "Odd-5-S-0";
7 0 1 116,158,156,154 "Odd-4-Z";
8 0 0 7,160 "Odd-4-B-3";
9 0 0 7,161 "Odd-4-A-3";
10 0 1 9,8 "Odd-4-S-3";
11 0 0 10,162 "Odd-4-B-2";
12 0 0 10,163 "Odd-4-A-2";
13 0 1 12,11 "Odd-4-S-2";
14 0 0 13,164 "Odd-4-B-1";
15 0 1 57,56 "Odd-5-S-2";
16 0 0 0,166 "Odd-4-B-0";
17 0 0 0,167 "Odd-4-A-0";
18 0 1 17,16 "Odd-4-S-0";
19 0 1 111,160,158,156,154 "Odd-3-Z";
20 0 0 19,162 "Odd-3-B-2";
21 0 0 19,163 "Odd-3-A-2";
22 0 1 21,20 "Odd-3-S-2";
23 0 0 22,164 "Odd-3-B-1";
24 0 0 22,165 "Odd-3-A-1";
25 0 1 24,23 "Odd-3-S-1";
26 0 0 25,166 "Odd-3-B-0";
27 0 0 25,167 "Odd-3-A-0";
28 0 1 27,26 "Odd-3-S-0";
29 0 0 42,165 "Odd-6-A-1";
30 0 1 95,154 "Odd-6-Z";
31 0 0 30,156 "Odd-6-B-5";
32 0 0 30,157 "Odd-6-A-5";
33 0 1 32,31 "Odd-6-S-5";
34 0 0 33,158 "Odd-6-B-4";
35 0 0 33,159 "Odd-6-A-4";
36 0 1 35,34 "Odd-6-S-4";
37 0 0 36,160 "Odd-6-B-3";
38 0 0 36,161 "Odd-6-A-3";
39 0 1 38,37 "Odd-6-S-3";
40 0 0 39,162 "Odd-6-B-2";
41 0 0 39,163 "Odd-6-A-2";
42 0 1 41,40 "Odd-6-S-2";
43 0 0 42,164 "Odd-6-B-1";
44 0 0 13,165 "Odd-4-A-1";
45 0 1 29,43 "Odd-6-S-1";
46 0 0 45,166 "Odd-6-B-0";
47 0 0 45,167 "Odd-6-A-0";
48 0 1 47,46 "Odd-6-S-0";
49 0 1 80,156,154 "Odd-5-Z";
50 0 0 49,158 "Odd-5-B-4";
51 0 0 49,159 "Odd-5-A-4";
52 0 1 51,50 "Odd-5-S-4";
53 0 0 52,160 "Odd-5-B-3";
54 0 0 52,161 "Odd-5-A-3";
55 0 1 54,53 "Odd-5-S-3";
56 0 0 55,162 "Odd-5-B-2";
57 0 0 55,163 "Odd-5-A-2";
58 0 1 79,162,160,158,156,154 "Odd-2-Z";
59 0 0 61,167 "Odd-2-A-0";
60 0 0 61,166 "Odd-2-B-0";
61 0 1 62,63 "Odd-2-S-1";
62 0 0 58,165 "Odd-2-A-1";
63 0 0 58,164 "Odd-2-B-1";
64 0 1 59,60 "Odd-2-S-0";
65 0 0 67,167 "Odd-1-A-0";
66 0 1 65,69 "Odd-1-S-0";
67 0 1 94,164,162,160,158,156,154 "Odd-1-Z";
68 0 1 89,166,164,162,160,158,156,154 "Odd-0-Z";
69 0 0 67,166 "Odd-1-B-0";
70 1 1 78,165 "Even-2-B-1";
71 1 1 75,167 "Even-2-B-0";
72 1 1 75,166 "Even-2-A-0";
73 1 0 72,71 "Even-2-S-0";
74 1 0 100,112 "Even-6-S-0";
75 1 0 76,70 "Even-2-S-1";
76 1 1 78,164 "Even-2-A-1";
77 1 0 110,109 "Even-6-S-1";
78 1 0 151,161,159,157,155 "Even-2-Z";
79 1 0 177,64 "Odd-2-T";
80 1 0 171,6 "Odd-5-T";
81 1 0 149,155 "Even-5-Z";
82 1 1 81,159 "Even-5-B-4";
83 1 1 81,158 "Even-5-A-4";
84 1 0 83,82 "Even-5-S-4";
85 1 1 84,161 "Even-5-B-3";
86 1 1 84,160 "Even-5-A-3";
87 1 1 99,159 "Even-6-B-4";
88 1 0 147,165,163,161,159,157,155 "Even-0-Z";
89 1 0 181,68 "Odd-0-T";
90 1 0 91,92 "Even-1-S-0";
91 1 1 93,166 "Even-1-A-0";
92 1 1 93,167 "Even-1-B-0";
93 1 0 152,163,161,159,157,155 "Even-1-Z";
94 1 0 179,66 "Odd-1-T";
95 1 0 169,48 "Odd-6-T";
96 1 0 153 "Even-6-Z";
97 1 1 96,157 "Even-6-B-5";
98 1 1 96,156 "Even-6-A-5";
99 1 0 98,97 "Even-6-S-5";
100 1 1 77,166 "Even-6-A-0";
101 1 1 99,158 "Even-6-A-4";
102 1 0 101,87 "Even-6-S-4";
103 1 1 102,161 "Even-6-B-3";
104 1 1 102,160 "Even-6-A-3";
105 1 0 104,103 "Even-6-S-3";
106 1 1 105,163 "Even-6-B-2";
107 1 1 105,162 "Even-6-A-2";
108 1 0 107,106 "Even-6-S-2";
109 1 1 108,165 "Even-6-B-1";
110 1 1 108,164 "Even-6-A-1";
111 1 0 175,28 "Odd-3-T";
112 1 1 77,167 "Even-6-B-0";
113 1 1 123,164 "Even-4-A-1";
114 1 1 130,166 "Even-3-A-0";
115 1 1 130,167 "Even-3-B-0";
116 1 0 173,18 "Odd-4-T";
117 1 0 148,157,155 "Even-4-Z";
118 1 1 117,161 "Even-4-B-3";
119 1 1 117,160 "Even-4-A-3";
120 1 0 119,118 "Even-4-S-3";
121 1 1 120,163 "Even-4-B-2";
122 1 1 120,162 "Even-4-A-2";
123 1 0 122,121 "Even-4-S-2";
124 1 1 123,165 "Even-4-B-1";
125 1 1 140,163 "Even-5-B-2";
126 1 0 113,124 "Even-4-S-1";
127 1 1 126,167 "Even-4-B-0";
128 1 1 126,166 "Even-4-A-0";
129 1 0 128,127 "Even-4-S-0";
130 1 0 131,132 "Even-3-S-1";
131 1 1 133,164 "Even-3-A-1";
132 1 1 133,165 "Even-3-B-1";
133 1 0 134,135 "Even-3-S-2";
134 1 1 136,162 "Even-3-A-2";
135 1 1 136,163 "Even-3-B-2";
136 1 0 150,159,157,155 "Even-3-Z";
137 1 1 146,167 "Even-5-B-0";
138 1 0 114,115 "Even-3-S-0";
139 1 1 146,166 "Even-5-A-0";
140 1 0 86,85 "Even-5-S-3";
141 1 1 140,162 "Even-5-A-2";
142 1 0 139,137 "Even-5-S-0";
143 1 0 141,125 "Even-5-S-2";
144 1 1 143,165 "Even-5-B-1";
145 1 1 143,164 "Even-5-A-1";
146 1 0 145,144 "Even-5-S-1";
147 2 1 180,88 "Even-0-T";
148 2 1 172,129 "Even-4-T";
149 2 1 170,142 "Even-5-T";
150 2 1 174,138 "Even-3-T";
151 2 1 176,73 "Even-2-T";
152 2 1 178,90 "Even-1-T";
153 2 1 168,74 "Even-6-T";
154 3 1 153 "Even-6-L";
155 4 0 95 "Odd-6-L";
156 5 1 149 "Even-5-L";
157 6 0 80 "Odd-5-L";
158 7 1 148 "Even-4-L";
159 8 0 116 "Odd-4-L";
160 9 1 150 "Even-3-L";
161 10 0 111 "Odd-3-L";
162 11 1 151 "Even-2-L";
163 12 0 79 "Odd-2-L";
164 13 1 152 "Even-1-L";
165 14 0 94 "Odd-1-L";
166 15 1 147 "Even-0-L";
167 16 0 89 "Odd-0-L";
168 18 0 156 "Even-6-H";
169 19 1 157 "Odd-6-H";
170 20 0 158 "Even-5-H";
171 21 1 159 "Odd-5-H";
172 22 0 160 "Even-4-H";
173 23 1 161 "Odd-4-H";
174 24 0 162 "Even-3-H";
175 25 1 163 "Odd-3-H";
176 26 0 164 "Even-2-H";
177 27 1 165 "Odd-2-H";
178 28 0 166 "Even-1-H";
179 29 1 167 "Odd-1-H";
180 30 0 154 "Even-0-H";
181 31 1 155 "Odd-0-H";
