parity 232;
0 0 0 16,206 "Odd-6-B-4";
1 0 1 2,3 "Odd-6-S-0";
2 0 0 4,215 "Odd-6-A-0";
3 0 0 4,214 "Odd-6-B-0";
4 0 1 5,6 "Odd-6-S-1";
5 0 0 7,213 "Odd-6-A-1";
6 0 0 7,212 "Odd-6-B-1";
7 0 1 8,9 "Odd-6-S-2";
8 0 0 10,211 "Odd-6-A-2";
9 0 0 10,210 "Odd-6-B-2";
10 0 1 11,12 "Odd-6-S-3";
11 0 0 13,209 "Odd-6-A-3";
12 0 0 13,208 "Odd-6-B-3";
13 0 1 14,0 "Odd-6-S-4";
14 0 0 16,207 "Odd-6-A-4";
15 0 1 57,56 "Odd-4-S-0";
16 0 1 17,18 "Odd-6-S-5";
17 0 0 44,205 "Odd-6-A-5";
18 0 0 44,204 "Odd-6-B-5";
19 0 1 155,208,206,204,202,200 "Odd-3-Z";
20 0 0 19,210 "Odd-3-B-2";
21 0 0 19,211 "Odd-3-A-2";
22 0 1 21,20 "Odd-3-S-2";
23 0 0 22,212 "Odd-3-B-1";
24 0 0 22,213 "Odd-3-A-1";
25 0 1 24,23 "Odd-3-S-1";
26 0 0 25,214 "Odd-3-B-0";
27 0 0 25,215 "Odd-3-A-0";
28 0 1 27,26 "Odd-3-S-0";
29 0 0 45,206 "Odd-5-B-4";
30 0 0 45,207 "Odd-5-A-4";
31 0 1 30,29 "Odd-5-S-4";
32 0 0 31,208 "Odd-5-B-3";
33 0 0 31,209 "Odd-5-A-3";
34 0 1 33,32 "Odd-5-S-3";
35 0 0 34,210 "Odd-5-B-2";
36 0 0 34,211 "Odd-5-A-2";
37 0 1 36,35 "Odd-5-S-2";
38 0 0 37,212 "Odd-5-B-1";
39 0 0 37,213 "Odd-5-A-1";
40 0 1 39,38 "Odd-5-S-1";
41 0 0 40,214 "Odd-5-B-0";
42 0 0 40,215 "Odd-5-A-0";
43 0 1 42,41 "Odd-5-S-0";
44 0 1 122,202,200 "Odd-6-Z";
45 0 1 166,204,202,200 "Odd-5-Z";
46 0 1 191,206,204,202,200 "Odd-4-Z";
47 0 0 46,208 "Odd-4-B-3";
48 0 0 46,209 "Odd-4-A-3";
49 0 1 48,47 "Odd-4-S-3";
50 0 0 49,210 "Odd-4-B-2";
51 0 0 49,211 "Odd-4-A-2";
52 0 1 51,50 "Odd-4-S-2";
53 0 0 52,212 "Odd-4-B-1";
54 0 0 52,213 "Odd-4-A-1";
55 0 1 54,53 "Odd-4-S-1";
56 0 0 55,214 "Odd-4-B-0";
57 0 0 55,215 "Odd-4-A-0";
58 0 0 74,209 "Odd-7-A-3";
59 0 1 60,61 "Odd-7-S-0";
60 0 0 62,215 "Odd-7-A-0";
61 0 0 62,214 "Odd-7-B-0";
62 0 1 63,64 "Odd-7-S-1";
63 0 0 68,213 "Odd-7-A-1";
64 0 0 68,212 "Odd-7-B-1";
65 0 1 188,212,210,208,206,204,202,200 "Odd-1-Z";
66 0 0 65,214 "Odd-1-B-0";
67 0 1 72,66 "Odd-1-S-0";
68 0 1 69,70 "Odd-7-S-2";
69 0 0 71,211 "Odd-7-A-2";
70 0 0 71,210 "Odd-7-B-2";
71 0 1 58,73 "Odd-7-S-3";
72 0 0 65,215 "Odd-1-A-0";
73 0 0 74,208 "Odd-7-B-3";
74 0 1 75,76 "Odd-7-S-4";
75 0 0 77,207 "Odd-7-A-4";
76 0 0 77,206 "Odd-7-B-4";
77 0 1 79,80 "Odd-7-S-5";
78 0 1 168,214,212,210,208,206,204,202,200 "Odd-0-Z";
79 0 0 81,205 "Odd-7-A-5";
80 0 0 81,204 "Odd-7-B-5";
81 0 1 82,83 "Odd-7-S-6";
82 0 0 84,203 "Odd-7-A-6";
83 0 0 84,202 "Odd-7-B-6";
84 0 1 117,200 "Odd-7-Z";
85 0 1 153,210,208,206,204,202,200 "Odd-2-Z";
86 0 0 85,212 "Odd-2-B-1";
87 0 1 88,89 "Odd-2-S-0";
88 0 0 90,215 "Odd-2-A-0";
89 0 0 90,214 "Odd-2-B-0";
90 0 1 91,86 "Odd-2-S-1";
91 0 0 85,213 "Odd-2-A-1";
92 1 1 94,209 "Even-7-B-3";
93 1 1 135,212 "Even-6-A-1";
94 1 0 95,96 "Even-7-S-4";
95 1 1 97,206 "Even-7-A-4";
96 1 1 97,207 "Even-7-B-4";
97 1 0 120,119 "Even-7-S-5";
98 1 0 99,100 "Even-6-S-0";
99 1 1 101,214 "Even-6-A-0";
100 1 1 101,215 "Even-6-B-0";
101 1 0 93,125 "Even-6-S-1";
102 1 0 131,130 "Even-6-S-3";
103 1 1 94,208 "Even-7-A-3";
104 1 1 170,206 "Even-5-A-4";
105 1 0 103,92 "Even-7-S-3";
106 1 1 105,211 "Even-7-B-2";
107 1 1 105,210 "Even-7-A-2";
108 1 0 107,106 "Even-7-S-2";
109 1 1 108,213 "Even-7-B-1";
110 1 1 108,212 "Even-7-A-1";
111 1 0 110,109 "Even-7-S-1";
112 1 1 111,215 "Even-7-B-0";
113 1 1 111,214 "Even-7-A-0";
114 1 1 123,204 "Even-6-A-5";
115 1 1 116,203 "Even-7-B-6";
116 1 0 197 "Even-7-Z";
117 1 0 217,59 "Odd-7-T";
118 1 0 132,115 "Even-7-S-6";
119 1 1 118,205 "Even-7-B-5";
120 1 1 118,204 "Even-7-A-5";
121 1 0 113,112 "Even-7-S-0";
122 1 0 219,1 "Odd-6-T";
123 1 0 196,201 "Even-6-Z";
124 1 1 123,205 "Even-6-B-5";
125 1 1 135,213 "Even-6-B-1";
126 1 0 114,124 "Even-6-S-5";
127 1 1 126,207 "Even-6-B-4";
128 1 1 126,206 "Even-6-A-4";
129 1 0 128,127 "Even-6-S-4";
130 1 1 129,209 "Even-6-B-3";
131 1 1 129,208 "Even-6-A-3";
132 1 1 116,202 "Even-7-A-6";
133 1 1 102,211 "Even-6-B-2";
134 1 1 102,210 "Even-6-A-2";
135 1 0 134,133 "Even-6-S-2";
136 1 1 152,213 "Even-2-B-1";
137 1 1 151,209 "Even-4-B-3";
138 1 1 151,208 "Even-4-A-3";
139 1 0 138,137 "Even-4-S-3";
140 1 1 139,211 "Even-4-B-2";
141 1 1 139,210 "Even-4-A-2";
142 1 0 141,140 "Even-4-S-2";
143 1 1 142,213 "Even-4-B-1";
144 1 1 142,212 "Even-4-A-1";
145 1 0 144,143 "Even-4-S-1";
146 1 1 145,215 "Even-4-B-0";
147 1 1 145,214 "Even-4-A-0";
148 1 0 147,146 "Even-4-S-0";
149 1 0 150,136 "Even-2-S-1";
150 1 1 152,212 "Even-2-A-1";
151 1 0 199,205,203,201 "Even-4-Z";
152 1 0 193,209,207,205,203,201 "Even-2-Z";
153 1 0 227,87 "Odd-2-T";
154 1 0 156,164 "Even-3-S-0";
155 1 0 225,28 "Odd-3-T";
156 1 1 163,214 "Even-3-A-0";
157 1 0 192,207,205,203,201 "Even-3-Z";
158 1 1 157,211 "Even-3-B-2";
159 1 1 157,210 "Even-3-A-2";
160 1 0 159,158 "Even-3-S-2";
161 1 1 160,213 "Even-3-B-1";
162 1 1 160,212 "Even-3-A-1";
163 1 0 162,161 "Even-3-S-1";
164 1 1 163,215 "Even-3-B-0";
165 1 0 178,177 "Even-5-S-2";
166 1 0 221,43 "Odd-5-T";
167 1 0 195,213,211,209,207,205,203,201 "Even-0-Z";
168 1 0 231,78 "Odd-0-T";
169 1 0 172,186 "Even-1-S-0";
170 1 0 198,203,201 "Even-5-Z";
171 1 1 170,207 "Even-5-B-4";
172 1 1 187,214 "Even-1-A-0";
173 1 0 104,171 "Even-5-S-4";
174 1 1 173,209 "Even-5-B-3";
175 1 1 173,208 "Even-5-A-3";
176 1 0 175,174 "Even-5-S-3";
177 1 1 176,211 "Even-5-B-2";
178 1 1 176,210 "Even-5-A-2";
179 1 1 149,215 "Even-2-B-0";
180 1 1 165,213 "Even-5-B-1";
181 1 1 165,212 "Even-5-A-1";
182 1 0 181,180 "Even-5-S-1";
183 1 1 182,215 "Even-5-B-0";
184 1 1 182,214 "Even-5-A-0";
185 1 0 184,183 "Even-5-S-0";
186 1 1 187,215 "Even-1-B-0";
187 1 0 194,211,209,207,205,203,201 "Even-1-Z";
188 1 0 229,67 "Odd-1-T";
189 1 0 190,179 "Even-2-S-0";
190 1 1 149,214 "Even-2-A-0";
191 1 0 223,15 "Odd-4-T";
192 2 1 224,154 "Even-3-T";
193 2 1 226,189 "Even-2-T";
194 2 1 228,169 "Even-1-T";
195 2 1 230,167 "Even-0-T";
196 2 1 218,98 "Even-6-T";
197 2 1 216,121 "Even-7-T";
198 2 1 220,185 "Even-5-T";
199 2 1 222,148 "Even-4-T";
200 3 1 197 "Even-7-L";
201 4 0 117 "Odd-7-L";
202 5 1 196 "Even-6-L";
203 6 0 122 "Odd-6-L";
204 7 1 198 "Even-5-L";
205 8 0 166 "Odd-5-L";
206 9 1 199 "Even-4-L";
207 10 0 191 "Odd-4-L";
208 11 1 192 "Even-3-L";
209 12 0 155 "Odd-3-L";
210 13 1 193 "Even-2-L";
211 14 0 153 "Odd-2-L";
212 15 1 194 "Even-1-L";
213 16 0 188 "Odd-1-L";
214 17 1 195 "Even-0-L";
215 18 0 168 "Odd-0-L";
216 20 0 202 "Even-7-H";
217 21 1 203 "Odd-7-H";
218 22 0 204 "Even-6-H";
219 23 1 205 "Odd-6-H";
220 24 0 206 "Even-5-H";
221 25 1 207 "Odd-5-H";
222 26 0 208 "Even-4-H";
223 27 1 209 "Odd-4-H";
224 28 0 210 "Even-3-H";
225 29 1 211 "Odd-3-H";
226 30 0 212 "Even-2-H";
227 31 1 213 "Odd-2-H";
228 32 0 214 "Even-1-H";
229 33 1 215 "Odd-1-H";
230 34 0 200 "Even-0-H";
231 35 1 201 "Odd-0-H";
