parity 288;
0 0 0 30,264 "Odd-7-B-2";
1 0 0 2,266 "Odd-4-B-1";
2 0 1 3,4 "Odd-4-S-2";
3 0 0 5,265 "Odd-4-A-2";
4 0 0 5,264 "Odd-4-B-2";
5 0 1 6,7 "Odd-4-S-3";
6 0 0 8,263 "Odd-4-A-3";
7 0 0 8,262 "Odd-4-B-3";
8 0 1 185,260,258,256,254,252 "Odd-4-Z";
9 0 0 2,267 "Odd-4-A-1";
10 0 0 30,265 "Odd-7-A-2";
11 0 1 10,0 "Odd-7-S-2";
12 0 0 11,266 "Odd-7-B-1";
13 0 0 11,267 "Odd-7-A-1";
14 0 1 13,12 "Odd-7-S-1";
15 0 0 14,268 "Odd-7-B-0";
16 0 0 14,269 "Odd-7-A-0";
17 0 1 16,15 "Odd-7-S-0";
18 0 0 25,261 "Odd-7-A-4";
19 0 1 164,254,252 "Odd-7-Z";
20 0 0 19,256 "Odd-7-B-6";
21 0 0 19,257 "Odd-7-A-6";
22 0 1 21,20 "Odd-7-S-6";
23 0 0 22,258 "Odd-7-B-5";
24 0 0 22,259 "Odd-7-A-5";
25 0 1 24,23 "Odd-7-S-5";
26 0 0 25,260 "Odd-7-B-4";
27 0 1 54,55 "Odd-5-S-0";
28 0 0 62,262 "Odd-7-B-3";
29 0 0 62,263 "Odd-7-A-3";
30 0 1 29,28 "Odd-7-S-3";
31 0 1 32,33 "Odd-4-S-0";
32 0 0 34,269 "Odd-4-A-0";
33 0 0 34,268 "Odd-4-B-0";
34 0 1 9,1 "Odd-4-S-1";
35 0 0 43,264 "Odd-6-B-2";
36 0 0 69,259 "Odd-6-A-5";
37 0 1 36,44 "Odd-6-S-5";
38 0 0 37,260 "Odd-6-B-4";
39 0 0 37,261 "Odd-6-A-4";
40 0 1 39,38 "Odd-6-S-4";
41 0 0 40,262 "Odd-6-B-3";
42 0 0 40,263 "Odd-6-A-3";
43 0 1 42,41 "Odd-6-S-3";
44 0 0 69,258 "Odd-6-B-5";
45 0 0 43,265 "Odd-6-A-2";
46 0 1 45,35 "Odd-6-S-2";
47 0 0 46,266 "Odd-6-B-1";
48 0 0 46,267 "Odd-6-A-1";
49 0 1 50,51 "Odd-6-S-0";
50 0 0 52,269 "Odd-6-A-0";
51 0 0 52,268 "Odd-6-B-0";
52 0 1 48,47 "Odd-6-S-1";
53 0 1 63,64 "Odd-5-S-3";
54 0 0 56,269 "Odd-5-A-0";
55 0 0 56,268 "Odd-5-B-0";
56 0 1 57,58 "Odd-5-S-1";
57 0 0 59,267 "Odd-5-A-1";
58 0 0 59,266 "Odd-5-B-1";
59 0 1 60,61 "Odd-5-S-2";
60 0 0 53,265 "Odd-5-A-2";
61 0 0 53,264 "Odd-5-B-2";
62 0 1 18,26 "Odd-7-S-4";
63 0 0 65,263 "Odd-5-A-3";
64 0 0 65,262 "Odd-5-B-3";
65 0 1 66,67 "Odd-5-S-4";
66 0 0 68,261 "Odd-5-A-4";
67 0 0 68,260 "Odd-5-B-4";
68 0 1 213,258,256,254,252 "Odd-5-Z";
69 0 1 201,256,254,252 "Odd-6-Z";
70 0 0 83,268 "Odd-1-B-0";
71 0 1 109,94 "Odd-8-S-4";
72 0 0 71,262 "Odd-8-B-3";
73 0 0 71,263 "Odd-8-A-3";
74 0 1 73,72 "Odd-8-S-3";
75 0 1 82,70 "Odd-1-S-0";
76 0 1 205,264,262,260,258,256,254,252 "Odd-2-Z";
77 0 0 76,266 "Odd-2-B-1";
78 0 0 76,267 "Odd-2-A-1";
79 0 1 78,77 "Odd-2-S-1";
80 0 0 79,268 "Odd-2-B-0";
81 0 0 79,269 "Odd-2-A-0";
82 0 0 83,269 "Odd-1-A-0";
83 0 1 197,266,264,262,260,258,256,254,252 "Odd-1-Z";
84 0 0 74,264 "Odd-8-B-2";
85 0 0 74,265 "Odd-8-A-2";
86 0 1 85,84 "Odd-8-S-2";
87 0 0 86,266 "Odd-8-B-1";
88 0 1 81,80 "Odd-2-S-0";
89 0 0 86,267 "Odd-8-A-1";
90 0 1 89,87 "Odd-8-S-1";
91 0 0 90,268 "Odd-8-B-0";
92 0 0 90,269 "Odd-8-A-0";
93 0 1 92,91 "Odd-8-S-0";
94 0 0 110,260 "Odd-8-B-4";
95 0 1 158,252 "Odd-8-Z";
96 0 0 95,254 "Odd-8-B-7";
97 0 0 95,255 "Odd-8-A-7";
98 0 1 97,96 "Odd-8-S-7";
99 0 0 98,256 "Odd-8-B-6";
100 0 1 171,262,260,258,256,254,252 "Odd-3-Z";
101 0 0 100,264 "Odd-3-B-2";
102 0 0 100,265 "Odd-3-A-2";
103 0 1 102,101 "Odd-3-S-2";
104 0 0 103,266 "Odd-3-B-1";
105 0 0 103,267 "Odd-3-A-1";
106 0 1 105,104 "Odd-3-S-1";
107 0 0 98,257 "Odd-8-A-6";
108 0 1 192,268,266,264,262,260,258,256,254,252 "Odd-0-Z";
109 0 0 110,261 "Odd-8-A-4";
110 0 1 111,112 "Odd-8-S-5";
111 0 0 113,259 "Odd-8-A-5";
112 0 0 113,258 "Odd-8-B-5";
113 0 1 107,99 "Odd-8-S-6";
114 0 0 106,268 "Odd-3-B-0";
115 0 1 116,114 "Odd-3-S-0";
116 0 0 106,269 "Odd-3-A-0";
117 1 0 152,153 "Even-7-S-3";
118 1 1 117,265 "Even-7-B-2";
119 1 1 117,264 "Even-7-A-2";
120 1 1 127,269 "Even-7-B-0";
121 1 1 127,268 "Even-7-A-0";
122 1 0 121,120 "Even-7-S-0";
123 1 1 157,260 "Even-7-A-4";
124 1 0 119,118 "Even-7-S-2";
125 1 1 124,267 "Even-7-B-1";
126 1 1 124,266 "Even-7-A-1";
127 1 0 126,125 "Even-7-S-1";
128 1 0 137,136 "Even-8-S-3";
129 1 0 138,166 "Even-8-S-6";
130 1 1 129,259 "Even-8-B-5";
131 1 1 129,258 "Even-8-A-5";
132 1 0 131,130 "Even-8-S-5";
133 1 1 132,261 "Even-8-B-4";
134 1 1 132,260 "Even-8-A-4";
135 1 0 134,133 "Even-8-S-4";
136 1 1 135,263 "Even-8-B-3";
137 1 1 135,262 "Even-8-A-3";
138 1 1 165,256 "Even-8-A-6";
139 1 1 128,265 "Even-8-B-2";
140 1 1 128,264 "Even-8-A-2";
141 1 0 140,139 "Even-8-S-2";
142 1 0 217,218 "Even-6-S-1";
143 1 1 141,267 "Even-8-B-1";
144 1 1 141,266 "Even-8-A-1";
145 1 0 146,147 "Even-8-S-0";
146 1 1 155,268 "Even-8-A-0";
147 1 1 155,269 "Even-8-B-0";
148 1 1 160,258 "Even-7-A-5";
149 1 0 243 "Even-8-Z";
150 1 1 149,255 "Even-8-B-7";
151 1 1 149,254 "Even-8-A-7";
152 1 1 154,262 "Even-7-A-3";
153 1 1 154,263 "Even-7-B-3";
154 1 0 123,156 "Even-7-S-4";
155 1 0 144,143 "Even-8-S-1";
156 1 1 157,261 "Even-7-B-4";
157 1 0 148,159 "Even-7-S-5";
158 1 0 271,93 "Odd-8-T";
159 1 1 160,259 "Even-7-B-5";
160 1 0 161,162 "Even-7-S-6";
161 1 1 163,256 "Even-7-A-6";
162 1 1 163,257 "Even-7-B-6";
163 1 0 245,253 "Even-7-Z";
164 1 0 273,17 "Odd-7-T";
165 1 0 151,150 "Even-8-S-7";
166 1 1 165,257 "Even-8-B-6";
167 1 1 181,264 "Even-4-A-2";
168 1 1 170,264 "Even-3-A-2";
169 1 1 170,265 "Even-3-B-2";
170 1 0 244,261,259,257,255,253 "Even-3-Z";
171 1 0 281,115 "Odd-3-T";
172 1 0 173,174 "Even-4-S-0";
173 1 1 175,268 "Even-4-A-0";
174 1 1 175,269 "Even-4-B-0";
175 1 0 176,177 "Even-4-S-1";
176 1 1 178,266 "Even-4-A-1";
177 1 1 178,267 "Even-4-B-1";
178 1 0 167,180 "Even-4-S-2";
179 1 0 168,169 "Even-3-S-2";
180 1 1 181,265 "Even-4-B-2";
181 1 0 182,183 "Even-4-S-3";
182 1 1 184,262 "Even-4-A-3";
183 1 1 184,263 "Even-4-B-3";
184 1 0 251,259,257,255,253 "Even-4-Z";
185 1 0 279,31 "Odd-4-T";
186 1 0 187,188 "Even-5-S-0";
187 1 1 189,268 "Even-5-A-0";
188 1 1 189,269 "Even-5-B-0";
189 1 0 242,222 "Even-5-S-1";
190 1 0 202,203 "Even-2-S-1";
191 1 0 249,267,265,263,261,259,257,255,253 "Even-0-Z";
192 1 0 287,108 "Odd-0-T";
193 1 0 194,195 "Even-1-S-0";
194 1 1 196,268 "Even-1-A-0";
195 1 1 196,269 "Even-1-B-0";
196 1 0 248,265,263,261,259,257,255,253 "Even-1-Z";
197 1 0 285,75 "Odd-1-T";
198 1 0 199,200 "Even-2-S-0";
199 1 1 190,268 "Even-2-A-0";
200 1 1 190,269 "Even-2-B-0";
201 1 0 275,49 "Odd-6-T";
202 1 1 204,266 "Even-2-A-1";
203 1 1 204,267 "Even-2-B-1";
204 1 0 246,263,261,259,257,255,253 "Even-2-Z";
205 1 0 283,88 "Odd-2-T";
206 1 0 207,208 "Even-3-S-0";
207 1 1 209,268 "Even-3-A-0";
208 1 1 209,269 "Even-3-B-0";
209 1 0 210,211 "Even-3-S-1";
210 1 1 179,266 "Even-3-A-1";
211 1 1 179,267 "Even-3-B-1";
212 1 0 223,224 "Even-6-S-3";
213 1 0 277,27 "Odd-5-T";
214 1 0 215,216 "Even-6-S-0";
215 1 1 142,268 "Even-6-A-0";
216 1 1 142,269 "Even-6-B-0";
217 1 1 219,266 "Even-6-A-1";
218 1 1 219,267 "Even-6-B-1";
219 1 0 220,221 "Even-6-S-2";
220 1 1 212,264 "Even-6-A-2";
221 1 1 212,265 "Even-6-B-2";
222 1 1 241,267 "Even-5-B-1";
223 1 1 225,262 "Even-6-A-3";
224 1 1 225,263 "Even-6-B-3";
225 1 0 226,227 "Even-6-S-4";
226 1 1 228,260 "Even-6-A-4";
227 1 1 228,261 "Even-6-B-4";
228 1 0 229,230 "Even-6-S-5";
229 1 1 231,258 "Even-6-A-5";
230 1 1 231,259 "Even-6-B-5";
231 1 0 250,255,253 "Even-6-Z";
232 1 0 238,234 "Even-5-S-3";
233 1 0 235,236 "Even-5-S-4";
234 1 1 233,263 "Even-5-B-3";
235 1 1 237,260 "Even-5-A-4";
236 1 1 237,261 "Even-5-B-4";
237 1 0 247,257,255,253 "Even-5-Z";
238 1 1 233,262 "Even-5-A-3";
239 1 1 232,265 "Even-5-B-2";
240 1 1 232,264 "Even-5-A-2";
241 1 0 240,239 "Even-5-S-2";
242 1 1 241,266 "Even-5-A-1";
243 2 1 270,145 "Even-8-T";
244 2 1 280,206 "Even-3-T";
245 2 1 272,122 "Even-7-T";
246 2 1 282,198 "Even-2-T";
247 2 1 276,186 "Even-5-T";
248 2 1 284,193 "Even-1-T";
249 2 1 286,191 "Even-0-T";
250 2 1 274,214 "Even-6-T";
251 2 1 278,172 "Even-4-T";
252 3 1 243 "Even-8-L";
253 4 0 158 "Odd-8-L";
254 5 1 245 "Even-7-L";
255 6 0 164 "Odd-7-L";
256 7 1 250 "Even-6-L";
257 8 0 201 "Odd-6-L";
258 9 1 247 "Even-5-L";
259 10 0 213 "Odd-5-L";
260 11 1 251 "Even-4-L";
261 12 0 185 "Odd-4-L";
262 13 1 244 "Even-3-L";
263 14 0 171 "Odd-3-L";
264 15 1 246 "Even-2-L";
265 16 0 205 "Odd-2-L";
266 17 1 248 "Even-1-L";
267 18 0 197 "Odd-1-L";
268 19 1 249 "Even-0-L";
269 20 0 192 "Odd-0-L";
270 22 0 254 "Even-8-H";
271 23 1 255 "Odd-8-H";
272 24 0 256 "Even-7-H";
273 25 1 257 "Odd-7-H";
274 26 0 258 "Even-6-H";
275 27 1 259 "Odd-6-H";
276 28 0 260 "Even-5-H";
277 29 1 261 "Odd-5-H";
278 30 0 262 "Even-4-H";
279 31 1 263 "Odd-4-H";
280 32 0 264 "Even-3-H";
281 33 1 265 "Odd-3-H";
282 34 0 266 "Even-2-H";
283 35 1 267 "Odd-2-H";
284 36 0 268 "Even-1-H";
285 37 1 269 "Odd-1-H";
286 38 0 252 "Even-0-H";
287 39 1 253 "Odd-0-H";
