parity 44;
0 0 1 1;
1 0 1 0,2,7;
2 0 0 1;
3 3 0 2;
4 1 0 5;
5 1 0 4,6,11;
6 1 1 5,3;
7 4 1 6;
8 2 1 9;
9 2 1 8,10,15;
10 2 0 9,7;
11 5 0 10;
12 3 0 13;
13 3 0 12,14,19;
14 3 1 13,11;
15 6 1 14;
16 4 1 17;
17 4 1 16,18,23;
18 4 0 17,15;
19 7 0 18;
20 5 0 21;
21 5 0 20,22,27;
22 5 1 21,19;
23 8 1 22;
24 6 1 25;
25 6 1 24,26,31;
26 6 0 25,23;
27 9 0 26;
28 7 0 29;
29 7 0 28,30,35;
30 7 1 29,27;
31 10 1 30;
32 8 1 33;
33 8 1 32,34,39;
34 8 0 33,31;
35 11 0 34;
36 9 0 37;
37 9 0 36,38,43;
38 9 1 37,35;
39 12 1 38;
40 10 1 41;
41 10 1 40,42;
42 10 0 41,39;
43 13 0 42;
