parity 116;
0 0 1 1;
1 0 1 0,2,7;
2 0 0 1;
3 3 0 2;
4 1 0 5;
5 1 0 4,6,11;
6 1 1 5,3;
7 4 1 6;
8 2 1 9;
9 2 1 8,10,15;
10 2 0 9,7;
11 5 0 10;
12 3 0 13;
13 3 0 12,14,19;
14 3 1 13,11;
15 6 1 14;
16 4 1 17;
17 4 1 16,18,23;
18 4 0 17,15;
19 7 0 18;
20 5 0 21;
21 5 0 20,22,27;
22 5 1 21,19;
23 8 1 22;
24 6 1 25;
25 6 1 24,26,31;
26 6 0 25,23;
27 9 0 26;
28 7 0 29;
29 7 0 28,30,35;
30 7 1 29,27;
31 10 1 30;
32 8 1 33;
33 8 1 32,34,39;
34 8 0 33,31;
35 11 0 34;
36 9 0 37;
37 9 0 36,38,43;
38 9 1 37,35;
39 12 1 38;
40 10 1 41;
41 10 1 40,42,47;
42 10 0 41,39;
43 13 0 42;
44 11 0 45;
45 11 0 44,46,51;
46 11 1 45,43;
47 14 1 46;
48 12 1 49;
49 12 1 48,50,55;
50 12 0 49,47;
51 15 0 50;
52 13 0 53;
53 13 0 52,54,59;
54 13 1 53,51;
55 16 1 54;
56 14 1 57;
57 14 1 56,58,63;
58 14 0 57,55;
59 17 0 58;
60 15 0 61;
61 15 0 60,62,67;
62 15 1 61,59;
63 18 1 62;
64 16 1 65;
65 16 1 64,66,71;
66 16 0 65,63;
67 19 0 66;
68 17 0 69;
69 17 0 68,70,75;
70 17 1 69,67;
71 20 1 70;
72 18 1 73;
73 18 1 72,74,79;
74 18 0 73,71;
75 21 0 74;
76 19 0 77;
77 19 0 76,78,83;
78 19 1 77,75;
79 22 1 78;
80 20 1 81;
81 20 1 80,82,87;
82 20 0 81,79;
83 23 0 82;
84 21 0 85;
85 21 0 84,86,91;
86 21 1 85,83;
87 24 1 86;
88 22 1 89;
89 22 1 88,90,95;
90 22 0 89,87;
91 25 0 90;
92 23 0 93;
93 23 0 92,94,99;
94 23 1 93,91;
95 26 1 94;
96 24 1 97;
97 24 1 96,98,103;
98 24 0 97,95;
99 27 0 98;
100 25 0 101;
101 25 0 100,102,107;
102 25 1 101,99;
103 28 1 102;
104 26 1 105;
105 26 1 104,106,111;
106 26 0 105,103;
107 29 0 106;
108 27 0 109;
109 27 0 108,110,115;
110 27 1 109,107;
111 30 1 110;
112 28 1 113;
113 28 1 112,114;
114 28 0 113,111;
115 31 0 114;
