parity 129;
0 43 0 1;
1 0 0 2;
2 0 1 1,2,3;
3 44 1 4;
4 1 1 5,0;
5 1 0 4,5,6;
6 45 0 7;
7 2 0 8,3;
8 2 1 7,8,9;
9 46 1 10;
10 3 1 11,6;
11 3 0 10,11,12;
12 47 0 13;
13 4 0 14,9;
14 4 1 13,14,15;
15 48 1 16;
16 5 1 17,12;
17 5 0 16,17,18;
18 49 0 19;
19 6 0 20,15;
20 6 1 19,20,21;
21 50 1 22;
22 7 1 23,18;
23 7 0 22,23,24;
24 51 0 25;
25 8 0 26,21;
26 8 1 25,26,27;
27 52 1 28;
28 9 1 29,24;
29 9 0 28,29,30;
30 53 0 31;
31 10 0 32,27;
32 10 1 31,32,33;
33 54 1 34;
34 11 1 35,30;
35 11 0 34,35,36;
36 55 0 37;
37 12 0 38,33;
38 12 1 37,38,39;
39 56 1 40;
40 13 1 41,36;
41 13 0 40,41,42;
42 57 0 43;
43 14 0 44,39;
44 14 1 43,44,45;
45 58 1 46;
46 15 1 47,42;
47 15 0 46,47,48;
48 59 0 49;
49 16 0 50,45;
50 16 1 49,50,51;
51 60 1 52;
52 17 1 53,48;
53 17 0 52,53,54;
54 61 0 55;
55 18 0 56,51;
56 18 1 55,56,57;
57 62 1 58;
58 19 1 59,54;
59 19 0 58,59,60;
60 63 0 61;
61 20 0 62,57;
62 20 1 61,62,63;
63 64 1 64;
64 21 1 65,60;
65 21 0 64,65,66;
66 65 0 67;
67 22 0 68,63;
68 22 1 67,68,69;
69 66 1 70;
70 23 1 71,66;
71 23 0 70,71,72;
72 67 0 73;
73 24 0 74,69;
74 24 1 73,74,75;
75 68 1 76;
76 25 1 77,72;
77 25 0 76,77,78;
78 69 0 79;
79 26 0 80,75;
80 26 1 79,80,81;
81 70 1 82;
82 27 1 83,78;
83 27 0 82,83,84;
84 71 0 85;
85 28 0 86,81;
86 28 1 85,86,87;
87 72 1 88;
88 29 1 89,84;
89 29 0 88,89,90;
90 73 0 91;
91 30 0 92,87;
92 30 1 91,92,93;
93 74 1 94;
94 31 1 95,90;
95 31 0 94,95,96;
96 75 0 97;
97 32 0 98,93;
98 32 1 97,98,99;
99 76 1 100;
100 33 1 101,96;
101 33 0 100,101,102;
102 77 0 103;
103 34 0 104,99;
104 34 1 103,104,105;
105 78 1 106;
106 35 1 107,102;
107 35 0 106,107,108;
108 79 0 109;
109 36 0 110,105;
110 36 1 109,110,111;
111 80 1 112;
112 37 1 113,108;
113 37 0 112,113,114;
114 81 0 115;
115 38 0 116,111;
116 38 1 115,116,117;
117 82 1 118;
118 39 1 119,114;
119 39 0 118,119,120;
120 83 0 121;
121 40 0 122,117;
122 40 1 121,122,123;
123 84 1 124;
124 41 1 125,120;
125 41 0 124,125,126;
126 85 0 127;
127 42 0 128,123;
128 42 1 127,128;
