parity 267;
0 89 0 1;
1 0 0 2;
2 0 1 1,2,3;
3 90 1 4;
4 1 1 5,0;
5 1 0 4,5,6;
6 91 0 7;
7 2 0 8,3;
8 2 1 7,8,9;
9 92 1 10;
10 3 1 11,6;
11 3 0 10,11,12;
12 93 0 13;
13 4 0 14,9;
14 4 1 13,14,15;
15 94 1 16;
16 5 1 17,12;
17 5 0 16,17,18;
18 95 0 19;
19 6 0 20,15;
20 6 1 19,20,21;
21 96 1 22;
22 7 1 23,18;
23 7 0 22,23,24;
24 97 0 25;
25 8 0 26,21;
26 8 1 25,26,27;
27 98 1 28;
28 9 1 29,24;
29 9 0 28,29,30;
30 99 0 31;
31 10 0 32,27;
32 10 1 31,32,33;
33 100 1 34;
34 11 1 35,30;
35 11 0 34,35,36;
36 101 0 37;
37 12 0 38,33;
38 12 1 37,38,39;
39 102 1 40;
40 13 1 41,36;
41 13 0 40,41,42;
42 103 0 43;
43 14 0 44,39;
44 14 1 43,44,45;
45 104 1 46;
46 15 1 47,42;
47 15 0 46,47,48;
48 105 0 49;
49 16 0 50,45;
50 16 1 49,50,51;
51 106 1 52;
52 17 1 53,48;
53 17 0 52,53,54;
54 107 0 55;
55 18 0 56,51;
56 18 1 55,56,57;
57 108 1 58;
58 19 1 59,54;
59 19 0 58,59,60;
60 109 0 61;
61 20 0 62,57;
62 20 1 61,62,63;
63 110 1 64;
64 21 1 65,60;
65 21 0 64,65,66;
66 111 0 67;
67 22 0 68,63;
68 22 1 67,68,69;
69 112 1 70;
70 23 1 71,66;
71 23 0 70,71,72;
72 113 0 73;
73 24 0 74,69;
74 24 1 73,74,75;
75 114 1 76;
76 25 1 77,72;
77 25 0 76,77,78;
78 115 0 79;
79 26 0 80,75;
80 26 1 79,80,81;
81 116 1 82;
82 27 1 83,78;
83 27 0 82,83,84;
84 117 0 85;
85 28 0 86,81;
86 28 1 85,86,87;
87 118 1 88;
88 29 1 89,84;
89 29 0 88,89,90;
90 119 0 91;
91 30 0 92,87;
92 30 1 91,92,93;
93 120 1 94;
94 31 1 95,90;
95 31 0 94,95,96;
96 121 0 97;
97 32 0 98,93;
98 32 1 97,98,99;
99 122 1 100;
100 33 1 101,96;
101 33 0 100,101,102;
102 123 0 103;
103 34 0 104,99;
104 34 1 103,104,105;
105 124 1 106;
106 35 1 107,102;
107 35 0 106,107,108;
108 125 0 109;
109 36 0 110,105;
110 36 1 109,110,111;
111 126 1 112;
112 37 1 113,108;
113 37 0 112,113,114;
114 127 0 115;
115 38 0 116,111;
116 38 1 115,116,117;
117 128 1 118;
118 39 1 119,114;
119 39 0 118,119,120;
120 129 0 121;
121 40 0 122,117;
122 40 1 121,122,123;
123 130 1 124;
124 41 1 125,120;
125 41 0 124,125,126;
126 131 0 127;
127 42 0 128,123;
128 42 1 127,128,129;
129 132 1 130;
130 43 1 131,126;
131 43 0 130,131,132;
132 133 0 133;
133 44 0 134,129;
134 44 1 133,134,135;
135 134 1 136;
136 45 1 137,132;
137 45 0 136,137,138;
138 135 0 139;
139 46 0 140,135;
140 46 1 139,140,141;
141 136 1 142;
142 47 1 143,138;
143 47 0 142,143,144;
144 137 0 145;
145 48 0 146,141;
146 48 1 145,146,147;
147 138 1 148;
148 49 1 149,144;
149 49 0 148,149,150;
150 139 0 151;
151 50 0 152,147;
152 50 1 151,152,153;
153 140 1 154;
154 51 1 155,150;
155 51 0 154,155,156;
156 141 0 157;
157 52 0 158,153;
158 52 1 157,158,159;
159 142 1 160;
160 53 1 161,156;
161 53 0 160,161,162;
162 143 0 163;
163 54 0 164,159;
164 54 1 163,164,165;
165 144 1 166;
166 55 1 167,162;
167 55 0 166,167,168;
168 145 0 169;
169 56 0 170,165;
170 56 1 169,170,171;
171 146 1 172;
172 57 1 173,168;
173 57 0 172,173,174;
174 147 0 175;
175 58 0 176,171;
176 58 1 175,176,177;
177 148 1 178;
178 59 1 179,174;
179 59 0 178,179,180;
180 149 0 181;
181 60 0 182,177;
182 60 1 181,182,183;
183 150 1 184;
184 61 1 185,180;
185 61 0 184,185,186;
186 151 0 187;
187 62 0 188,183;
188 62 1 187,188,189;
189 152 1 190;
190 63 1 191,186;
191 63 0 190,191,192;
192 153 0 193;
193 64 0 194,189;
194 64 1 193,194,195;
195 154 1 196;
196 65 1 197,192;
197 65 0 196,197,198;
198 155 0 199;
199 66 0 200,195;
200 66 1 199,200,201;
201 156 1 202;
202 67 1 203,198;
203 67 0 202,203,204;
204 157 0 205;
205 68 0 206,201;
206 68 1 205,206,207;
207 158 1 208;
208 69 1 209,204;
209 69 0 208,209,210;
210 159 0 211;
211 70 0 212,207;
212 70 1 211,212,213;
213 160 1 214;
214 71 1 215,210;
215 71 0 214,215,216;
216 161 0 217;
217 72 0 218,213;
218 72 1 217,218,219;
219 162 1 220;
220 73 1 221,216;
221 73 0 220,221,222;
222 163 0 223;
223 74 0 224,219;
224 74 1 223,224,225;
225 164 1 226;
226 75 1 227,222;
227 75 0 226,227,228;
228 165 0 229;
229 76 0 230,225;
230 76 1 229,230,231;
231 166 1 232;
232 77 1 233,228;
233 77 0 232,233,234;
234 167 0 235;
235 78 0 236,231;
236 78 1 235,236,237;
237 168 1 238;
238 79 1 239,234;
239 79 0 238,239,240;
240 169 0 241;
241 80 0 242,237;
242 80 1 241,242,243;
243 170 1 244;
244 81 1 245,240;
245 81 0 244,245,246;
246 171 0 247;
247 82 0 248,243;
248 82 1 247,248,249;
249 172 1 250;
250 83 1 251,246;
251 83 0 250,251,252;
252 173 0 253;
253 84 0 254,249;
254 84 1 253,254,255;
255 174 1 256;
256 85 1 257,252;
257 85 0 256,257,258;
258 175 0 259;
259 86 0 260,255;
260 86 1 259,260,261;
261 176 1 262;
262 87 1 263,258;
263 87 0 262,263,264;
264 177 0 265;
265 88 0 266,261;
266 88 1 265,266;
