parity 63;
0 21 0 1;
1 0 0 2;
2 0 1 1,2,3;
3 22 1 4;
4 1 1 5,0;
5 1 0 4,5,6;
6 23 0 7;
7 2 0 8,3;
8 2 1 7,8,9;
9 24 1 10;
10 3 1 11,6;
11 3 0 10,11,12;
12 25 0 13;
13 4 0 14,9;
14 4 1 13,14,15;
15 26 1 16;
16 5 1 17,12;
17 5 0 16,17,18;
18 27 0 19;
19 6 0 20,15;
20 6 1 19,20,21;
21 28 1 22;
22 7 1 23,18;
23 7 0 22,23,24;
24 29 0 25;
25 8 0 26,21;
26 8 1 25,26,27;
27 30 1 28;
28 9 1 29,24;
29 9 0 28,29,30;
30 31 0 31;
31 10 0 32,27;
32 10 1 31,32,33;
33 32 1 34;
34 11 1 35,30;
35 11 0 34,35,36;
36 33 0 37;
37 12 0 38,33;
38 12 1 37,38,39;
39 34 1 40;
40 13 1 41,36;
41 13 0 40,41,42;
42 35 0 43;
43 14 0 44,39;
44 14 1 43,44,45;
45 36 1 46;
46 15 1 47,42;
47 15 0 46,47,48;
48 37 0 49;
49 16 0 50,45;
50 16 1 49,50,51;
51 38 1 52;
52 17 1 53,48;
53 17 0 52,53,54;
54 39 0 55;
55 18 0 56,51;
56 18 1 55,56,57;
57 40 1 58;
58 19 1 59,54;
59 19 0 58,59,60;
60 41 0 61;
61 20 0 62,57;
62 20 1 61,62;
