parity 45;
0 2 0 1,3;
1 1 0 2,3;
2 1 1 1;
3 3 1 4,6;
4 0 1 5,6;
5 0 0 4,2;
6 4 0 7,9;
7 1 0 8,9;
8 1 1 7,5;
9 5 1 10,12;
10 0 1 11,12;
11 0 0 10,8;
12 6 0 13,15;
13 1 0 14,15;
14 1 1 13,11;
15 7 1 16,18;
16 0 1 17,18;
17 0 0 16,14;
18 8 0 19,21;
19 1 0 20,21;
20 1 1 19,17;
21 9 1 22,24;
22 0 1 23,24;
23 0 0 22,20;
24 10 0 25,27;
25 1 0 26,27;
26 1 1 25,23;
27 11 1 28,30;
28 0 1 29,30;
29 0 0 28,26;
30 12 0 31,33;
31 1 0 32,33;
32 1 1 31,29;
33 13 1 34,36;
34 0 1 35,36;
35 0 0 34,32;
36 14 0 37,39;
37 1 0 38,39;
38 1 1 37,35;
39 15 1 40,42;
40 0 1 41,42;
41 0 0 40,38;
42 16 0 43;
43 1 0 44;
44 1 1 43,41;
