parity 93;
0 2 0 1,3;
1 1 0 2,3;
2 1 1 1;
3 3 1 4,6;
4 0 1 5,6;
5 0 0 4,2;
6 4 0 7,9;
7 1 0 8,9;
8 1 1 7,5;
9 5 1 10,12;
10 0 1 11,12;
11 0 0 10,8;
12 6 0 13,15;
13 1 0 14,15;
14 1 1 13,11;
15 7 1 16,18;
16 0 1 17,18;
17 0 0 16,14;
18 8 0 19,21;
19 1 0 20,21;
20 1 1 19,17;
21 9 1 22,24;
22 0 1 23,24;
23 0 0 22,20;
24 10 0 25,27;
25 1 0 26,27;
26 1 1 25,23;
27 11 1 28,30;
28 0 1 29,30;
29 0 0 28,26;
30 12 0 31,33;
31 1 0 32,33;
32 1 1 31,29;
33 13 1 34,36;
34 0 1 35,36;
35 0 0 34,32;
36 14 0 37,39;
37 1 0 38,39;
38 1 1 37,35;
39 15 1 40,42;
40 0 1 41,42;
41 0 0 40,38;
42 16 0 43,45;
43 1 0 44,45;
44 1 1 43,41;
45 17 1 46,48;
46 0 1 47,48;
47 0 0 46,44;
48 18 0 49,51;
49 1 0 50,51;
50 1 1 49,47;
51 19 1 52,54;
52 0 1 53,54;
53 0 0 52,50;
54 20 0 55,57;
55 1 0 56,57;
56 1 1 55,53;
57 21 1 58,60;
58 0 1 59,60;
59 0 0 58,56;
60 22 0 61,63;
61 1 0 62,63;
62 1 1 61,59;
63 23 1 64,66;
64 0 1 65,66;
65 0 0 64,62;
66 24 0 67,69;
67 1 0 68,69;
68 1 1 67,65;
69 25 1 70,72;
70 0 1 71,72;
71 0 0 70,68;
72 26 0 73,75;
73 1 0 74,75;
74 1 1 73,71;
75 27 1 76,78;
76 0 1 77,78;
77 0 0 76,74;
78 28 0 79,81;
79 1 0 80,81;
80 1 1 79,77;
81 29 1 82,84;
82 0 1 83,84;
83 0 0 82,80;
84 30 0 85,87;
85 1 0 86,87;
86 1 1 85,83;
87 31 1 88,90;
88 0 1 89,90;
89 0 0 88,86;
90 32 0 91;
91 1 0 92;
92 1 1 91,89;
