parity 192;
0 319 0 2 "a_1";
1 320 1 8 "d_1";
2 1 0 3,4,0 "c_1";
3 4 1 10,4 "e_1";
4 3 0 2,5,0 "m_1";
5 6 1 11,2 "f_1";
6 8 1 8,7,1 "g_1";
7 11 0 10,8 "k_1";
8 10 1 9,6,1 "h_1";
9 13 0 11,6 "l_1";
10 321 0 12 "a_2";
11 322 1 18 "d_2";
12 15 0 13,14,0 "c_2";
13 18 1 20,14 "e_2";
14 17 0 12,15,0 "m_2";
15 20 1 21,12 "f_2";
16 22 1 18,17,1 "g_2";
17 25 0 20,18 "k_2";
18 24 1 19,16,1 "h_2";
19 27 0 21,16 "l_2";
20 323 0 22 "a_3";
21 324 1 28 "d_3";
22 29 0 23,24,0 "c_3";
23 32 1 30,24 "e_3";
24 31 0 22,25,0 "m_3";
25 34 1 31,22 "f_3";
26 36 1 28,27,1 "g_3";
27 39 0 30,28 "k_3";
28 38 1 29,26,1 "h_3";
29 41 0 31,26 "l_3";
30 325 0 32 "a_4";
31 326 1 38 "d_4";
32 43 0 33,34,0 "c_4";
33 46 1 40,34 "e_4";
34 45 0 32,35,0 "m_4";
35 48 1 41,32 "f_4";
36 50 1 38,37,1 "g_4";
37 53 0 40,38 "k_4";
38 52 1 39,36,1 "h_4";
39 55 0 41,36 "l_4";
40 327 0 42 "a_5";
41 328 1 48 "d_5";
42 57 0 43,44,0 "c_5";
43 60 1 50,44 "e_5";
44 59 0 42,45,0 "m_5";
45 62 1 51,42 "f_5";
46 64 1 48,47,1 "g_5";
47 67 0 50,48 "k_5";
48 66 1 49,46,1 "h_5";
49 69 0 51,46 "l_5";
50 329 0 52 "a_6";
51 330 1 58 "d_6";
52 71 0 53,54,0 "c_6";
53 74 1 60,54 "e_6";
54 73 0 52,55,0 "m_6";
55 76 1 61,52 "f_6";
56 78 1 58,57,1 "g_6";
57 81 0 60,58 "k_6";
58 80 1 59,56,1 "h_6";
59 83 0 61,56 "l_6";
60 331 0 62 "a_7";
61 332 1 68 "d_7";
62 85 0 63,64,0 "c_7";
63 88 1 70,64 "e_7";
64 87 0 62,65,0 "m_7";
65 90 1 71,62 "f_7";
66 92 1 68,67,1 "g_7";
67 95 0 70,68 "k_7";
68 94 1 69,66,1 "h_7";
69 97 0 71,66 "l_7";
70 333 0 72 "a_8";
71 334 1 78 "d_8";
72 99 0 73,74,0 "c_8";
73 102 1 80,74 "e_8";
74 101 0 72,75,0 "m_8";
75 104 1 81,72 "f_8";
76 106 1 78,77,1 "g_8";
77 109 0 80,78 "k_8";
78 108 1 79,76,1 "h_8";
79 111 0 81,76 "l_8";
80 335 0 82 "a_9";
81 336 1 88 "d_9";
82 113 0 83,84,0 "c_9";
83 116 1 90,84 "e_9";
84 115 0 82,85,0 "m_9";
85 118 1 91,82 "f_9";
86 120 1 88,87,1 "g_9";
87 123 0 90,88 "k_9";
88 122 1 89,86,1 "h_9";
89 125 0 91,86 "l_9";
90 337 0 92 "a_10";
91 338 1 98 "d_10";
92 127 0 93,94,0 "c_10";
93 130 1 100,94 "e_10";
94 129 0 92,95,0 "m_10";
95 132 1 101,92 "f_10";
96 134 1 98,97,1 "g_10";
97 137 0 100,98 "k_10";
98 136 1 99,96,1 "h_10";
99 139 0 101,96 "l_10";
100 339 0 102 "a_11";
101 340 1 108 "d_11";
102 141 0 103,104,0 "c_11";
103 144 1 110,104 "e_11";
104 143 0 102,105,0 "m_11";
105 146 1 111,102 "f_11";
106 148 1 108,107,1 "g_11";
107 151 0 110,108 "k_11";
108 150 1 109,106,1 "h_11";
109 153 0 111,106 "l_11";
110 341 0 112 "a_12";
111 342 1 118 "d_12";
112 155 0 113,114,0 "c_12";
113 158 1 120,114 "e_12";
114 157 0 112,115,0 "m_12";
115 160 1 121,112 "f_12";
116 162 1 118,117,1 "g_12";
117 165 0 120,118 "k_12";
118 164 1 119,116,1 "h_12";
119 167 0 121,116 "l_12";
120 343 0 122 "a_13";
121 344 1 128 "d_13";
122 169 0 123,124,0 "c_13";
123 172 1 130,124 "e_13";
124 171 0 122,125,0 "m_13";
125 174 1 131,122 "f_13";
126 176 1 128,127,1 "g_13";
127 179 0 130,128 "k_13";
128 178 1 129,126,1 "h_13";
129 181 0 131,126 "l_13";
130 345 0 132 "a_14";
131 346 1 138 "d_14";
132 183 0 133,134,0 "c_14";
133 186 1 140,134 "e_14";
134 185 0 132,135,0 "m_14";
135 188 1 141,132 "f_14";
136 190 1 138,137,1 "g_14";
137 193 0 140,138 "k_14";
138 192 1 139,136,1 "h_14";
139 195 0 141,136 "l_14";
140 347 0 142 "a_15";
141 348 1 148 "d_15";
142 197 0 143,144,0 "c_15";
143 200 1 150,144 "e_15";
144 199 0 142,145,0 "m_15";
145 202 1 151,142 "f_15";
146 204 1 148,147,1 "g_15";
147 207 0 150,148 "k_15";
148 206 1 149,146,1 "h_15";
149 209 0 151,146 "l_15";
150 349 0 152 "a_16";
151 350 1 158 "d_16";
152 211 0 153,154,0 "c_16";
153 214 1 160,154 "e_16";
154 213 0 152,155,0 "m_16";
155 216 1 161,152 "f_16";
156 218 1 158,157,1 "g_16";
157 221 0 160,158 "k_16";
158 220 1 159,156,1 "h_16";
159 223 0 161,156 "l_16";
160 351 0 162 "a_17";
161 352 1 168 "d_17";
162 225 0 163,164,0 "c_17";
163 228 1 170,164 "e_17";
164 227 0 162,165,0 "m_17";
165 230 1 171,162 "f_17";
166 232 1 168,167,1 "g_17";
167 235 0 170,168 "k_17";
168 234 1 169,166,1 "h_17";
169 237 0 171,166 "l_17";
170 353 0 172 "a_18";
171 354 1 178 "d_18";
172 239 0 173,174,0 "c_18";
173 242 1 180,174 "e_18";
174 241 0 172,175,0 "m_18";
175 244 1 181,172 "f_18";
176 246 1 178,177,1 "g_18";
177 249 0 180,178 "k_18";
178 248 1 179,176,1 "h_18";
179 251 0 181,176 "l_18";
180 355 0 182 "a_19";
181 356 1 188 "d_19";
182 253 0 183,184,0 "c_19";
183 256 1 190,184 "e_19";
184 255 0 182,185,0 "m_19";
185 258 1 191,182 "f_19";
186 260 1 188,187,1 "g_19";
187 263 0 190,188 "k_19";
188 262 1 189,186,1 "h_19";
189 265 0 191,186 "l_19";
190 1 0 190,0 "a_20";
191 2 1 191,1 "d_20";
