parity 52;
0 95 0 2 "a_1";
1 96 1 8 "d_1";
2 1 0 3,4,0 "c_1";
3 4 1 10,4 "e_1";
4 3 0 2,5,0 "m_1";
5 6 1 11,2 "f_1";
6 8 1 8,7,1 "g_1";
7 11 0 10,8 "k_1";
8 10 1 9,6,1 "h_1";
9 13 0 11,6 "l_1";
10 97 0 12 "a_2";
11 98 1 18 "d_2";
12 15 0 13,14,0 "c_2";
13 18 1 20,14 "e_2";
14 17 0 12,15,0 "m_2";
15 20 1 21,12 "f_2";
16 22 1 18,17,1 "g_2";
17 25 0 20,18 "k_2";
18 24 1 19,16,1 "h_2";
19 27 0 21,16 "l_2";
20 99 0 22 "a_3";
21 100 1 28 "d_3";
22 29 0 23,24,0 "c_3";
23 32 1 30,24 "e_3";
24 31 0 22,25,0 "m_3";
25 34 1 31,22 "f_3";
26 36 1 28,27,1 "g_3";
27 39 0 30,28 "k_3";
28 38 1 29,26,1 "h_3";
29 41 0 31,26 "l_3";
30 101 0 32 "a_4";
31 102 1 38 "d_4";
32 43 0 33,34,0 "c_4";
33 46 1 40,34 "e_4";
34 45 0 32,35,0 "m_4";
35 48 1 41,32 "f_4";
36 50 1 38,37,1 "g_4";
37 53 0 40,38 "k_4";
38 52 1 39,36,1 "h_4";
39 55 0 41,36 "l_4";
40 103 0 42 "a_5";
41 104 1 48 "d_5";
42 57 0 43,44,0 "c_5";
43 60 1 50,44 "e_5";
44 59 0 42,45,0 "m_5";
45 62 1 51,42 "f_5";
46 64 1 48,47,1 "g_5";
47 67 0 50,48 "k_5";
48 66 1 49,46,1 "h_5";
49 69 0 51,46 "l_5";
50 1 0 50,0 "a_6";
51 2 1 51,1 "d_6";
