parity 452;
0 735 0 2 "a_1";
1 736 1 8 "d_1";
2 1 0 3,4,0 "c_1";
3 4 1 10,4 "e_1";
4 3 0 2,5,0 "m_1";
5 6 1 11,2 "f_1";
6 8 1 8,7,1 "g_1";
7 11 0 10,8 "k_1";
8 10 1 9,6,1 "h_1";
9 13 0 11,6 "l_1";
10 737 0 12 "a_2";
11 738 1 18 "d_2";
12 15 0 13,14,0 "c_2";
13 18 1 20,14 "e_2";
14 17 0 12,15,0 "m_2";
15 20 1 21,12 "f_2";
16 22 1 18,17,1 "g_2";
17 25 0 20,18 "k_2";
18 24 1 19,16,1 "h_2";
19 27 0 21,16 "l_2";
20 739 0 22 "a_3";
21 740 1 28 "d_3";
22 29 0 23,24,0 "c_3";
23 32 1 30,24 "e_3";
24 31 0 22,25,0 "m_3";
25 34 1 31,22 "f_3";
26 36 1 28,27,1 "g_3";
27 39 0 30,28 "k_3";
28 38 1 29,26,1 "h_3";
29 41 0 31,26 "l_3";
30 741 0 32 "a_4";
31 742 1 38 "d_4";
32 43 0 33,34,0 "c_4";
33 46 1 40,34 "e_4";
34 45 0 32,35,0 "m_4";
35 48 1 41,32 "f_4";
36 50 1 38,37,1 "g_4";
37 53 0 40,38 "k_4";
38 52 1 39,36,1 "h_4";
39 55 0 41,36 "l_4";
40 743 0 42 "a_5";
41 744 1 48 "d_5";
42 57 0 43,44,0 "c_5";
43 60 1 50,44 "e_5";
44 59 0 42,45,0 "m_5";
45 62 1 51,42 "f_5";
46 64 1 48,47,1 "g_5";
47 67 0 50,48 "k_5";
48 66 1 49,46,1 "h_5";
49 69 0 51,46 "l_5";
50 745 0 52 "a_6";
51 746 1 58 "d_6";
52 71 0 53,54,0 "c_6";
53 74 1 60,54 "e_6";
54 73 0 52,55,0 "m_6";
55 76 1 61,52 "f_6";
56 78 1 58,57,1 "g_6";
57 81 0 60,58 "k_6";
58 80 1 59,56,1 "h_6";
59 83 0 61,56 "l_6";
60 747 0 62 "a_7";
61 748 1 68 "d_7";
62 85 0 63,64,0 "c_7";
63 88 1 70,64 "e_7";
64 87 0 62,65,0 "m_7";
65 90 1 71,62 "f_7";
66 92 1 68,67,1 "g_7";
67 95 0 70,68 "k_7";
68 94 1 69,66,1 "h_7";
69 97 0 71,66 "l_7";
70 749 0 72 "a_8";
71 750 1 78 "d_8";
72 99 0 73,74,0 "c_8";
73 102 1 80,74 "e_8";
74 101 0 72,75,0 "m_8";
75 104 1 81,72 "f_8";
76 106 1 78,77,1 "g_8";
77 109 0 80,78 "k_8";
78 108 1 79,76,1 "h_8";
79 111 0 81,76 "l_8";
80 751 0 82 "a_9";
81 752 1 88 "d_9";
82 113 0 83,84,0 "c_9";
83 116 1 90,84 "e_9";
84 115 0 82,85,0 "m_9";
85 118 1 91,82 "f_9";
86 120 1 88,87,1 "g_9";
87 123 0 90,88 "k_9";
88 122 1 89,86,1 "h_9";
89 125 0 91,86 "l_9";
90 753 0 92 "a_10";
91 754 1 98 "d_10";
92 127 0 93,94,0 "c_10";
93 130 1 100,94 "e_10";
94 129 0 92,95,0 "m_10";
95 132 1 101,92 "f_10";
96 134 1 98,97,1 "g_10";
97 137 0 100,98 "k_10";
98 136 1 99,96,1 "h_10";
99 139 0 101,96 "l_10";
100 755 0 102 "a_11";
101 756 1 108 "d_11";
102 141 0 103,104,0 "c_11";
103 144 1 110,104 "e_11";
104 143 0 102,105,0 "m_11";
105 146 1 111,102 "f_11";
106 148 1 108,107,1 "g_11";
107 151 0 110,108 "k_11";
108 150 1 109,106,1 "h_11";
109 153 0 111,106 "l_11";
110 757 0 112 "a_12";
111 758 1 118 "d_12";
112 155 0 113,114,0 "c_12";
113 158 1 120,114 "e_12";
114 157 0 112,115,0 "m_12";
115 160 1 121,112 "f_12";
116 162 1 118,117,1 "g_12";
117 165 0 120,118 "k_12";
118 164 1 119,116,1 "h_12";
119 167 0 121,116 "l_12";
120 759 0 122 "a_13";
121 760 1 128 "d_13";
122 169 0 123,124,0 "c_13";
123 172 1 130,124 "e_13";
124 171 0 122,125,0 "m_13";
125 174 1 131,122 "f_13";
126 176 1 128,127,1 "g_13";
127 179 0 130,128 "k_13";
128 178 1 129,126,1 "h_13";
129 181 0 131,126 "l_13";
130 761 0 132 "a_14";
131 762 1 138 "d_14";
132 183 0 133,134,0 "c_14";
133 186 1 140,134 "e_14";
134 185 0 132,135,0 "m_14";
135 188 1 141,132 "f_14";
136 190 1 138,137,1 "g_14";
137 193 0 140,138 "k_14";
138 192 1 139,136,1 "h_14";
139 195 0 141,136 "l_14";
140 763 0 142 "a_15";
141 764 1 148 "d_15";
142 197 0 143,144,0 "c_15";
143 200 1 150,144 "e_15";
144 199 0 142,145,0 "m_15";
145 202 1 151,142 "f_15";
146 204 1 148,147,1 "g_15";
147 207 0 150,148 "k_15";
148 206 1 149,146,1 "h_15";
149 209 0 151,146 "l_15";
150 765 0 152 "a_16";
151 766 1 158 "d_16";
152 211 0 153,154,0 "c_16";
153 214 1 160,154 "e_16";
154 213 0 152,155,0 "m_16";
155 216 1 161,152 "f_16";
156 218 1 158,157,1 "g_16";
157 221 0 160,158 "k_16";
158 220 1 159,156,1 "h_16";
159 223 0 161,156 "l_16";
160 767 0 162 "a_17";
161 768 1 168 "d_17";
162 225 0 163,164,0 "c_17";
163 228 1 170,164 "e_17";
164 227 0 162,165,0 "m_17";
165 230 1 171,162 "f_17";
166 232 1 168,167,1 "g_17";
167 235 0 170,168 "k_17";
168 234 1 169,166,1 "h_17";
169 237 0 171,166 "l_17";
170 769 0 172 "a_18";
171 770 1 178 "d_18";
172 239 0 173,174,0 "c_18";
173 242 1 180,174 "e_18";
174 241 0 172,175,0 "m_18";
175 244 1 181,172 "f_18";
176 246 1 178,177,1 "g_18";
177 249 0 180,178 "k_18";
178 248 1 179,176,1 "h_18";
179 251 0 181,176 "l_18";
180 771 0 182 "a_19";
181 772 1 188 "d_19";
182 253 0 183,184,0 "c_19";
183 256 1 190,184 "e_19";
184 255 0 182,185,0 "m_19";
185 258 1 191,182 "f_19";
186 260 1 188,187,1 "g_19";
187 263 0 190,188 "k_19";
188 262 1 189,186,1 "h_19";
189 265 0 191,186 "l_19";
190 773 0 192 "a_20";
191 774 1 198 "d_20";
192 267 0 193,194,0 "c_20";
193 270 1 200,194 "e_20";
194 269 0 192,195,0 "m_20";
195 272 1 201,192 "f_20";
196 274 1 198,197,1 "g_20";
197 277 0 200,198 "k_20";
198 276 1 199,196,1 "h_20";
199 279 0 201,196 "l_20";
200 775 0 202 "a_21";
201 776 1 208 "d_21";
202 281 0 203,204,0 "c_21";
203 284 1 210,204 "e_21";
204 283 0 202,205,0 "m_21";
205 286 1 211,202 "f_21";
206 288 1 208,207,1 "g_21";
207 291 0 210,208 "k_21";
208 290 1 209,206,1 "h_21";
209 293 0 211,206 "l_21";
210 777 0 212 "a_22";
211 778 1 218 "d_22";
212 295 0 213,214,0 "c_22";
213 298 1 220,214 "e_22";
214 297 0 212,215,0 "m_22";
215 300 1 221,212 "f_22";
216 302 1 218,217,1 "g_22";
217 305 0 220,218 "k_22";
218 304 1 219,216,1 "h_22";
219 307 0 221,216 "l_22";
220 779 0 222 "a_23";
221 780 1 228 "d_23";
222 309 0 223,224,0 "c_23";
223 312 1 230,224 "e_23";
224 311 0 222,225,0 "m_23";
225 314 1 231,222 "f_23";
226 316 1 228,227,1 "g_23";
227 319 0 230,228 "k_23";
228 318 1 229,226,1 "h_23";
229 321 0 231,226 "l_23";
230 781 0 232 "a_24";
231 782 1 238 "d_24";
232 323 0 233,234,0 "c_24";
233 326 1 240,234 "e_24";
234 325 0 232,235,0 "m_24";
235 328 1 241,232 "f_24";
236 330 1 238,237,1 "g_24";
237 333 0 240,238 "k_24";
238 332 1 239,236,1 "h_24";
239 335 0 241,236 "l_24";
240 783 0 242 "a_25";
241 784 1 248 "d_25";
242 337 0 243,244,0 "c_25";
243 340 1 250,244 "e_25";
244 339 0 242,245,0 "m_25";
245 342 1 251,242 "f_25";
246 344 1 248,247,1 "g_25";
247 347 0 250,248 "k_25";
248 346 1 249,246,1 "h_25";
249 349 0 251,246 "l_25";
250 785 0 252 "a_26";
251 786 1 258 "d_26";
252 351 0 253,254,0 "c_26";
253 354 1 260,254 "e_26";
254 353 0 252,255,0 "m_26";
255 356 1 261,252 "f_26";
256 358 1 258,257,1 "g_26";
257 361 0 260,258 "k_26";
258 360 1 259,256,1 "h_26";
259 363 0 261,256 "l_26";
260 787 0 262 "a_27";
261 788 1 268 "d_27";
262 365 0 263,264,0 "c_27";
263 368 1 270,264 "e_27";
264 367 0 262,265,0 "m_27";
265 370 1 271,262 "f_27";
266 372 1 268,267,1 "g_27";
267 375 0 270,268 "k_27";
268 374 1 269,266,1 "h_27";
269 377 0 271,266 "l_27";
270 789 0 272 "a_28";
271 790 1 278 "d_28";
272 379 0 273,274,0 "c_28";
273 382 1 280,274 "e_28";
274 381 0 272,275,0 "m_28";
275 384 1 281,272 "f_28";
276 386 1 278,277,1 "g_28";
277 389 0 280,278 "k_28";
278 388 1 279,276,1 "h_28";
279 391 0 281,276 "l_28";
280 791 0 282 "a_29";
281 792 1 288 "d_29";
282 393 0 283,284,0 "c_29";
283 396 1 290,284 "e_29";
284 395 0 282,285,0 "m_29";
285 398 1 291,282 "f_29";
286 400 1 288,287,1 "g_29";
287 403 0 290,288 "k_29";
288 402 1 289,286,1 "h_29";
289 405 0 291,286 "l_29";
290 793 0 292 "a_30";
291 794 1 298 "d_30";
292 407 0 293,294,0 "c_30";
293 410 1 300,294 "e_30";
294 409 0 292,295,0 "m_30";
295 412 1 301,292 "f_30";
296 414 1 298,297,1 "g_30";
297 417 0 300,298 "k_30";
298 416 1 299,296,1 "h_30";
299 419 0 301,296 "l_30";
300 795 0 302 "a_31";
301 796 1 308 "d_31";
302 421 0 303,304,0 "c_31";
303 424 1 310,304 "e_31";
304 423 0 302,305,0 "m_31";
305 426 1 311,302 "f_31";
306 428 1 308,307,1 "g_31";
307 431 0 310,308 "k_31";
308 430 1 309,306,1 "h_31";
309 433 0 311,306 "l_31";
310 797 0 312 "a_32";
311 798 1 318 "d_32";
312 435 0 313,314,0 "c_32";
313 438 1 320,314 "e_32";
314 437 0 312,315,0 "m_32";
315 440 1 321,312 "f_32";
316 442 1 318,317,1 "g_32";
317 445 0 320,318 "k_32";
318 444 1 319,316,1 "h_32";
319 447 0 321,316 "l_32";
320 799 0 322 "a_33";
321 800 1 328 "d_33";
322 449 0 323,324,0 "c_33";
323 452 1 330,324 "e_33";
324 451 0 322,325,0 "m_33";
325 454 1 331,322 "f_33";
326 456 1 328,327,1 "g_33";
327 459 0 330,328 "k_33";
328 458 1 329,326,1 "h_33";
329 461 0 331,326 "l_33";
330 801 0 332 "a_34";
331 802 1 338 "d_34";
332 463 0 333,334,0 "c_34";
333 466 1 340,334 "e_34";
334 465 0 332,335,0 "m_34";
335 468 1 341,332 "f_34";
336 470 1 338,337,1 "g_34";
337 473 0 340,338 "k_34";
338 472 1 339,336,1 "h_34";
339 475 0 341,336 "l_34";
340 803 0 342 "a_35";
341 804 1 348 "d_35";
342 477 0 343,344,0 "c_35";
343 480 1 350,344 "e_35";
344 479 0 342,345,0 "m_35";
345 482 1 351,342 "f_35";
346 484 1 348,347,1 "g_35";
347 487 0 350,348 "k_35";
348 486 1 349,346,1 "h_35";
349 489 0 351,346 "l_35";
350 805 0 352 "a_36";
351 806 1 358 "d_36";
352 491 0 353,354,0 "c_36";
353 494 1 360,354 "e_36";
354 493 0 352,355,0 "m_36";
355 496 1 361,352 "f_36";
356 498 1 358,357,1 "g_36";
357 501 0 360,358 "k_36";
358 500 1 359,356,1 "h_36";
359 503 0 361,356 "l_36";
360 807 0 362 "a_37";
361 808 1 368 "d_37";
362 505 0 363,364,0 "c_37";
363 508 1 370,364 "e_37";
364 507 0 362,365,0 "m_37";
365 510 1 371,362 "f_37";
366 512 1 368,367,1 "g_37";
367 515 0 370,368 "k_37";
368 514 1 369,366,1 "h_37";
369 517 0 371,366 "l_37";
370 809 0 372 "a_38";
371 810 1 378 "d_38";
372 519 0 373,374,0 "c_38";
373 522 1 380,374 "e_38";
374 521 0 372,375,0 "m_38";
375 524 1 381,372 "f_38";
376 526 1 378,377,1 "g_38";
377 529 0 380,378 "k_38";
378 528 1 379,376,1 "h_38";
379 531 0 381,376 "l_38";
380 811 0 382 "a_39";
381 812 1 388 "d_39";
382 533 0 383,384,0 "c_39";
383 536 1 390,384 "e_39";
384 535 0 382,385,0 "m_39";
385 538 1 391,382 "f_39";
386 540 1 388,387,1 "g_39";
387 543 0 390,388 "k_39";
388 542 1 389,386,1 "h_39";
389 545 0 391,386 "l_39";
390 813 0 392 "a_40";
391 814 1 398 "d_40";
392 547 0 393,394,0 "c_40";
393 550 1 400,394 "e_40";
394 549 0 392,395,0 "m_40";
395 552 1 401,392 "f_40";
396 554 1 398,397,1 "g_40";
397 557 0 400,398 "k_40";
398 556 1 399,396,1 "h_40";
399 559 0 401,396 "l_40";
400 815 0 402 "a_41";
401 816 1 408 "d_41";
402 561 0 403,404,0 "c_41";
403 564 1 410,404 "e_41";
404 563 0 402,405,0 "m_41";
405 566 1 411,402 "f_41";
406 568 1 408,407,1 "g_41";
407 571 0 410,408 "k_41";
408 570 1 409,406,1 "h_41";
409 573 0 411,406 "l_41";
410 817 0 412 "a_42";
411 818 1 418 "d_42";
412 575 0 413,414,0 "c_42";
413 578 1 420,414 "e_42";
414 577 0 412,415,0 "m_42";
415 580 1 421,412 "f_42";
416 582 1 418,417,1 "g_42";
417 585 0 420,418 "k_42";
418 584 1 419,416,1 "h_42";
419 587 0 421,416 "l_42";
420 819 0 422 "a_43";
421 820 1 428 "d_43";
422 589 0 423,424,0 "c_43";
423 592 1 430,424 "e_43";
424 591 0 422,425,0 "m_43";
425 594 1 431,422 "f_43";
426 596 1 428,427,1 "g_43";
427 599 0 430,428 "k_43";
428 598 1 429,426,1 "h_43";
429 601 0 431,426 "l_43";
430 821 0 432 "a_44";
431 822 1 438 "d_44";
432 603 0 433,434,0 "c_44";
433 606 1 440,434 "e_44";
434 605 0 432,435,0 "m_44";
435 608 1 441,432 "f_44";
436 610 1 438,437,1 "g_44";
437 613 0 440,438 "k_44";
438 612 1 439,436,1 "h_44";
439 615 0 441,436 "l_44";
440 823 0 442 "a_45";
441 824 1 448 "d_45";
442 617 0 443,444,0 "c_45";
443 620 1 450,444 "e_45";
444 619 0 442,445,0 "m_45";
445 622 1 451,442 "f_45";
446 624 1 448,447,1 "g_45";
447 627 0 450,448 "k_45";
448 626 1 449,446,1 "h_45";
449 629 0 451,446 "l_45";
450 1 0 450,0 "a_46";
451 2 1 451,1 "d_46";
