parity 122;
0 207 0 2 "a_1";
1 208 1 8 "d_1";
2 1 0 3,4,0 "c_1";
3 4 1 10,4 "e_1";
4 3 0 2,5,0 "m_1";
5 6 1 11,2 "f_1";
6 8 1 8,7,1 "g_1";
7 11 0 10,8 "k_1";
8 10 1 9,6,1 "h_1";
9 13 0 11,6 "l_1";
10 209 0 12 "a_2";
11 210 1 18 "d_2";
12 15 0 13,14,0 "c_2";
13 18 1 20,14 "e_2";
14 17 0 12,15,0 "m_2";
15 20 1 21,12 "f_2";
16 22 1 18,17,1 "g_2";
17 25 0 20,18 "k_2";
18 24 1 19,16,1 "h_2";
19 27 0 21,16 "l_2";
20 211 0 22 "a_3";
21 212 1 28 "d_3";
22 29 0 23,24,0 "c_3";
23 32 1 30,24 "e_3";
24 31 0 22,25,0 "m_3";
25 34 1 31,22 "f_3";
26 36 1 28,27,1 "g_3";
27 39 0 30,28 "k_3";
28 38 1 29,26,1 "h_3";
29 41 0 31,26 "l_3";
30 213 0 32 "a_4";
31 214 1 38 "d_4";
32 43 0 33,34,0 "c_4";
33 46 1 40,34 "e_4";
34 45 0 32,35,0 "m_4";
35 48 1 41,32 "f_4";
36 50 1 38,37,1 "g_4";
37 53 0 40,38 "k_4";
38 52 1 39,36,1 "h_4";
39 55 0 41,36 "l_4";
40 215 0 42 "a_5";
41 216 1 48 "d_5";
42 57 0 43,44,0 "c_5";
43 60 1 50,44 "e_5";
44 59 0 42,45,0 "m_5";
45 62 1 51,42 "f_5";
46 64 1 48,47,1 "g_5";
47 67 0 50,48 "k_5";
48 66 1 49,46,1 "h_5";
49 69 0 51,46 "l_5";
50 217 0 52 "a_6";
51 218 1 58 "d_6";
52 71 0 53,54,0 "c_6";
53 74 1 60,54 "e_6";
54 73 0 52,55,0 "m_6";
55 76 1 61,52 "f_6";
56 78 1 58,57,1 "g_6";
57 81 0 60,58 "k_6";
58 80 1 59,56,1 "h_6";
59 83 0 61,56 "l_6";
60 219 0 62 "a_7";
61 220 1 68 "d_7";
62 85 0 63,64,0 "c_7";
63 88 1 70,64 "e_7";
64 87 0 62,65,0 "m_7";
65 90 1 71,62 "f_7";
66 92 1 68,67,1 "g_7";
67 95 0 70,68 "k_7";
68 94 1 69,66,1 "h_7";
69 97 0 71,66 "l_7";
70 221 0 72 "a_8";
71 222 1 78 "d_8";
72 99 0 73,74,0 "c_8";
73 102 1 80,74 "e_8";
74 101 0 72,75,0 "m_8";
75 104 1 81,72 "f_8";
76 106 1 78,77,1 "g_8";
77 109 0 80,78 "k_8";
78 108 1 79,76,1 "h_8";
79 111 0 81,76 "l_8";
80 223 0 82 "a_9";
81 224 1 88 "d_9";
82 113 0 83,84,0 "c_9";
83 116 1 90,84 "e_9";
84 115 0 82,85,0 "m_9";
85 118 1 91,82 "f_9";
86 120 1 88,87,1 "g_9";
87 123 0 90,88 "k_9";
88 122 1 89,86,1 "h_9";
89 125 0 91,86 "l_9";
90 225 0 92 "a_10";
91 226 1 98 "d_10";
92 127 0 93,94,0 "c_10";
93 130 1 100,94 "e_10";
94 129 0 92,95,0 "m_10";
95 132 1 101,92 "f_10";
96 134 1 98,97,1 "g_10";
97 137 0 100,98 "k_10";
98 136 1 99,96,1 "h_10";
99 139 0 101,96 "l_10";
100 227 0 102 "a_11";
101 228 1 108 "d_11";
102 141 0 103,104,0 "c_11";
103 144 1 110,104 "e_11";
104 143 0 102,105,0 "m_11";
105 146 1 111,102 "f_11";
106 148 1 108,107,1 "g_11";
107 151 0 110,108 "k_11";
108 150 1 109,106,1 "h_11";
109 153 0 111,106 "l_11";
110 229 0 112 "a_12";
111 230 1 118 "d_12";
112 155 0 113,114,0 "c_12";
113 158 1 120,114 "e_12";
114 157 0 112,115,0 "m_12";
115 160 1 121,112 "f_12";
116 162 1 118,117,1 "g_12";
117 165 0 120,118 "k_12";
118 164 1 119,116,1 "h_12";
119 167 0 121,116 "l_12";
120 1 0 120,0 "a_13";
121 2 1 121,1 "d_13";
